user_id,graph_risk_score,community_id,counterfactual_drop,epidemic_decay_factor,federated_ring_detected
u_0,0.8137769878021881,161,0.813,0.677,1.0
u_1,1.0,61,0.999,0.832,1.0
u_2,0.0023526656797114402,926,0.0,0.008,0.0
u_3,1.0,87,0.999,0.722,1.0
u_4,1.0,168,0.999,0.851,1.0
u_5,1.0,222,0.999,0.817,1.0
u_6,1.0,89,0.999,0.889,1.0
u_7,1.0,222,0.999,0.935,1.0
u_8,0.2575391307904498,162,0.0,0.413,0.0
u_9,0.1936069078837256,254,0.0,0.412,0.0
u_10,0.34155702075149014,77,0.0,0.594,0.0
u_11,0.03932696903376633,1193,0.0,0.106,0.0
u_12,0.5666275442434786,419,0.0,0.538,0.0
u_13,0.03731091347884121,89,0.0,0.137,0.0
u_14,0.8003832983917284,266,0.8,0.957,1.0
u_15,0.4637885778078588,222,0.0,0.678,0.0
u_16,0.12048087290214239,168,0.0,0.136,0.0
u_17,0.00029040119998715734,352,0.0,0.001,0.0
u_18,0.18385059067418513,358,0.0,0.176,0.0
u_19,0.3236061818243188,77,0.0,0.616,0.0
u_20,0.3749175102930928,5,0.0,0.551,0.0
u_21,0.058664894564617785,297,0.0,0.272,0.0
u_22,0.5987712335881727,74,0.0,0.497,0.0
u_23,0.41064104448416633,22,0.0,0.871,0.0
u_24,0.0,-1,0.0,,
u_25,0.7213227811632974,49,0.721,0.764,1.0
u_26,0.715592899901784,402,0.715,0.906,1.0
u_27,0.20471492374014388,1214,0.0,0.787,0.0
u_28,0.00018115607438351343,168,0.0,0.001,0.0
u_29,0.011816803631350804,83,0.0,0.038,0.0
u_30,0.6599629084247985,1126,0.0,0.971,0.0
u_31,0.07684994813686939,61,0.0,0.291,0.0
u_32,0.1313346894884683,61,0.0,0.276,0.0
u_33,0.9162135947736998,112,0.916,0.966,1.0
u_34,0.11707497461491678,904,0.0,0.203,0.0
u_35,0.08508887909632232,85,0.0,0.787,0.0
u_36,0.28875798616232373,670,0.0,0.78,0.0
u_37,0.18677448880895697,297,0.0,0.503,0.0
u_38,0.10353530513079777,53,0.0,0.334,0.0
u_39,0.19385864839213623,71,0.0,0.523,0.0
u_40,0.04121057160216426,978,0.0,0.787,0.0
u_41,0.561075910605517,161,0.0,0.635,0.0
u_42,0.28518883634364267,277,0.0,0.602,0.0
u_43,0.16589554894692676,244,0.0,0.787,0.0
u_44,0.012116493271029684,380,0.0,0.078,0.0
u_45,0.2582283948522862,472,0.0,0.553,0.0
u_46,0.29127969354583283,207,0.0,0.921,0.0
u_47,0.4825852934762537,5,0.0,0.84,0.0
u_48,0.21484507700351124,1005,0.0,0.815,0.0
u_49,0.0018710106590911957,1377,0.0,0.007,0.0
u_50,0.16711159950691795,742,0.0,0.799,0.0
u_51,0.05446678247737098,131,0.0,0.149,0.0
u_52,0.001257735262464937,1329,0.0,0.008,0.0
u_53,0.0005670891965256147,2295,0.0,0.01,0.0
u_54,0.041122859625603095,363,0.0,0.155,0.0
u_55,0.017168726894974697,1097,0.0,0.046,0.0
u_56,0.8288136524909923,74,0.828,0.926,1.0
u_57,0.08417244290442442,2239,0.0,0.787,0.0
u_58,0.009905301719821845,162,0.0,0.021,0.0
u_59,0.00761106130838255,449,0.0,0.048,0.0
u_60,0.0008756882182626741,449,0.0,0.005,0.0
u_61,0.010726923787268881,3568,0.0,0.099,0.0
u_62,0.06889668399949045,266,0.0,0.333,0.0
u_63,0.0,-1,0.0,,
u_64,0.2596599891095616,904,0.0,0.724,0.0
u_65,0.010860379752418704,3078,0.0,0.069,0.0
u_66,0.0019563228455983,168,0.0,0.005,0.0
u_67,0.027442534437654452,168,0.0,0.131,0.0
u_68,0.0003325614173293907,1930,0.0,0.006,0.0
u_69,0.13845505475199316,797,0.0,0.541,0.0
u_70,0.3969985709468538,280,0.0,0.586,0.0
u_71,0.13285500580969048,1095,0.0,0.321,0.0
u_72,0.014959282011744261,3077,0.0,0.14,0.0
u_73,0.0015864128757673783,309,0.0,0.01,0.0
u_74,0.10406145474333796,498,0.0,0.246,0.0
u_75,0.08417531978986129,1446,0.0,0.787,0.0
u_76,0.0029758460911777605,931,0.0,0.014,0.0
u_77,0.40062131907067483,797,0.0,0.957,0.0
u_78,0.16124956386994155,1403,0.0,0.44,0.0
u_79,0.04066102019497589,118,0.0,0.111,0.0
u_80,0.06220088801494493,75,0.0,0.149,0.0
u_81,0.13085442998898086,416,0.0,0.314,0.0
u_82,0.0013307688149010717,223,0.0,0.006,0.0
u_83,0.0006576325159115357,1,0.0,0.006,0.0
u_84,0.1100577204859991,105,0.0,0.348,0.0
u_85,0.113529252763135,178,0.0,0.535,0.0
u_86,0.12159460813595524,222,0.0,0.451,0.0
u_87,0.08492626213212998,548,0.0,0.787,0.0
u_88,0.03040150131129037,2469,0.0,0.191,0.0
u_89,0.12586830085032114,176,0.0,0.345,0.0
u_90,0.0866579534678623,259,0.0,0.535,0.0
u_91,0.22955895514860825,473,0.0,0.399,0.0
u_92,0.22667504386560794,1282,0.0,0.868,0.0
u_93,0.0006474722709982441,74,0.0,0.002,0.0
u_94,0.03715152116769721,61,0.0,0.18,0.0
u_95,0.041085422814723487,174,0.0,0.099,0.0
u_96,0.00184917395056286,447,0.0,0.007,0.0
u_97,0.11202109963461923,867,0.0,0.269,0.0
u_98,0.0029827293608792986,391,0.0,0.008,0.0
u_99,0.39518876899537764,77,0.0,0.629,0.0
u_100,0.0847931478594164,274,0.0,0.525,0.0
u_101,0.043034914056465874,3043,0.0,0.787,0.0
u_102,0.16353490975523718,176,0.0,0.31,0.0
u_103,0.25429811159279164,739,0.0,0.692,0.0
u_104,0.08417531978986129,1749,0.0,0.787,0.0
u_105,0.14143063678731738,222,0.0,0.389,0.0
u_106,0.23412603145422012,274,0.0,0.557,0.0
u_107,0.14552990105725572,89,0.0,0.352,0.0
u_108,0.3860243774996453,118,0.0,0.566,0.0
u_109,0.0,-1,0.0,,
u_110,0.06684160311685551,277,0.0,0.323,0.0
u_111,0.08417531978986129,3324,0.0,0.787,0.0
u_112,0.04076908440296701,1033,0.0,0.787,0.0
u_113,0.4838621738812358,278,0.0,0.704,0.0
u_114,0.07023260152178429,89,0.0,0.263,0.0
u_115,0.15667238710148318,266,0.0,0.273,0.0
u_116,0.22343010850983605,168,0.0,0.707,0.0
u_117,0.2740051803101684,22,0.0,0.436,0.0
u_118,0.3041825234882323,89,0.0,0.951,0.0
u_119,0.017906381507530673,4229,0.0,0.327,0.0
u_120,0.006409546723530863,867,0.0,0.02,0.0
u_121,0.010121048306533941,2096,0.0,0.093,0.0
u_122,0.10839068007923926,316,0.0,0.255,0.0
u_123,0.002078343744924508,176,0.0,0.01,0.0
u_124,0.0,-1,0.0,,
u_125,0.014747833276890034,1524,0.0,0.046,0.0
u_126,0.00022897714316267114,485,0.0,0.001,0.0
u_127,0.04302865149614479,1814,0.0,0.787,0.0
u_128,0.00901868926140799,797,0.0,0.043,0.0
u_129,0.009723891664745283,2015,0.0,0.036,0.0
u_130,0.11171625502028358,168,0.0,0.304,0.0
u_131,0.18169469213613648,860,0.0,0.432,0.0
u_132,0.24123277901282478,258,0.0,0.653,0.0
u_133,0.08417531978986129,3771,0.0,0.787,0.0
u_134,0.0027722746026332622,30,0.0,0.011,0.0
u_135,0.13407078533269715,23,0.0,0.842,0.0
u_136,0.014541481657606704,1021,0.0,0.067,0.0
u_137,0.16660289622549893,266,0.0,0.632,0.0
u_138,0.357880279193127,457,0.0,0.967,0.0
u_139,0.11858292214017999,136,0.0,0.322,0.0
u_140,0.00013592423957978835,1280,0.0,0.003,0.0
u_141,0.045235720022020996,35,0.0,0.434,0.0
u_142,0.08360469054760472,118,0.0,0.787,0.0
u_143,0.043034914056465874,4308,0.0,0.787,0.0
u_144,0.014349089822436148,4131,0.0,0.262,0.0
u_145,0.0006910079830905261,1363,0.0,0.004,0.0
u_146,9.453092853767479e-05,349,0.0,0.002,0.0
u_147,0.04130106288806005,1130,0.0,0.158,0.0
u_148,0.015176353226503026,3848,0.0,0.142,0.0
u_149,0.1694783123496098,629,0.0,0.659,0.0
u_150,0.08309449996526051,2711,0.0,0.787,0.0
u_151,0.12985219794092295,1200,0.0,0.417,0.0
u_152,0.7688754595809782,7,0.768,0.913,1.0
u_153,0.3129817879065321,189,0.0,0.6,0.0
u_154,0.006196824010547447,3720,0.0,0.113,0.0
u_155,0.027337139122388564,313,0.0,0.174,0.0
u_156,0.6723536294593598,797,0.0,0.991,0.0
u_157,0.13427915363309845,22,0.0,0.427,0.0
u_158,0.06210957627104922,266,0.0,0.196,0.0
u_159,0.023435686437713706,87,0.0,0.152,0.0
u_160,0.0017027119292024064,235,0.0,0.011,0.0
u_161,0.08324625297268325,2322,0.0,0.312,0.0
u_162,0.18894065166410154,195,0.0,0.716,0.0
u_163,0.043034914056465874,2077,0.0,0.787,0.0
u_164,0.0032179158969470744,1063,0.0,0.012,0.0
u_165,0.006720881809363572,50,0.0,0.043,0.0
u_166,0.0,-1,0.0,,
u_167,0.004293079961658571,266,0.0,0.041,0.0
u_168,0.08417531978986129,638,0.0,0.787,0.0
u_169,0.12425329034791653,176,0.0,0.787,0.0
u_170,0.0,-1,0.0,,
u_171,0.0007326718732396924,1628,0.0,0.005,0.0
u_172,0.027201235472049178,104,0.0,0.129,0.0
u_173,0.007749008468598004,222,0.0,0.049,0.0
u_174,0.0,-1,0.0,,
u_175,0.00023424509553671065,809,0.0,0.001,0.0
u_176,0.00042953611113396927,222,0.0,0.004,0.0
u_177,0.006642791036687752,593,0.0,0.042,0.0
u_178,0.0054780417899970985,2882,0.0,0.051,0.0
u_179,0.0002629615253359421,629,0.0,0.003,0.0
u_180,0.029107712048159595,767,0.0,0.281,0.0
u_181,0.019099321253708307,274,0.0,0.123,0.0
u_182,0.04191369399032525,2322,0.0,0.787,0.0
u_183,0.0004920553833742243,189,0.0,0.002,0.0
u_184,0.0014056105766490216,49,0.0,0.005,0.0
u_185,0.007374758760695807,1976,0.0,0.071,0.0
u_186,0.0001308096813165069,136,0.0,0.001,0.0
u_187,0.044370613674311395,4493,0.0,0.787,0.0
u_188,0.0006845973769468108,243,0.0,0.003,0.0
u_189,0.043034914056465874,4545,0.0,0.787,0.0
u_190,0.015381010948591421,416,0.0,0.097,0.0
u_191,0.008336641544285801,227,0.0,0.04,0.0
u_192,0.0,-1,0.0,,
u_193,0.00024826161497448285,371,0.0,0.002,0.0
u_194,0.040634728022901544,126,0.0,0.787,0.0
u_195,0.01586215560693144,55,0.0,0.1,0.0
u_196,0.0007363730295113857,266,0.0,0.003,0.0
u_197,0.00016946255666687183,1441,0.0,0.003,0.0
u_198,0.00029072729335517144,326,0.0,0.001,0.0
u_199,0.0018438757247258265,1381,0.0,0.009,0.0
u_200,0.1248682817791302,2022,0.0,0.787,0.0
u_201,0.0364796380405246,3437,0.0,0.171,0.0
u_202,0.005478955454893551,1043,0.0,0.026,0.0
u_203,0.010138891058938919,416,0.0,0.095,0.0
u_204,0.0001409027355563259,203,0.0,0.001,0.0
u_205,0.08143094890293438,1373,0.0,0.787,0.0
u_206,0.03844588333266692,1285,0.0,0.241,0.0
u_207,0.043034914056465874,4047,0.0,0.787,0.0
u_208,0.02973991360053127,963,0.0,0.095,0.0
u_209,0.1441858590105064,7,0.0,0.934,0.0
u_210,0.0,-1,0.0,,
u_211,0.0009425892707343705,797,0.0,0.004,0.0
u_212,0.02207808496899593,1702,0.0,0.139,0.0
u_213,0.1679779215024917,615,0.0,0.791,0.0
u_214,0.11226720736574457,805,0.0,0.357,0.0
u_215,0.04351455670913892,136,0.0,0.787,0.0
u_216,0.002223576299138191,797,0.0,0.011,0.0
u_217,0.2098404116184988,176,0.0,0.674,0.0
u_218,0.01903748782915767,172,0.0,0.12,0.0
u_219,0.0,-1,0.0,,
u_220,0.043034914056465874,1227,0.0,0.787,0.0
u_221,0.03846281460181491,332,0.0,0.244,0.0
u_222,0.0008190918787202723,55,0.0,0.004,0.0
u_223,0.06583544455426338,161,0.0,0.639,0.0
u_224,0.02507305363813069,1120,0.0,0.119,0.0
u_225,0.047315656857850524,473,0.0,0.787,0.0
u_226,0.018968239123542185,2525,0.0,0.089,0.0
u_227,0.06889240578917488,678,0.0,0.661,0.0
u_228,0.1239013785714345,292,0.0,0.787,0.0
u_229,0.0008208580128733148,1462,0.0,0.005,0.0
u_230,0.08370018304247608,350,0.0,0.229,0.0
u_231,0.0,-1,0.0,,
u_232,0.005441031501966995,2286,0.0,0.051,0.0
u_233,0.07702378613889854,1877,0.0,0.72,0.0
u_234,0.043034914056465874,2759,0.0,0.787,0.0
u_235,0.0002854514905339796,506,0.0,0.003,0.0
u_236,0.04437152194653587,3121,0.0,0.787,0.0
u_237,0.043034914056465874,4741,0.0,0.787,0.0
u_238,0.1509576161301118,97,0.0,0.359,0.0
u_239,0.005037603716239907,173,0.0,0.094,0.0
u_240,0.00701752803812476,1626,0.0,0.044,0.0
u_241,0.09419809194310017,266,0.0,0.361,0.0
u_242,0.017347075597614947,1396,0.0,0.082,0.0
u_243,0.00020303509865285326,327,0.0,0.001,0.0
u_244,0.022131951561536377,3205,0.0,0.104,0.0
u_245,0.11812216867799848,222,0.0,0.552,0.0
u_246,0.0,-1,0.0,,
u_247,0.14160805788303202,358,0.0,0.888,0.0
u_248,0.19851628070813193,1788,0.0,0.478,0.0
u_249,0.08417531978986129,1268,0.0,0.787,0.0
u_250,0.0,-1,0.0,,
u_251,0.03988764111523896,136,0.0,0.787,0.0
u_252,0.1203198033100282,267,0.0,0.787,0.0
u_253,0.10372933094309304,81,0.0,0.647,0.0
u_254,0.08236861362986171,308,0.0,0.787,0.0
u_255,0.5957192181360224,547,0.0,0.946,0.0
u_256,0.07918957606452037,1200,0.0,0.499,0.0
u_257,0.05443273144015157,1354,0.0,0.483,0.0
u_258,0.14091086118548363,1821,0.0,0.439,0.0
u_259,0.002688561410805124,2881,0.0,0.025,0.0
u_260,0.0019722344442760277,1553,0.0,0.012,0.0
u_261,0.0,-1,0.0,,
u_262,0.20891022996977807,320,0.0,0.787,0.0
u_263,0.02450643205852358,377,0.0,0.094,0.0
u_264,0.0,-1,0.0,,
u_265,0.004741932875685092,3571,0.0,0.084,0.0
u_266,0.00024218919083269515,169,0.0,0.001,0.0
u_267,0.043791263530269076,222,0.0,0.139,0.0
u_268,0.021055490934252984,1593,0.0,0.132,0.0
u_269,0.08417531978986129,939,0.0,0.787,0.0
u_270,0.0005396601800386168,1028,0.0,0.005,0.0
u_271,0.11050445253580257,1471,0.0,0.416,0.0
u_272,0.001782929261887557,133,0.0,0.017,0.0
u_273,0.19725649520994717,796,0.0,0.936,0.0
u_274,0.0016349950182764415,87,0.0,0.016,0.0
u_275,0.0035252099135113595,3437,0.0,0.065,0.0
u_276,0.041081085176561206,1063,0.0,0.787,0.0
u_277,0.043034914056465874,4742,0.0,0.787,0.0
u_278,0.0,-1,0.0,,
u_279,0.005771326752526376,280,0.0,0.027,0.0
u_280,0.031423184123040064,797,0.0,0.119,0.0
u_281,0.07571079937937478,2374,0.0,0.36,0.0
u_282,0.0029816463310238087,3268,0.0,0.05,0.0
u_283,0.12347914714588652,771,0.0,0.787,0.0
u_284,0.08202940038602273,3323,0.0,0.787,0.0
u_285,0.049357975696246906,136,0.0,0.942,0.0
u_286,0.028898689081937257,633,0.0,0.138,0.0
u_287,0.0,-1,0.0,,
u_288,0.05438714703022903,2880,0.0,0.512,0.0
u_289,7.654095156458874e-05,784,0.0,0.001,0.0
u_290,0.003599289305137047,3136,0.0,0.066,0.0
u_291,0.1253157255232567,3164,0.0,0.787,0.0
u_292,0.08260425945132298,1659,0.0,0.787,0.0
u_293,0.007734556282103098,528,0.0,0.072,0.0
u_294,0.0,-1,0.0,,
u_295,0.0,-1,0.0,,
u_296,0.008030771693221452,1500,0.0,0.05,0.0
u_297,0.002501054522401631,2174,0.0,0.044,0.0
u_298,0.08417531978986129,453,0.0,0.787,0.0
u_299,0.09218419415998436,3716,0.0,0.573,0.0
u_300,0.0028256614009972494,1097,0.0,0.054,0.0
u_301,0.08417665836076349,40,0.0,0.787,0.0
u_302,0.05632743601799086,77,0.0,0.268,0.0
u_303,0.008791435184141553,49,0.0,0.024,0.0
u_304,0.00984899218467932,33,0.0,0.027,0.0
u_305,0.040523012507812844,846,0.0,0.787,0.0
u_306,0.02204536761784894,280,0.0,0.213,0.0
u_307,0.043034914056465874,2043,0.0,0.787,0.0
u_308,0.05203930205722607,442,0.0,0.486,0.0
u_309,0.12289086437273121,498,0.0,0.787,0.0
u_310,0.005179099339546126,12,0.0,0.02,0.0
u_311,0.08416663585108272,788,0.0,0.787,0.0
u_312,0.00025055673331924157,866,0.0,0.002,0.0
u_313,0.004696818944657289,1570,0.0,0.03,0.0
u_314,0.04087586589548737,517,0.0,0.787,0.0
u_315,0.24621901213368524,332,0.0,0.787,0.0
u_316,0.009118115781312252,1972,0.0,0.056,0.0
u_317,0.08109004628419349,155,0.0,0.787,0.0
u_318,0.0006239512107510828,87,0.0,0.006,0.0
u_319,0.023853438692294157,1363,0.0,0.091,0.0
u_320,0.0,-1,0.0,,
u_321,0.0009385931533870431,490,0.0,0.004,0.0
u_322,0.08161642022597823,2212,0.0,0.787,0.0
u_323,0.005957861134733522,22,0.0,0.019,0.0
u_324,0.3212976626614027,223,0.0,0.882,0.0
u_325,0.001968795036967808,162,0.0,0.012,0.0
u_326,0.1618953283597008,419,0.0,0.787,0.0
u_327,0.0,-1,0.0,,
u_328,0.000757684453465548,118,0.0,0.007,0.0
u_329,0.09182925272081012,2233,0.0,0.429,0.0
u_330,0.043034914056465874,4743,0.0,0.787,0.0
u_331,0.1245680506598073,83,0.0,0.787,0.0
u_332,0.0009274369121341512,820,0.0,0.003,0.0
u_333,0.002669374658266599,1480,0.0,0.026,0.0
u_334,0.0032322084309357076,646,0.0,0.021,0.0
u_335,0.0,-1,0.0,,
u_336,0.0,-1,0.0,,
u_337,0.002025374919640198,286,0.0,0.02,0.0
u_338,0.08469148079796442,1210,0.0,0.326,0.0
u_339,0.01623186041085157,1945,0.0,0.105,0.0
u_340,0.08369697846292537,2606,0.0,0.787,0.0
u_341,0.08076438271203736,7,0.0,0.787,0.0
u_342,0.08417531978986129,2758,0.0,0.787,0.0
u_343,0.0003550088042678006,481,0.0,0.006,0.0
u_344,0.00019602120132575752,1556,0.0,0.004,0.0
u_345,0.07543100631941196,1537,0.0,0.356,0.0
u_346,0.0013427510721337708,254,0.0,0.009,0.0
u_347,0.000881668810921205,1582,0.0,0.006,0.0
u_348,0.0004918214665091409,87,0.0,0.002,0.0
u_349,0.043176967660559756,313,0.0,0.138,0.0
u_350,0.043034914056465874,2434,0.0,0.787,0.0
u_351,0.008298818509606357,402,0.0,0.04,0.0
u_352,0.18373892988562968,2342,0.0,0.878,0.0
u_353,0.043034914056465874,4166,0.0,0.787,0.0
u_354,0.010740387094094674,578,0.0,0.205,0.0
u_355,0.043034914056465874,4744,0.0,0.787,0.0
u_356,0.0,-1,0.0,,
u_357,0.0,-1,0.0,,
u_358,0.13089397350520834,33,0.0,0.628,0.0
u_359,0.12577620720692023,35,0.0,0.787,0.0
u_360,0.04324194643403606,1219,0.0,0.209,0.0
u_361,0.01264806532134862,4089,0.0,0.231,0.0
u_362,0.10665876725660543,963,0.0,0.506,0.0
u_363,0.02012808962506782,85,0.0,0.128,0.0
u_364,0.04437110745781666,3719,0.0,0.787,0.0
u_365,0.20252848189892275,3333,0.0,0.957,0.0
u_366,0.0002279227414636972,1145,0.0,0.002,0.0
u_367,0.0014705046460406477,1471,0.0,0.028,0.0
u_368,0.008561207910610597,1023,0.0,0.041,0.0
u_369,0.18010131760320403,87,0.0,0.484,0.0
u_370,0.001021437061108971,1787,0.0,0.006,0.0
u_371,0.19617086810699244,174,0.0,0.936,0.0
u_372,0.04982807915822981,1285,0.0,0.485,0.0
u_373,0.21567365276782588,438,0.0,0.686,0.0
u_374,0.0,-1,0.0,,
u_375,0.0007378412626889488,438,0.0,0.003,0.0
u_376,0.0,-1,0.0,,
u_377,0.03466813193476977,1104,0.0,0.108,0.0
u_378,0.043034914056465874,3645,0.0,0.787,0.0
u_379,0.0,-1,0.0,,
u_380,0.07922812417698191,466,0.0,0.787,0.0
u_381,0.12331944428955181,1095,0.0,0.787,0.0
u_382,0.02935316363661215,49,0.0,0.141,0.0
u_383,0.0001700325838451736,897,0.0,0.002,0.0
u_384,0.003687487606763275,1955,0.0,0.034,0.0
u_385,0.0,-1,0.0,,
u_386,0.041194785168770814,363,0.0,0.787,0.0
u_387,0.0010216534465550741,222,0.0,0.018,0.0
u_388,0.00019259615384593332,1214,0.0,0.004,0.0
u_389,0.001536146093574621,234,0.0,0.014,0.0
u_390,0.0023660317191355417,2078,0.0,0.015,0.0
u_391,0.04222311995276973,61,0.0,0.787,0.0
u_392,0.16954047704802536,952,0.0,0.787,0.0
u_393,0.0,-1,0.0,,
u_394,0.007914551840502451,3854,0.0,0.145,0.0
u_395,0.12140368736157983,904,0.0,0.787,0.0
u_396,0.0,-1,0.0,,
u_397,0.0005889796240400837,1524,0.0,0.004,0.0
u_398,7.599684112044027e-05,713,0.0,0.001,0.0
u_399,0.12665294819231276,1541,0.0,0.787,0.0
u_400,0.000549493378063737,523,0.0,0.004,0.0
u_401,0.004983384277301032,222,0.0,0.097,0.0
u_402,0.085376532317194,1196,0.0,0.787,0.0
u_403,0.02467598285105031,534,0.0,0.078,0.0
u_404,0.00025539427503862695,1659,0.0,0.005,0.0
u_405,0.0,-1,0.0,,
u_406,0.018390260153826023,4243,0.0,0.336,0.0
u_407,0.0002694307914745886,936,0.0,0.002,0.0
u_408,0.0,-1,0.0,,
u_409,0.0,-1,0.0,,
u_410,0.030973403223667095,789,0.0,0.115,0.0
u_411,0.3090987583825664,277,0.0,0.971,0.0
u_412,0.0013182233535739604,2858,0.0,0.024,0.0
u_413,0.0,-1,0.0,,
u_414,0.08417531978986129,1388,0.0,0.787,0.0
u_415,0.0007094235595619013,49,0.0,0.002,0.0
u_416,0.1253157255232567,990,0.0,0.787,0.0
u_417,0.043034914056465874,4745,0.0,0.787,0.0
u_418,0.1263307062857339,288,0.0,0.787,0.0
u_419,0.08786523305838842,862,0.0,0.415,0.0
u_420,0.044373276348097505,3386,0.0,0.787,0.0
u_421,0.0015069426507906035,2948,0.0,0.028,0.0
u_422,0.08743973461209563,1332,0.0,0.278,0.0
u_423,0.06228670551101705,1763,0.0,0.4,0.0
u_424,0.04600016927201644,982,0.0,0.123,0.0
u_425,0.0038220423795124084,904,0.0,0.018,0.0
u_426,9.713417927710904e-05,994,0.0,0.002,0.0
u_427,0.15118960094539008,547,0.0,0.722,0.0
u_428,0.08411179289938696,1817,0.0,0.787,0.0
u_429,0.2018965824618609,1122,0.0,0.767,0.0
u_430,0.04034285442011695,2773,0.0,0.787,0.0
u_431,0.0,-1,0.0,,
u_432,0.008148060632766048,2308,0.0,0.076,0.0
u_433,0.00013591812252392613,676,0.0,0.001,0.0
u_434,0.0,-1,0.0,,
u_435,0.07650367504414583,452,0.0,0.736,0.0
u_436,0.00014232677543442494,254,0.0,0.001,0.0
u_437,0.0006573895998573849,2414,0.0,0.012,0.0
u_438,0.001168986043655898,592,0.0,0.007,0.0
u_439,0.14637115467992598,473,0.0,0.463,0.0
u_440,0.044169100160197136,4053,0.0,0.413,0.0
u_441,0.1557814034090148,332,0.0,0.42,0.0
u_442,0.15286817868381786,846,0.0,0.96,0.0
u_443,0.18825502283967524,697,0.0,0.73,0.0
u_444,0.043034914056465874,4060,0.0,0.787,0.0
u_445,0.005142321990205077,1032,0.0,0.096,0.0
u_446,0.04069328069387437,258,0.0,0.787,0.0
u_447,0.0007348559225528642,2055,0.0,0.007,0.0
u_448,5.152041844792439e-05,371,0.0,0.001,0.0
u_449,0.0001645780537103239,350,0.0,0.003,0.0
u_450,0.0022173487400151994,468,0.0,0.01,0.0
u_451,0.0880485450839981,1095,0.0,0.83,0.0
u_452,0.0,-1,0.0,,
u_453,0.0017879428692242295,2627,0.0,0.017,0.0
u_454,0.07194281500747403,191,0.0,0.458,0.0
u_455,0.00029243517941609994,473,0.0,0.001,0.0
u_456,0.05671093121285292,168,0.0,0.544,0.0
u_457,0.0005147411676264507,804,0.0,0.002,0.0
u_458,0.03989179678197654,1264,0.0,0.787,0.0
u_459,0.0005173748141510426,738,0.0,0.009,0.0
u_460,0.03497442894482182,1686,0.0,0.111,0.0
u_461,0.13828294529004154,1868,0.0,0.442,0.0
u_462,0.043034914056465874,4494,0.0,0.787,0.0
u_463,0.02105148231431822,161,0.0,0.201,0.0
u_464,0.03848837739085525,3220,0.0,0.354,0.0
u_465,0.03070092841014213,4094,0.0,0.287,0.0
u_466,0.12889732380932103,2688,0.0,0.611,0.0
u_467,0.07963251157692489,416,0.0,0.787,0.0
u_468,0.0863663775119379,449,0.0,0.838,0.0
u_469,0.0,-1,0.0,,
u_470,0.0,-1,0.0,,
u_471,0.044500404834289714,5,0.0,0.212,0.0
u_472,0.0026461672986432564,416,0.0,0.016,0.0
u_473,0.0819059678436128,161,0.0,0.787,0.0
u_474,0.08417531978986129,3134,0.0,0.787,0.0
u_475,0.029660574249784043,22,0.0,0.096,0.0
u_476,0.043034914056465874,3802,0.0,0.787,0.0
u_477,0.1655508703059357,981,0.0,0.787,0.0
u_478,0.0009289791892160555,274,0.0,0.018,0.0
u_479,0.02147561046933927,3546,0.0,0.201,0.0
u_480,0.0037551618483584203,3465,0.0,0.069,0.0
u_481,0.11889146210036312,168,0.0,0.774,0.0
u_482,0.24242692843143682,333,0.0,0.927,0.0
u_483,0.07211806586499904,714,0.0,0.34,0.0
u_484,0.009765496754767601,464,0.0,0.047,0.0
u_485,0.043069045224102424,1055,0.0,0.787,0.0
u_486,0.006457158410743562,699,0.0,0.024,0.0
u_487,0.043034914056465874,2478,0.0,0.787,0.0
u_488,0.10888509276709275,1179,0.0,0.351,0.0
u_489,0.0,-1,0.0,,
u_490,0.0021018874576233743,1282,0.0,0.01,0.0
u_491,0.01383745312669394,89,0.0,0.261,0.0
u_492,0.0,-1,0.0,,
u_493,0.017238691699797134,350,0.0,0.055,0.0
u_494,0.03365162854761383,118,0.0,0.13,0.0
u_495,0.0013153717190808136,2427,0.0,0.012,0.0
u_496,0.025422875997364848,1418,0.0,0.161,0.0
u_497,0.04173366463043957,778,0.0,0.787,0.0
u_498,0.003721776501711547,3045,0.0,0.034,0.0
u_499,0.0017463718648716138,714,0.0,0.017,0.0
u_500,0.0019426749233473854,3068,0.0,0.036,0.0
u_501,0.043034914056465874,4746,0.0,0.787,0.0
u_502,0.0,-1,0.0,,
u_503,0.0,-1,0.0,,
u_504,0.00014983141026028842,1396,0.0,0.003,0.0
u_505,0.004001526979265625,155,0.0,0.036,0.0
u_506,0.0006461751290655206,1202,0.0,0.006,0.0
u_507,0.006383186463549638,162,0.0,0.057,0.0
u_508,0.042432827373158094,152,0.0,0.787,0.0
u_509,0.0,-1,0.0,,
u_510,0.010301898458714735,547,0.0,0.066,0.0
u_511,0.0,-1,0.0,,
u_512,0.05826733955412303,1892,0.0,0.271,0.0
u_513,0.06646616183067688,222,0.0,0.211,0.0
u_514,0.07563742245507381,2745,0.0,0.707,0.0
u_515,0.1686592070762279,243,0.0,0.655,0.0
u_516,0.0048393573720367225,3189,0.0,0.045,0.0
u_517,0.0362290002206148,379,0.0,0.227,0.0
u_518,0.0,-1,0.0,,
u_519,0.04638193218536102,1865,0.0,0.446,0.0
u_520,0.012768658142955715,4094,0.0,0.235,0.0
u_521,0.08246236909326161,1272,0.0,0.26,0.0
u_522,0.0,-1,0.0,,
u_523,0.0414146387601739,1824,0.0,0.787,0.0
u_524,0.002499528187526886,47,0.0,0.012,0.0
u_525,0.006362128219987157,3378,0.0,0.059,0.0
u_526,0.08480097455751263,332,0.0,0.787,0.0
u_527,0.0388740998604785,419,0.0,0.756,0.0
u_528,0.0022104773013134804,1616,0.0,0.021,0.0
u_529,0.2615612888057305,625,0.0,0.983,0.0
u_530,5.463110693833716e-05,388,0.0,0.001,0.0
u_531,0.0007922498830464506,2096,0.0,0.007,0.0
u_532,0.00029603431402432285,1360,0.0,0.003,0.0
u_533,0.11978840220869011,568,0.0,0.787,0.0
u_534,0.03992305991004611,49,0.0,0.187,0.0
u_535,0.0,-1,0.0,,
u_536,0.043034914056465874,4747,0.0,0.787,0.0
u_537,0.06784609931418045,3698,0.0,0.634,0.0
u_538,0.006094117465186553,3710,0.0,0.111,0.0
u_539,0.12471787186226996,1120,0.0,0.787,0.0
u_540,0.0,-1,0.0,,
u_541,0.004028892331138018,1937,0.0,0.038,0.0
u_542,0.0,-1,0.0,,
u_543,0.16374455496956888,337,0.0,0.787,0.0
u_544,0.1253157255232567,1450,0.0,0.787,0.0
u_545,0.08288174127792379,118,0.0,0.787,0.0
u_546,0.2724386321488056,332,0.0,0.858,0.0
u_547,0.03717324660268123,402,0.0,0.346,0.0
u_548,0.04255585164021919,924,0.0,0.787,0.0
u_549,0.004965987675773696,53,0.0,0.047,0.0
u_550,0.04172955937884316,1319,0.0,0.787,0.0
u_551,0.08464328295185555,152,0.0,0.321,0.0
u_552,0.04291287932062149,5,0.0,0.277,0.0
u_553,0.07901568982322839,586,0.0,0.303,0.0
u_554,0.0,-1,0.0,,
u_555,0.00022764782617254036,1683,0.0,0.004,0.0
u_556,0.12531193303175164,571,0.0,0.787,0.0
u_557,0.009491339193319475,222,0.0,0.026,0.0
u_558,0.043034914056465874,4748,0.0,0.787,0.0
u_559,0.08236884814197278,4198,0.0,0.787,0.0
u_560,0.03212824379758887,3190,0.0,0.295,0.0
u_561,0.00015916017710444029,1399,0.0,0.003,0.0
u_562,0.0,-1,0.0,,
u_563,0.04313116904458283,75,0.0,0.787,0.0
u_564,0.0004051312627400826,1,0.0,0.007,0.0
u_565,0.043034914056465874,3702,0.0,0.787,0.0
u_566,0.008840440660074651,2465,0.0,0.081,0.0
u_567,0.08417531978986129,3397,0.0,0.787,0.0
u_568,0.0017350148195840278,2545,0.0,0.032,0.0
u_569,0.043034914056465874,1225,0.0,0.787,0.0
u_570,0.0010686985302986367,1647,0.0,0.007,0.0
u_571,0.12665370993588013,2362,0.0,0.787,0.0
u_572,0.08417531978986129,1683,0.0,0.787,0.0
u_573,0.08417531978986129,3147,0.0,0.787,0.0
u_574,0.0017040950461091272,1271,0.0,0.008,0.0
u_575,0.14134634387563189,965,0.0,0.661,0.0
u_576,0.043034914056465874,4749,0.0,0.787,0.0
u_577,0.034039689066203145,551,0.0,0.093,0.0
u_578,0.02637208512064453,485,0.0,0.124,0.0
u_579,0.04102758786078283,867,0.0,0.787,0.0
u_580,0.057751483272692826,2681,0.0,0.532,0.0
u_581,0.041031809765572955,600,0.0,0.787,0.0
u_582,0.041538000712830245,377,0.0,0.787,0.0
u_583,0.0,-1,0.0,,
u_584,0.0,-1,0.0,,
u_585,0.0012103684050861724,2801,0.0,0.022,0.0
u_586,0.0001936146175183374,1527,0.0,0.003,0.0
u_587,0.0,-1,0.0,,
u_588,0.0,-1,0.0,,
u_589,0.00017054399145067915,892,0.0,0.002,0.0
u_590,0.36655311489269277,83,0.0,0.698,0.0
u_591,0.007913321762821383,1882,0.0,0.152,0.0
u_592,0.0014170129186515431,935,0.0,0.013,0.0
u_593,0.04206737599827261,266,0.0,0.787,0.0
u_594,0.0,-1,0.0,,
u_595,0.004274895568974448,358,0.0,0.04,0.0
u_596,0.001568585767157896,97,0.0,0.01,0.0
u_597,0.044371378728590406,1742,0.0,0.787,0.0
u_598,0.040154752313840185,363,0.0,0.787,0.0
u_599,0.08361917503673968,333,0.0,0.405,0.0
u_600,0.0,-1,0.0,,
u_601,0.08330541089544269,88,0.0,0.787,0.0
u_602,0.043034914056465874,2862,0.0,0.787,0.0
u_603,0.0,-1,0.0,,
u_604,0.04701164646897954,143,0.0,0.22,0.0
u_605,0.0,-1,0.0,,
u_606,0.00011056471977661261,447,0.0,0.001,0.0
u_607,0.0,-1,0.0,,
u_608,0.0002746928069040386,1350,0.0,0.005,0.0
u_609,0.02532859725583342,2790,0.0,0.098,0.0
u_610,0.04453879880087961,118,0.0,0.787,0.0
u_611,0.0017155876934899,2259,0.0,0.016,0.0
u_612,0.18413173333554256,982,0.0,0.864,0.0
u_613,0.00040844227756261207,2095,0.0,0.007,0.0
u_614,0.0037257053101206585,1534,0.0,0.023,0.0
u_615,0.015762410978631805,1276,0.0,0.147,0.0
u_616,0.008184701338151185,162,0.0,0.039,0.0
u_617,0.043906586401512286,22,0.0,0.403,0.0
u_618,0.013031817065834195,1390,0.0,0.121,0.0
u_619,0.043034914056465874,4750,0.0,0.787,0.0
u_620,0.0,-1,0.0,,
u_621,0.011424015263321643,402,0.0,0.106,0.0
u_622,0.0,-1,0.0,,
u_623,0.08303545801822974,280,0.0,0.511,0.0
u_624,0.0,-1,0.0,,
u_625,0.0,-1,0.0,,
u_626,0.043034914056465874,4489,0.0,0.787,0.0
u_627,0.00933323115421942,1543,0.0,0.089,0.0
u_628,0.0,-1,0.0,,
u_629,0.032756853655997384,1095,0.0,0.309,0.0
u_630,0.001189080232139418,53,0.0,0.011,0.0
u_631,0.043917170658316886,1646,0.0,0.787,0.0
u_632,0.0,-1,0.0,,
u_633,0.005618507650731186,1432,0.0,0.035,0.0
u_634,0.043034914056465874,3973,0.0,0.787,0.0
u_635,0.0006569945365051622,1948,0.0,0.006,0.0
u_636,0.0,-1,0.0,,
u_637,0.1253157255232567,1369,0.0,0.787,0.0
u_638,0.00012202985455668143,547,0.0,0.001,0.0
u_639,0.00982376630046497,162,0.0,0.063,0.0
u_640,0.027395936551370986,654,0.0,0.252,0.0
u_641,0.018459443362969674,29,0.0,0.173,0.0
u_642,0.019546706043678228,4271,0.0,0.357,0.0
u_643,0.0,-1,0.0,,
u_644,6.521364333942537e-05,573,0.0,0.001,0.0
u_645,0.0,-1,0.0,,
u_646,0.041014058200121106,2863,0.0,0.787,0.0
u_647,0.00841062219098422,965,0.0,0.032,0.0
u_648,0.0002700792639703335,949,0.0,0.002,0.0
u_649,0.2830348678348018,93,0.0,0.668,0.0
u_650,0.08250444596684359,679,0.0,0.516,0.0
u_651,0.0005772094571720735,162,0.0,0.004,0.0
u_652,0.0,-1,0.0,,
u_653,0.08722180113952112,2513,0.0,0.787,0.0
u_654,0.08417531978986129,2118,0.0,0.787,0.0
u_655,0.0030561740306303963,2973,0.0,0.029,0.0
u_656,0.08235245076458918,976,0.0,0.787,0.0
u_657,0.1225842284961876,391,0.0,0.787,0.0
u_658,0.0,-1,0.0,,
u_659,0.0036150378046165437,1360,0.0,0.067,0.0
u_660,0.0,-1,0.0,,
u_661,0.013464306671020483,465,0.0,0.084,0.0
u_662,0.04272003061469348,4632,0.0,0.781,0.0
u_663,0.04385334372777589,1607,0.0,0.787,0.0
u_664,0.00020424666603975028,419,0.0,0.002,0.0
u_665,0.08417531978986129,1766,0.0,0.787,0.0
u_666,0.08417531978986129,4721,0.0,0.787,0.0
u_667,0.001259196630209474,2820,0.0,0.023,0.0
u_668,0.0006707258010987538,2389,0.0,0.013,0.0
u_669,0.043034914056465874,4416,0.0,0.787,0.0
u_670,0.08236701589539651,2321,0.0,0.787,0.0
u_671,0.04086650871856441,946,0.0,0.787,0.0
u_672,0.1290538557804021,1332,0.0,0.625,0.0
u_673,0.00033929606429972716,293,0.0,0.003,0.0
u_674,0.08029886784040977,1405,0.0,0.787,0.0
u_675,0.043034914056465874,5813,0.0,0.787,0.0
u_676,0.005517128256948232,22,0.0,0.026,0.0
u_677,0.041130670190666865,1407,0.0,0.787,0.0
u_678,0.12471322573990629,1354,0.0,0.787,0.0
u_679,0.0029489336772633543,2359,0.0,0.011,0.0
u_680,0.12132561182354112,266,0.0,0.579,0.0
u_681,0.0,-1,0.0,,
u_682,0.043034914056465874,4751,0.0,0.787,0.0
u_683,0.00016808255983094013,50,0.0,0.002,0.0
u_684,0.2176647914492081,305,0.0,0.69,0.0
u_685,0.04435703593927759,4495,0.0,0.787,0.0
u_686,0.0010026953764307523,472,0.0,0.006,0.0
u_687,0.001616278758861485,568,0.0,0.006,0.0
u_688,0.042791329653864084,1149,0.0,0.787,0.0
u_689,0.0027398120661781635,1462,0.0,0.013,0.0
u_690,0.043034914056465874,4752,0.0,0.787,0.0
u_691,0.0001346079205032688,87,0.0,0.003,0.0
u_692,0.030430114498966532,1048,0.0,0.294,0.0
u_693,0.04025285385416856,178,0.0,0.787,0.0
u_694,0.13220193671951516,420,0.0,0.821,0.0
u_695,0.03988976542443003,3700,0.0,0.787,0.0
u_696,0.04150843731276383,4094,0.0,0.787,0.0
u_697,0.02430795275693968,1910,0.0,0.224,0.0
u_698,0.0019567319621495013,517,0.0,0.007,0.0
u_699,0.043034914056465874,3703,0.0,0.787,0.0
u_700,0.043034914056465874,3520,0.0,0.787,0.0
u_701,0.0,-1,0.0,,
u_702,0.011078610818732092,4030,0.0,0.203,0.0
u_703,0.05368317958064561,360,0.0,0.203,0.0
u_704,0.028764239724233844,3984,0.0,0.538,0.0
u_705,0.0,-1,0.0,,
u_706,0.1277208430787428,222,0.0,0.497,0.0
u_707,0.044278031521030915,4346,0.0,0.414,0.0
u_708,0.0,-1,0.0,,
u_709,0.15787925575328826,24,0.0,0.499,0.0
u_710,0.0,-1,0.0,,
u_711,0.04198245775038736,419,0.0,0.787,0.0
u_712,0.24725488201325388,174,0.0,0.787,0.0
u_713,0.042130407716432006,5678,0.0,0.787,0.0
u_714,0.0007866609978551362,49,0.0,0.008,0.0
u_715,0.08403870845210998,96,0.0,0.787,0.0
u_716,0.12277529013155047,940,0.0,0.787,0.0
u_717,0.0,-1,0.0,,
u_718,0.043034914056465874,3957,0.0,0.787,0.0
u_719,0.04367285991202474,910,0.0,0.787,0.0
u_720,0.025360416974015063,53,0.0,0.122,0.0
u_721,0.043034914056465874,4753,0.0,0.787,0.0
u_722,0.043034914056465874,5814,0.0,0.787,0.0
u_723,0.0,-1,0.0,,
u_724,0.0006958777634187554,1588,0.0,0.004,0.0
u_725,0.05007834218503289,2924,0.0,0.468,0.0
u_726,0.0008033483135652401,2535,0.0,0.015,0.0
u_727,0.0008109592924854413,1407,0.0,0.005,0.0
u_728,0.1207220549385129,168,0.0,0.787,0.0
u_729,0.0029276296945990226,313,0.0,0.057,0.0
u_730,0.010793013209690602,3132,0.0,0.068,0.0
u_731,0.12638060069185192,33,0.0,0.787,0.0
u_732,0.0427732338505127,439,0.0,0.787,0.0
u_733,0.0,-1,0.0,,
u_734,0.001482165309055373,2936,0.0,0.027,0.0
u_735,0.08110747146667445,1462,0.0,0.787,0.0
u_736,0.1356097988096388,333,0.0,0.873,0.0
u_737,0.0017881285214671847,1309,0.0,0.017,0.0
u_738,0.08558612092279144,697,0.0,0.787,0.0
u_739,0.00022483607354787782,1153,0.0,0.002,0.0
u_740,0.03059148843649408,4481,0.0,0.542,0.0
u_741,0.004148029564846095,3519,0.0,0.076,0.0
u_742,0.030889258765808888,4502,0.0,0.565,0.0
u_743,0.08442638129961928,213,0.0,0.787,0.0
u_744,0.049600751303785835,161,0.0,0.159,0.0
u_745,0.03510998176438834,222,0.0,0.34,0.0
u_746,0.0019087668383483518,1858,0.0,0.019,0.0
u_747,0.001112022689404047,1137,0.0,0.007,0.0
u_748,0.20552318374881876,904,0.0,0.787,0.0
u_749,0.0,-1,0.0,,
u_750,0.0,-1,0.0,,
u_751,0.043050528995823685,4361,0.0,0.787,0.0
u_752,0.00036615040764934254,2020,0.0,0.007,0.0
u_753,0.0957009296045878,592,0.0,0.449,0.0
u_754,0.043034914056465874,4296,0.0,0.787,0.0
u_755,0.0,-1,0.0,,
u_756,0.12273072664892279,162,0.0,0.787,0.0
u_757,0.014714015346013552,1638,0.0,0.092,0.0
u_758,0.04020423955716725,89,0.0,0.787,0.0
u_759,0.08047305960123556,218,0.0,0.255,0.0
u_760,0.08417531978986129,501,0.0,0.787,0.0
u_761,0.08417531978986129,4306,0.0,0.787,0.0
u_762,0.0,-1,0.0,,
u_763,0.043053597266813355,1945,0.0,0.787,0.0
u_764,0.005273124302364046,2630,0.0,0.033,0.0
u_765,6.975176774408939e-05,647,0.0,0.001,0.0
u_766,0.03446191993343127,1891,0.0,0.132,0.0
u_767,0.0047428762075962146,3590,0.0,0.087,0.0
u_768,0.08417531978986129,1191,0.0,0.787,0.0
u_769,5.5994725854460657e-05,422,0.0,0.001,0.0
u_770,0.0019720563429745327,586,0.0,0.019,0.0
u_771,0.0,-1,0.0,,
u_772,0.00012595853695677404,1206,0.0,0.002,0.0
u_773,0.0,-1,0.0,,
u_774,0.08852451304130965,599,0.0,0.415,0.0
u_775,0.08417531978986129,2261,0.0,0.787,0.0
u_776,0.004950789064627136,1765,0.0,0.047,0.0
u_777,0.043034914056465874,456,0.0,0.787,0.0
u_778,0.08616007068354131,2806,0.0,0.787,0.0
u_779,0.005887377258196848,2389,0.0,0.115,0.0
u_780,0.0007646014472107597,269,0.0,0.007,0.0
u_781,0.08192052289111229,804,0.0,0.787,0.0
u_782,0.0,-1,0.0,,
u_783,0.1333173643719122,991,0.0,0.841,0.0
u_784,8.251355963230701e-05,828,0.0,0.002,0.0
u_785,0.16189717357787786,1855,0.0,0.754,0.0
u_786,0.022862715288764848,297,0.0,0.088,0.0
u_787,0.04189737194487944,1088,0.0,0.787,0.0
u_788,0.00018376290073211188,49,0.0,0.003,0.0
u_789,0.01796834164317421,4214,0.0,0.319,0.0
u_790,0.12388966343144074,480,0.0,0.787,0.0
u_791,0.043034914056465874,3901,0.0,0.787,0.0
u_792,0.09749518960114874,620,0.0,0.606,0.0
u_793,0.0,-1,0.0,,
u_794,0.03988809112188011,288,0.0,0.787,0.0
u_795,0.0,-1,0.0,,
u_796,0.04222210437722928,3411,0.0,0.787,0.0
u_797,0.14164101715886332,332,0.0,0.449,0.0
u_798,0.04172935798508027,162,0.0,0.787,0.0
u_799,6.384249891607561e-05,556,0.0,0.001,0.0
u_800,0.0,-1,0.0,,
u_801,0.02905019862927853,222,0.0,0.185,0.0
u_802,0.00025743868497704207,483,0.0,0.002,0.0
u_803,6.0637797939353856e-05,505,0.0,0.001,0.0
u_804,0.0,-1,0.0,,
u_805,0.0006752941192379848,644,0.0,0.003,0.0
u_806,0.0,-1,0.0,,
u_807,0.01249587360742716,90,0.0,0.076,0.0
u_808,0.08975865355460248,577,0.0,0.282,0.0
u_809,0.009484898354059405,168,0.0,0.046,0.0
u_810,0.11102554849795179,1855,0.0,0.527,0.0
u_811,0.004178784786863292,3117,0.0,0.039,0.0
u_812,0.0,-1,0.0,,
u_813,0.08402363844292553,1757,0.0,0.787,0.0
u_814,0.0,-1,0.0,,
u_815,0.0,-1,0.0,,
u_816,0.0019963521426471184,224,0.0,0.013,0.0
u_817,0.0004890365984389647,193,0.0,0.003,0.0
u_818,5.41842827545568e-05,375,0.0,0.001,0.0
u_819,0.043034914056465874,4754,0.0,0.787,0.0
u_820,0.0811632522633855,326,0.0,0.787,0.0
u_821,0.0,-1,0.0,,
u_822,0.004777429354980666,161,0.0,0.015,0.0
u_823,4.48433363609236e-05,172,0.0,0.001,0.0
u_824,0.0010182816071315633,529,0.0,0.01,0.0
u_825,0.0027768300000994475,446,0.0,0.027,0.0
u_826,0.03373151695678141,297,0.0,0.213,0.0
u_827,0.0,-1,0.0,,
u_828,0.05147162178328403,4408,0.0,0.473,0.0
u_829,0.05404543098920713,3879,0.0,0.337,0.0
u_830,0.043034914056465874,3266,0.0,0.787,0.0
u_831,0.0,-1,0.0,,
u_832,0.0,-1,0.0,,
u_833,0.08070793239765563,161,0.0,0.787,0.0
u_834,0.0,-1,0.0,,
u_835,0.0015018861871248282,2505,0.0,0.014,0.0
u_836,0.00011834652524208586,1160,0.0,0.002,0.0
u_837,0.007833147216233736,2835,0.0,0.037,0.0
u_838,0.04026753776101604,176,0.0,0.787,0.0
u_839,0.09151676494069255,3088,0.0,0.435,0.0
u_840,0.0,-1,0.0,,
u_841,0.0,-1,0.0,,
u_842,0.0,-1,0.0,,
u_843,0.016648489294098387,126,0.0,0.106,0.0
u_844,0.041084924161792345,168,0.0,0.787,0.0
u_845,0.02054123017712936,332,0.0,0.183,0.0
u_846,0.09584335019015348,2280,0.0,0.602,0.0
u_847,0.043034914056465874,1753,0.0,0.787,0.0
u_848,0.0822219000214231,176,0.0,0.787,0.0
u_849,0.0003198298655404076,1419,0.0,0.003,0.0
u_850,0.043034914056465874,4217,0.0,0.787,0.0
u_851,0.08147303901143114,254,0.0,0.787,0.0
u_852,0.00034230708328117425,162,0.0,0.002,0.0
u_853,0.08860613441885043,608,0.0,0.542,0.0
u_854,0.0,-1,0.0,,
u_855,0.004716667797164217,161,0.0,0.092,0.0
u_856,0.0011052521911874425,333,0.0,0.005,0.0
u_857,0.00017571339793478482,920,0.0,0.002,0.0
u_858,0.08551135726924375,938,0.0,0.787,0.0
u_859,0.0,-1,0.0,,
u_860,0.0,-1,0.0,,
u_861,0.039889293486328144,3121,0.0,0.787,0.0
u_862,0.0,-1,0.0,,
u_863,0.003543408909597856,416,0.0,0.017,0.0
u_864,0.10057495447906604,2340,0.0,0.937,0.0
u_865,0.04112849848201338,358,0.0,0.787,0.0
u_866,0.043034914056465874,4755,0.0,0.787,0.0
u_867,0.18286676099630506,189,0.0,0.87,0.0
u_868,0.0,-1,0.0,,
u_869,0.0005200905304419593,1497,0.0,0.003,0.0
u_870,0.033690599125807484,61,0.0,0.13,0.0
u_871,0.0001541694072307002,343,0.0,0.001,0.0
u_872,0.0,-1,0.0,,
u_873,0.03989319753620645,3209,0.0,0.787,0.0
u_874,0.0025256965352886797,856,0.0,0.016,0.0
u_875,0.0,-1,0.0,,
u_876,0.0,-1,0.0,,
u_877,0.043034914056465874,4756,0.0,0.787,0.0
u_878,0.012479765152023285,2441,0.0,0.058,0.0
u_879,0.0,-1,0.0,,
u_880,0.0,-1,0.0,,
u_881,0.0025216320349839877,1792,0.0,0.024,0.0
u_882,6.24956481406556e-05,532,0.0,0.001,0.0
u_883,0.10913804907891377,173,0.0,0.263,0.0
u_884,0.0034727724951352794,3420,0.0,0.063,0.0
u_885,0.043034914056465874,2227,0.0,0.787,0.0
u_886,0.04007572564380203,1299,0.0,0.787,0.0
u_887,0.0004393016224139476,1122,0.0,0.002,0.0
u_888,0.0023983052914918804,3181,0.0,0.044,0.0
u_889,0.08370824462743509,1349,0.0,0.787,0.0
u_890,0.0830117413693231,133,0.0,0.787,0.0
u_891,0.0,-1,0.0,,
u_892,0.04170685255622829,297,0.0,0.393,0.0
u_893,0.0007677171818285108,1773,0.0,0.005,0.0
u_894,0.04046332637613973,3716,0.0,0.787,0.0
u_895,4.346855980336556e-05,92,0.0,0.001,0.0
u_896,0.07921943242664763,1945,0.0,0.787,0.0
u_897,0.0,-1,0.0,,
u_898,0.0017774643712487252,1611,0.0,0.017,0.0
u_899,0.13846969588043997,33,0.0,0.882,0.0
u_900,0.0,-1,0.0,,
u_901,0.06111268898066782,1379,0.0,0.284,0.0
u_902,0.0,-1,0.0,,
u_903,0.043034914056465874,4242,0.0,0.787,0.0
u_904,0.019719387425631153,3229,0.0,0.188,0.0
u_905,0.09873339044054204,373,0.0,0.271,0.0
u_906,0.043034914056465874,1954,0.0,0.787,0.0
u_907,0.04179576377050445,634,0.0,0.787,0.0
u_908,0.043034914056465874,2148,0.0,0.787,0.0
u_909,0.08550970201450829,957,0.0,0.787,0.0
u_910,0.043034914056465874,2571,0.0,0.787,0.0
u_911,0.04363042894828047,2359,0.0,0.787,0.0
u_912,0.026966304758597407,4428,0.0,0.493,0.0
u_913,0.014519284063704962,89,0.0,0.092,0.0
u_914,0.0,-1,0.0,,
u_915,0.0003326477382094768,1932,0.0,0.006,0.0
u_916,0.0,-1,0.0,,
u_917,0.0,-1,0.0,,
u_918,0.0,-1,0.0,,
u_919,0.08245635264963304,2398,0.0,0.787,0.0
u_920,0.00013398895373965169,665,0.0,0.001,0.0
u_921,0.0,-1,0.0,,
u_922,0.0,-1,0.0,,
u_923,0.0,-1,0.0,,
u_924,0.0,-1,0.0,,
u_925,0.04803595922048173,564,0.0,0.184,0.0
u_926,0.0,-1,0.0,,
u_927,0.09086009177137283,1765,0.0,0.341,0.0
u_928,0.03988828097824535,1039,0.0,0.787,0.0
u_929,0.009369306923660451,169,0.0,0.059,0.0
u_930,0.0811619291751871,2484,0.0,0.787,0.0
u_931,0.0776374815773643,1351,0.0,0.726,0.0
u_932,0.0,-1,0.0,,
u_933,0.043034914056465874,1031,0.0,0.787,0.0
u_934,0.0709724122647605,860,0.0,0.453,0.0
u_935,0.0038148601718497655,168,0.0,0.036,0.0
u_936,0.0,-1,0.0,,
u_937,0.0,-1,0.0,,
u_938,0.16807825170557755,1570,0.0,0.787,0.0
u_939,0.0003172445945343313,572,0.0,0.002,0.0
u_940,0.05527338443268267,2119,0.0,0.517,0.0
u_941,0.00013816585763519985,249,0.0,0.001,0.0
u_942,0.00023377989222733296,89,0.0,0.004,0.0
u_943,0.015852803499594958,4182,0.0,0.29,0.0
u_944,0.0,-1,0.0,,
u_945,0.0002917444999967819,321,0.0,0.002,0.0
u_946,0.0,-1,0.0,,
u_947,0.0,-1,0.0,,
u_948,0.0,-1,0.0,,
u_949,0.1519145172384475,2607,0.0,0.71,0.0
u_950,0.04194791691647331,739,0.0,0.787,0.0
u_951,0.002279925756490484,429,0.0,0.009,0.0
u_952,0.08635380890052508,3579,0.0,0.41,0.0
u_953,0.0017633645514409672,1695,0.0,0.011,0.0
u_954,0.08100971574278021,1253,0.0,0.787,0.0
u_955,0.04417545324124777,1149,0.0,0.277,0.0
u_956,0.02192500155814511,83,0.0,0.407,0.0
u_957,0.0006448078506130065,916,0.0,0.004,0.0
u_958,0.043034914056465874,4757,0.0,0.787,0.0
u_959,0.0008209901157934618,1380,0.0,0.005,0.0
u_960,0.043034914056465874,4758,0.0,0.787,0.0
u_961,0.0,-1,0.0,,
u_962,0.09223122381680607,1095,0.0,0.435,0.0
u_963,0.0,-1,0.0,,
u_964,0.0,-1,0.0,,
u_965,0.0796330111759242,1408,0.0,0.787,0.0
u_966,0.011014187094799975,1363,0.0,0.211,0.0
u_967,0.0,-1,0.0,,
u_968,0.004498233955897149,176,0.0,0.082,0.0
u_969,0.08417531978986129,3979,0.0,0.787,0.0
u_970,0.00015844656234851437,173,0.0,0.001,0.0
u_971,0.0,-1,0.0,,
u_972,0.03413897692559469,2133,0.0,0.214,0.0
u_973,0.043034914056465874,781,0.0,0.787,0.0
u_974,0.0013287352697299428,2438,0.0,0.012,0.0
u_975,0.005850571487387123,3693,0.0,0.107,0.0
u_976,0.000498793509417041,1379,0.0,0.01,0.0
u_977,0.0005694498073661594,358,0.0,0.004,0.0
u_978,0.0,-1,0.0,,
u_979,0.08453523175609598,1496,0.0,0.813,0.0
u_980,0.0459308540245391,1152,0.0,0.429,0.0
u_981,0.0,-1,0.0,,
u_982,0.0006883106052776424,1703,0.0,0.004,0.0
u_983,0.0007771722136817409,358,0.0,0.005,0.0
u_984,0.00011391705206085233,276,0.0,0.002,0.0
u_985,0.0,-1,0.0,,
u_986,0.0009981262481716104,650,0.0,0.003,0.0
u_987,0.0047281072376330205,3587,0.0,0.086,0.0
u_988,0.04127047136241741,438,0.0,0.787,0.0
u_989,0.0,-1,0.0,,
u_990,0.0,-1,0.0,,
u_991,0.0003447150086059065,1179,0.0,0.007,0.0
u_992,0.08234147888338669,1815,0.0,0.787,0.0
u_993,0.0,-1,0.0,,
u_994,0.043034914056465874,4759,0.0,0.787,0.0
u_995,0.008453292391430228,3302,0.0,0.053,0.0
u_996,0.04855294491104048,3942,0.0,0.454,0.0
u_997,0.043034914056465874,5815,0.0,0.787,0.0
u_998,0.04276774654838942,615,0.0,0.787,0.0
u_999,0.0009657215271802928,2214,0.0,0.009,0.0
u_1000,0.011660253734388603,161,0.0,0.045,0.0
u_1001,0.0,-1,0.0,,
u_1002,0.04093206821488618,3075,0.0,0.787,0.0
u_1003,0.035289968073330596,350,0.0,0.111,0.0
u_1004,0.0,-1,0.0,,
u_1005,0.07963444888057773,1879,0.0,0.787,0.0
u_1006,0.0,-1,0.0,,
u_1007,0.0,-1,0.0,,
u_1008,0.039937027949224845,222,0.0,0.787,0.0
u_1009,0.08356697878585637,364,0.0,0.787,0.0
u_1010,0.043034914056465874,4486,0.0,0.787,0.0
u_1011,0.04078281715041011,991,0.0,0.787,0.0
u_1012,0.0010673453764827078,2320,0.0,0.01,0.0
u_1013,0.03989313624117611,2205,0.0,0.787,0.0
u_1014,0.0,-1,0.0,,
u_1015,0.059598909006393794,222,0.0,0.569,0.0
u_1016,0.0,-1,0.0,,
u_1017,0.0014641670884472146,2112,0.0,0.014,0.0
u_1018,0.05512973131327117,2337,0.0,0.335,0.0
u_1019,0.007813991388279009,395,0.0,0.073,0.0
u_1020,0.013019640718471297,2363,0.0,0.082,0.0
u_1021,0.08308639973160241,3500,0.0,0.522,0.0
u_1022,0.0006177398228610736,1025,0.0,0.012,0.0
u_1023,0.043034914056465874,435,0.0,0.787,0.0
u_1024,0.0004045852863074064,176,0.0,0.003,0.0
u_1025,0.0,-1,0.0,,
u_1026,0.0,-1,0.0,,
u_1027,0.0007562011252831913,2495,0.0,0.014,0.0
u_1028,0.05846141147387885,1905,0.0,0.557,0.0
u_1029,0.00040687263139580247,2092,0.0,0.007,0.0
u_1030,0.0894199036091302,189,0.0,0.553,0.0
u_1031,0.04301196969417778,189,0.0,0.787,0.0
u_1032,0.0,-1,0.0,,
u_1033,0.000558177243830152,1120,0.0,0.011,0.0
u_1034,0.005512280499897711,2790,0.0,0.051,0.0
u_1035,0.040218812381734324,332,0.0,0.787,0.0
u_1036,0.0011179164584901482,2737,0.0,0.02,0.0
u_1037,0.0323871282443491,266,0.0,0.204,0.0
u_1038,0.07479658704997087,523,0.0,0.7,0.0
u_1039,0.0,-1,0.0,,
u_1040,0.043661528996042136,1282,0.0,0.787,0.0
u_1041,0.0016807215202768906,799,0.0,0.032,0.0
u_1042,5.275995450806283e-05,385,0.0,0.001,0.0
u_1043,0.08289385460764333,1247,0.0,0.787,0.0
u_1044,0.02028067822621741,4291,0.0,0.371,0.0
u_1045,0.00699552156167513,3439,0.0,0.065,0.0
u_1046,0.043034914056465874,663,0.0,0.787,0.0
u_1047,0.0,-1,0.0,,
u_1048,0.04064952939086007,5,0.0,0.787,0.0
u_1049,0.043034914056465874,5816,0.0,0.787,0.0
u_1050,0.0,-1,0.0,,
u_1051,0.04290783771998801,3088,0.0,0.787,0.0
u_1052,0.043034914056465874,3574,0.0,0.787,0.0
u_1053,0.02518887794195861,988,0.0,0.232,0.0
u_1054,0.043034914056465874,5817,0.0,0.787,0.0
u_1055,0.14570335290898334,266,0.0,0.932,0.0
u_1056,0.006950189785893314,599,0.0,0.034,0.0
u_1057,0.07960959772044299,27,0.0,0.304,0.0
u_1058,0.0023244303611130203,2791,0.0,0.022,0.0
u_1059,0.04085970832833577,222,0.0,0.787,0.0
u_1060,0.010320486468722991,27,0.0,0.099,0.0
u_1061,0.004854207929160256,3605,0.0,0.089,0.0
u_1062,0.10218847516555529,963,0.0,0.99,0.0
u_1063,0.0002795279189827202,702,0.0,0.001,0.0
u_1064,0.004283618494653984,3535,0.0,0.078,0.0
u_1065,0.0,-1,0.0,,
u_1066,4.919893913300326e-05,329,0.0,0.001,0.0
u_1067,0.04770050586186243,897,0.0,0.441,0.0
u_1068,0.0,-1,0.0,,
u_1069,0.0032718187172630906,3383,0.0,0.06,0.0
u_1070,0.04333807146222075,2924,0.0,0.787,0.0
u_1071,0.0,-1,0.0,,
u_1072,0.0401621669624191,112,0.0,0.787,0.0
u_1073,0.03360487371959128,4534,0.0,0.614,0.0
u_1074,0.0,-1,0.0,,
u_1075,0.014635414004226289,2253,0.0,0.137,0.0
u_1076,0.0,-1,0.0,,
u_1077,0.0,-1,0.0,,
u_1078,0.0015659738334477182,2974,0.0,0.029,0.0
u_1079,0.0,-1,0.0,,
u_1080,0.004814493250285149,3599,0.0,0.088,0.0
u_1081,0.00010689624397510513,364,0.0,0.001,0.0
u_1082,0.00270109146183861,678,0.0,0.017,0.0
u_1083,0.0003551299735477504,2000,0.0,0.006,0.0
u_1084,0.000175586127541277,771,0.0,0.003,0.0
u_1085,0.0,-1,0.0,,
u_1086,0.08516157765022486,1716,0.0,0.787,0.0
u_1087,0.00021758118840998553,1102,0.0,0.002,0.0
u_1088,0.021367518060776216,1543,0.0,0.2,0.0
u_1089,0.03605962270619446,1931,0.0,0.225,0.0
u_1090,0.016180888828995467,2686,0.0,0.15,0.0
u_1091,0.01876703724669721,1688,0.0,0.12,0.0
u_1092,0.12261093762343472,1400,0.0,0.787,0.0
u_1093,0.012928865038609794,137,0.0,0.049,0.0
u_1094,0.0,-1,0.0,,
u_1095,0.060443775539419764,606,0.0,0.575,0.0
u_1096,0.07567404801745574,1524,0.0,0.371,0.0
u_1097,0.04171911184424289,1976,0.0,0.787,0.0
u_1098,0.039889080098327895,3365,0.0,0.787,0.0
u_1099,0.09975589977981103,1650,0.0,0.626,0.0
u_1100,0.002030235989634604,2607,0.0,0.02,0.0
u_1101,0.0,-1,0.0,,
u_1102,0.12761145889246348,1088,0.0,0.602,0.0
u_1103,0.0,-1,0.0,,
u_1104,0.0,-1,0.0,,
u_1105,0.06431896358717307,173,0.0,0.246,0.0
u_1106,0.0,-1,0.0,,
u_1107,0.003919591880676268,2109,0.0,0.025,0.0
u_1108,0.0,-1,0.0,,
u_1109,0.0,-1,0.0,,
u_1110,0.08685115082687563,2105,0.0,0.787,0.0
u_1111,0.04628363575844524,1673,0.0,0.217,0.0
u_1112,0.0,-1,0.0,,
u_1113,0.04881992849543753,174,0.0,0.184,0.0
u_1114,0.0499804794015423,1989,0.0,0.309,0.0
u_1115,0.005000683231937703,599,0.0,0.024,0.0
u_1116,0.0,-1,0.0,,
u_1117,0.043034914056465874,3306,0.0,0.787,0.0
u_1118,0.0,-1,0.0,,
u_1119,0.08010873651508138,1144,0.0,0.787,0.0
u_1120,5.793325054778408e-05,467,0.0,0.001,0.0
u_1121,0.0,-1,0.0,,
u_1122,0.04570848323194513,4658,0.0,0.835,0.0
u_1123,0.0003922642404365011,2066,0.0,0.007,0.0
u_1124,0.05863600849361364,2863,0.0,0.374,0.0
u_1125,0.041031076870150826,1095,0.0,0.39,0.0
u_1126,0.0,-1,0.0,,
u_1127,0.0,-1,0.0,,
u_1128,0.043034914056465874,1140,0.0,0.787,0.0
u_1129,0.08603661611582707,1403,0.0,0.787,0.0
u_1130,0.11239052988279584,2545,0.0,0.536,0.0
u_1131,0.0003719329783768123,2031,0.0,0.007,0.0
u_1132,0.043034914056465874,2941,0.0,0.787,0.0
u_1133,0.0,-1,0.0,,
u_1134,0.0009018494623338156,1815,0.0,0.008,0.0
u_1135,0.0,-1,0.0,,
u_1136,0.04200802467026982,698,0.0,0.787,0.0
u_1137,0.0,-1,0.0,,
u_1138,0.08417531978986129,1590,0.0,0.787,0.0
u_1139,0.0,-1,0.0,,
u_1140,0.0038439700371412965,1158,0.0,0.037,0.0
u_1141,0.04254003883829591,1456,0.0,0.787,0.0
u_1142,0.0,-1,0.0,,
u_1143,0.0,-1,0.0,,
u_1144,0.04305521119202123,1348,0.0,0.787,0.0
u_1145,0.10291608339087775,288,0.0,0.49,0.0
u_1146,0.12456988353164844,1,0.0,0.787,0.0
u_1147,0.043034914056465874,1046,0.0,0.787,0.0
u_1148,0.0001678028958061865,463,0.0,0.001,0.0
u_1149,0.08150658749748016,168,0.0,0.787,0.0
u_1150,0.0,-1,0.0,,
u_1151,0.08197240741045961,3082,0.0,0.787,0.0
u_1152,0.0,-1,0.0,,
u_1153,0.02120479337441744,933,0.0,0.101,0.0
u_1154,0.0001623524549033726,414,0.0,0.001,0.0
u_1155,0.044367330286124586,3329,0.0,0.787,0.0
u_1156,0.0,-1,0.0,,
u_1157,0.08417531978986129,1654,0.0,0.787,0.0
u_1158,0.08417531978986129,2256,0.0,0.787,0.0
u_1159,0.003960383812777791,1130,0.0,0.015,0.0
u_1160,0.040931090251021734,868,0.0,0.787,0.0
u_1161,0.08417531978986129,3997,0.0,0.787,0.0
u_1162,0.08417531978986129,494,0.0,0.787,0.0
u_1163,0.12109463265525701,74,0.0,0.787,0.0
u_1164,0.010547221456819371,80,0.0,0.104,0.0
u_1165,0.00048797991610200365,2215,0.0,0.009,0.0
u_1166,0.12157024762131594,1108,0.0,0.787,0.0
u_1167,0.004829367330051435,254,0.0,0.023,0.0
u_1168,0.00046422033506135014,1295,0.0,0.004,0.0
u_1169,0.08027296248609057,486,0.0,0.787,0.0
u_1170,0.0,-1,0.0,,
u_1171,0.10535292442035296,461,0.0,0.675,0.0
u_1172,0.008190861276255526,626,0.0,0.039,0.0
u_1173,0.04645730398385928,1348,0.0,0.221,0.0
u_1174,0.011826478395664447,1348,0.0,0.038,0.0
u_1175,0.021273536832253005,2952,0.0,0.199,0.0
u_1176,0.0,-1,0.0,,
u_1177,0.03993403451481341,3234,0.0,0.787,0.0
u_1178,0.043034914056465874,4760,0.0,0.787,0.0
u_1179,0.043034914056465874,1478,0.0,0.787,0.0
u_1180,0.043034914056465874,3401,0.0,0.787,0.0
u_1181,0.0,-1,0.0,,
u_1182,0.0,-1,0.0,,
u_1183,0.041183387457354725,3117,0.0,0.787,0.0
u_1184,0.0,-1,0.0,,
u_1185,0.06969315113248961,2992,0.0,0.437,0.0
u_1186,0.0,-1,0.0,,
u_1187,0.0,-1,0.0,,
u_1188,0.0,-1,0.0,,
u_1189,0.08464885522396895,1797,0.0,0.787,0.0
u_1190,0.043034914056465874,2572,0.0,0.787,0.0
u_1191,0.043041849958759495,2145,0.0,0.787,0.0
u_1192,0.043034914056465874,4761,0.0,0.787,0.0
u_1193,0.0,-1,0.0,,
u_1194,0.08040467691349275,2471,0.0,0.751,0.0
u_1195,0.020720984114610177,4308,0.0,0.379,0.0
u_1196,8.394535599921638e-05,78,0.0,0.001,0.0
u_1197,0.1253157255232567,3650,0.0,0.787,0.0
u_1198,0.0012447089664625458,1107,0.0,0.005,0.0
u_1199,0.0,-1,0.0,,
u_1200,0.002185551327094575,53,0.0,0.006,0.0
u_1201,0.0,-1,0.0,,
u_1202,0.0,-1,0.0,,
u_1203,0.043034914056465874,3975,0.0,0.787,0.0
u_1204,0.1253157255232567,3148,0.0,0.787,0.0
u_1205,0.0006069274785877182,690,0.0,0.004,0.0
u_1206,0.040670504739316174,5,0.0,0.787,0.0
u_1207,0.001997560571317904,925,0.0,0.019,0.0
u_1208,0.0,-1,0.0,,
u_1209,0.04042489465911441,105,0.0,0.787,0.0
u_1210,0.0,-1,0.0,,
u_1211,0.12356987454462831,46,0.0,0.787,0.0
u_1212,0.03542758016086244,89,0.0,0.166,0.0
u_1213,0.0,-1,0.0,,
u_1214,0.043034914056465874,997,0.0,0.787,0.0
u_1215,0.0,-1,0.0,,
u_1216,0.007893999912270997,1130,0.0,0.052,0.0
u_1217,0.07857697485366187,771,0.0,0.5,0.0
u_1218,0.0009382646991512333,2641,0.0,0.017,0.0
u_1219,0.043034914056465874,2501,0.0,0.787,0.0
u_1220,0.0868520633399389,1049,0.0,0.787,0.0
u_1221,0.08417531978986129,3538,0.0,0.787,0.0
u_1222,0.043034914056465874,4478,0.0,0.787,0.0
u_1223,0.0,-1,0.0,,
u_1224,0.04488429611051293,4655,0.0,0.82,0.0
u_1225,0.043044998654629144,1431,0.0,0.787,0.0
u_1226,0.0,-1,0.0,,
u_1227,0.0,-1,0.0,,
u_1228,0.04278513754833865,2282,0.0,0.787,0.0
u_1229,0.0,-1,0.0,,
u_1230,0.0,-1,0.0,,
u_1231,0.08417531978986129,3740,0.0,0.787,0.0
u_1232,0.08722790960693116,1526,0.0,0.787,0.0
u_1233,0.0008167125102437968,2102,0.0,0.008,0.0
u_1234,0.046699278006275866,2929,0.0,0.436,0.0
u_1235,0.0,-1,0.0,,
u_1236,0.04124037839485352,1667,0.0,0.787,0.0
u_1237,0.10921331558037499,775,0.0,0.522,0.0
u_1238,0.02436547574349311,3750,0.0,0.153,0.0
u_1239,0.08417531978986129,4600,0.0,0.787,0.0
u_1240,0.0,-1,0.0,,
u_1241,0.2005020669043388,1039,0.0,0.77,0.0
u_1242,0.055378101280112384,358,0.0,0.511,0.0
u_1243,0.0,-1,0.0,,
u_1244,0.0,-1,0.0,,
u_1245,0.12530588091995892,4564,0.0,0.787,0.0
u_1246,0.0,-1,0.0,,
u_1247,0.08417531978986129,1886,0.0,0.787,0.0
u_1248,0.0,-1,0.0,,
u_1249,0.08417531978986129,354,0.0,0.787,0.0
u_1250,0.1678312953982862,313,0.0,0.645,0.0
u_1251,0.08229408973472903,1284,0.0,0.787,0.0
u_1252,0.011476939949876315,2002,0.0,0.107,0.0
u_1253,0.0,-1,0.0,,
u_1254,0.043034914056465874,3312,0.0,0.787,0.0
u_1255,0.0,-1,0.0,,
u_1256,0.013109956502043569,2233,0.0,0.083,0.0
u_1257,0.0,-1,0.0,,
u_1258,0.043034914056465874,4329,0.0,0.787,0.0
u_1259,0.0,-1,0.0,,
u_1260,0.0005088051014084771,797,0.0,0.003,0.0
u_1261,0.0,-1,0.0,,
u_1262,0.05880434918512143,4488,0.0,0.55,0.0
u_1263,0.0,-1,0.0,,
u_1264,0.043034914056465874,2068,0.0,0.787,0.0
u_1265,0.0,-1,0.0,,
u_1266,0.007164057265875059,118,0.0,0.07,0.0
u_1267,0.0,-1,0.0,,
u_1268,0.08050467483667433,811,0.0,0.787,0.0
u_1269,0.049628745642350626,4699,0.0,0.907,0.0
u_1270,0.0201166616937573,3077,0.0,0.192,0.0
u_1271,0.009530718487791969,454,0.0,0.06,0.0
u_1272,0.0,-1,0.0,,
u_1273,0.050726678464248026,309,0.0,0.313,0.0
u_1274,0.01126178679785363,1086,0.0,0.206,0.0
u_1275,0.001048556940674586,1282,0.0,0.007,0.0
u_1276,0.0,-1,0.0,,
u_1277,0.08196516706492855,419,0.0,0.787,0.0
u_1278,0.08328822473014878,313,0.0,0.787,0.0
u_1279,0.04410868757298209,105,0.0,0.787,0.0
u_1280,0.0,-1,0.0,,
u_1281,0.0,-1,0.0,,
u_1282,0.0,-1,0.0,,
u_1283,0.043034914056465874,5818,0.0,0.787,0.0
u_1284,0.043034914056465874,1851,0.0,0.787,0.0
u_1285,0.009915099477511803,3987,0.0,0.181,0.0
u_1286,0.0001821762586262441,87,0.0,0.002,0.0
u_1287,0.009021462963312634,3934,0.0,0.165,0.0
u_1288,0.09815614116944683,964,0.0,0.268,0.0
u_1289,0.043034914056465874,824,0.0,0.787,0.0
u_1290,0.0008348738476497524,2560,0.0,0.015,0.0
u_1291,0.0,-1,0.0,,
u_1292,0.0,-1,0.0,,
u_1293,0.0001973534403266504,333,0.0,0.002,0.0
u_1294,0.05505909030543017,2320,0.0,0.259,0.0
u_1295,0.0,-1,0.0,,
u_1296,0.080314630327345,1855,0.0,0.787,0.0
u_1297,0.00018207074595458637,1499,0.0,0.003,0.0
u_1298,0.00957322442755165,1348,0.0,0.03,0.0
u_1299,0.0012477353901421866,963,0.0,0.012,0.0
u_1300,0.08198203683544757,529,0.0,0.787,0.0
u_1301,0.03988921668238777,4232,0.0,0.787,0.0
u_1302,0.08417531978986129,3700,0.0,0.787,0.0
u_1303,0.00039696519883270664,168,0.0,0.002,0.0
u_1304,0.18000491597278157,168,0.0,0.851,0.0
u_1305,0.0021967057156482323,701,0.0,0.014,0.0
u_1306,0.1543230873229429,1502,0.0,0.734,0.0
u_1307,0.0,-1,0.0,,
u_1308,0.07152508499887907,132,0.0,0.271,0.0
u_1309,0.020249822269794646,33,0.0,0.192,0.0
u_1310,0.0,-1,0.0,,
u_1311,0.015706856715346315,1338,0.0,0.099,0.0
u_1312,0.043034914056465874,4303,0.0,0.787,0.0
u_1313,0.0,-1,0.0,,
u_1314,0.0009085619697501648,2615,0.0,0.017,0.0
u_1315,0.021466888375621267,4323,0.0,0.392,0.0
u_1316,0.0,-1,0.0,,
u_1317,0.12277657024768382,2738,0.0,0.787,0.0
u_1318,0.00034457369509610067,1965,0.0,0.006,0.0
u_1319,0.0,-1,0.0,,
u_1320,0.043034914056465874,4098,0.0,0.787,0.0
u_1321,0.004264177810209584,2374,0.0,0.04,0.0
u_1322,0.08358573120089999,168,0.0,0.787,0.0
u_1323,0.001262022287470515,7,0.0,0.004,0.0
u_1324,0.0002541127132123436,1740,0.0,0.005,0.0
u_1325,0.1262913210135728,366,0.0,0.787,0.0
u_1326,0.03350867326935009,4533,0.0,0.612,0.0
u_1327,0.004662512942806674,2536,0.0,0.044,0.0
u_1328,0.0015401128192836539,136,0.0,0.007,0.0
u_1329,0.00023235724371853208,162,0.0,0.002,0.0
u_1330,0.0,-1,0.0,,
u_1331,0.043034914056465874,3658,0.0,0.787,0.0
u_1332,0.04048359662203028,2142,0.0,0.787,0.0
u_1333,0.08101457093448802,1524,0.0,0.787,0.0
u_1334,0.011785596629213285,4044,0.0,0.209,0.0
u_1335,0.0028205413944180986,88,0.0,0.019,0.0
u_1336,0.05728120589230961,3209,0.0,0.356,0.0
u_1337,0.0,-1,0.0,,
u_1338,0.08043322505662484,1060,0.0,0.787,0.0
u_1339,0.0011783201208136946,985,0.0,0.006,0.0
u_1340,0.0013138308486170106,2856,0.0,0.024,0.0
u_1341,0.0008609566241669525,2147,0.0,0.008,0.0
u_1342,0.0002070894711250273,1592,0.0,0.004,0.0
u_1343,0.0002527561948141462,168,0.0,0.002,0.0
u_1344,0.009961808240240967,2446,0.0,0.038,0.0
u_1345,8.259679212297246e-05,83,0.0,0.001,0.0
u_1346,0.03988865536997741,1738,0.0,0.787,0.0
u_1347,0.0,-1,0.0,,
u_1348,0.043034914056465874,3023,0.0,0.787,0.0
u_1349,0.0008803447995507211,87,0.0,0.006,0.0
u_1350,0.08386930296712072,3288,0.0,0.787,0.0
u_1351,0.0,-1,0.0,,
u_1352,0.041001866691641395,2286,0.0,0.787,0.0
u_1353,0.043034914056465874,4762,0.0,0.787,0.0
u_1354,0.058600843494918134,2909,0.0,0.36,0.0
u_1355,0.0,-1,0.0,,
u_1356,0.043034914056465874,4763,0.0,0.787,0.0
u_1357,0.03988863606033433,1309,0.0,0.787,0.0
u_1358,0.040331257918769875,1794,0.0,0.787,0.0
u_1359,0.0,-1,0.0,,
u_1360,0.0004905097798080448,1718,0.0,0.005,0.0
u_1361,0.043034914056465874,1902,0.0,0.787,0.0
u_1362,0.0,-1,0.0,,
u_1363,0.01297965487412354,441,0.0,0.062,0.0
u_1364,0.12665366131467065,2187,0.0,0.787,0.0
u_1365,0.0,-1,0.0,,
u_1366,0.0,-1,0.0,,
u_1367,0.043034914056465874,281,0.0,0.787,0.0
u_1368,0.0,-1,0.0,,
u_1369,0.0,-1,0.0,,
u_1370,0.025791190386101507,577,0.0,0.246,0.0
u_1371,0.0,-1,0.0,,
u_1372,0.0,-1,0.0,,
u_1373,0.04169461940384678,1104,0.0,0.787,0.0
u_1374,0.0004069481235332393,2093,0.0,0.007,0.0
u_1375,0.0,-1,0.0,,
u_1376,0.0,-1,0.0,,
u_1377,0.043034914056465874,4764,0.0,0.787,0.0
u_1378,0.0,-1,0.0,,
u_1379,0.004146240338231147,74,0.0,0.079,0.0
u_1380,0.0011177046999991196,358,0.0,0.021,0.0
u_1381,0.006088256504804131,3552,0.0,0.111,0.0
u_1382,0.01803756025752728,4230,0.0,0.327,0.0
u_1383,0.08483784934515999,272,0.0,0.787,0.0
u_1384,0.00016108039383528342,825,0.0,0.002,0.0
u_1385,0.0834140054852859,1003,0.0,0.787,0.0
u_1386,0.023199646437131988,61,0.0,0.111,0.0
u_1387,0.0,-1,0.0,,
u_1388,0.0008357489817049247,168,0.0,0.008,0.0
u_1389,0.005008236604089067,3623,0.0,0.092,0.0
u_1390,0.00041399445803348304,2103,0.0,0.008,0.0
u_1391,0.009047010191343135,633,0.0,0.056,0.0
u_1392,0.0,-1,0.0,,
u_1393,0.0037814678982379646,820,0.0,0.073,0.0
u_1394,0.0,-1,0.0,,
u_1395,0.0,-1,0.0,,
u_1396,0.0008125289657026022,1668,0.0,0.015,0.0
u_1397,0.0,-1,0.0,,
u_1398,0.0,-1,0.0,,
u_1399,0.10482355482764995,3686,0.0,0.98,0.0
u_1400,0.04062989992842337,4058,0.0,0.787,0.0
u_1401,0.044366676227411105,1722,0.0,0.787,0.0
u_1402,0.04329905278240364,2264,0.0,0.787,0.0
u_1403,6.461487241502281e-05,563,0.0,0.001,0.0
u_1404,0.043034914056465874,4651,0.0,0.787,0.0
u_1405,0.0,-1,0.0,,
u_1406,0.00023735726650167565,1693,0.0,0.004,0.0
u_1407,0.043034914056465874,4765,0.0,0.787,0.0
u_1408,0.044372351702021,2218,0.0,0.787,0.0
u_1409,0.04151119084521982,176,0.0,0.787,0.0
u_1410,0.0,-1,0.0,,
u_1411,0.00019496484789844975,1552,0.0,0.004,0.0
u_1412,0.0,-1,0.0,,
u_1413,0.008672204574348402,383,0.0,0.08,0.0
u_1414,8.958611680782008e-05,159,0.0,0.001,0.0
u_1415,0.0003727165400688434,1538,0.0,0.003,0.0
u_1416,0.0,-1,0.0,,
u_1417,0.043034914056465874,4075,0.0,0.787,0.0
u_1418,0.02750132587558642,1373,0.0,0.129,0.0
u_1419,0.0,-1,0.0,,
u_1420,0.043034914056465874,2088,0.0,0.787,0.0
u_1421,0.0008172189198612907,548,0.0,0.005,0.0
u_1422,0.041537458184353844,2627,0.0,0.382,0.0
u_1423,0.05118035712427011,1144,0.0,0.24,0.0
u_1424,0.003799205950899854,478,0.0,0.035,0.0
u_1425,0.0,-1,0.0,,
u_1426,0.2289635534896632,472,0.0,0.731,0.0
u_1427,0.0,-1,0.0,,
u_1428,0.0,-1,0.0,,
u_1429,0.00020088643012218405,1565,0.0,0.004,0.0
u_1430,0.0,-1,0.0,,
u_1431,0.12405073584122345,904,0.0,0.787,0.0
u_1432,0.043034914056465874,4417,0.0,0.787,0.0
u_1433,0.08235317080877418,1543,0.0,0.787,0.0
u_1434,0.08372748530546983,964,0.0,0.787,0.0
u_1435,0.13710252758372068,285,0.0,0.85,0.0
u_1436,0.009594068656419081,1859,0.0,0.06,0.0
u_1437,0.0009428727394964253,25,0.0,0.004,0.0
u_1438,0.0,-1,0.0,,
u_1439,0.09361750336012345,1403,0.0,0.589,0.0
u_1440,0.0012422869946896824,1280,0.0,0.012,0.0
u_1441,0.042140416585422356,538,0.0,0.787,0.0
u_1442,0.001169988741478396,2781,0.0,0.021,0.0
u_1443,0.043034914056465874,3455,0.0,0.787,0.0
u_1444,0.0399901883226615,1481,0.0,0.787,0.0
u_1445,0.02018731801749643,4007,0.0,0.19,0.0
u_1446,0.0,-1,0.0,,
u_1447,0.03845796820872951,460,0.0,0.186,0.0
u_1448,0.019574538886242228,460,0.0,0.121,0.0
u_1449,0.0,-1,0.0,,
u_1450,0.015703882784958326,2673,0.0,0.099,0.0
u_1451,0.009561317992170798,3965,0.0,0.175,0.0
u_1452,0.041280587859767494,1626,0.0,0.787,0.0
u_1453,0.00019727931813431554,500,0.0,0.002,0.0
u_1454,0.08551350344656541,2411,0.0,0.787,0.0
u_1455,0.0078117732411316435,1328,0.0,0.075,0.0
u_1456,0.0006481240886042837,277,0.0,0.012,0.0
u_1457,0.0,-1,0.0,,
u_1458,0.0,-1,0.0,,
u_1459,0.0443689913404209,4295,0.0,0.787,0.0
u_1460,0.06612617819650805,2026,0.0,0.618,0.0
u_1461,0.04078198112335031,350,0.0,0.787,0.0
u_1462,4.4131402572423525e-05,116,0.0,0.001,0.0
u_1463,9.030332148803424e-05,154,0.0,0.001,0.0
u_1464,0.0,-1,0.0,,
u_1465,0.037325728313144416,2303,0.0,0.361,0.0
u_1466,0.0,-1,0.0,,
u_1467,0.0,-1,0.0,,
u_1468,0.043034914056465874,3048,0.0,0.787,0.0
u_1469,0.08236585600865273,2124,0.0,0.787,0.0
u_1470,0.001709336478916445,646,0.0,0.008,0.0
u_1471,0.02117991367889832,366,0.0,0.135,0.0
u_1472,0.01701895043107927,168,0.0,0.292,0.0
u_1473,0.039888575123083046,1526,0.0,0.787,0.0
u_1474,0.08404759494807665,222,0.0,0.787,0.0
u_1475,0.00026736767359655827,983,0.0,0.003,0.0
u_1476,0.04406318957501712,2291,0.0,0.787,0.0
u_1477,0.0,-1,0.0,,
u_1478,0.043034914056465874,4766,0.0,0.787,0.0
u_1479,0.0024950928939768374,3206,0.0,0.046,0.0
u_1480,0.0,-1,0.0,,
u_1481,0.0,-1,0.0,,
u_1482,0.0,-1,0.0,,
u_1483,0.0020661750000779506,3107,0.0,0.038,0.0
u_1484,0.0,-1,0.0,,
u_1485,0.0001258624918100501,545,0.0,0.001,0.0
u_1486,0.0,-1,0.0,,
u_1487,0.015324329267415306,3033,0.0,0.143,0.0
u_1488,0.0,-1,0.0,,
u_1489,0.06706530968151167,74,0.0,0.324,0.0
u_1490,0.0,-1,0.0,,
u_1491,0.042011202018574195,278,0.0,0.787,0.0
u_1492,0.0,-1,0.0,,
u_1493,0.02427727841016869,4370,0.0,0.444,0.0
u_1494,0.001329235964985416,929,0.0,0.008,0.0
u_1495,0.0004124720273369484,2101,0.0,0.008,0.0
u_1496,0.043034914056465874,5819,0.0,0.787,0.0
u_1497,0.0,-1,0.0,,
u_1498,0.058121950283728796,99,0.0,0.372,0.0
u_1499,0.041698565345397044,1378,0.0,0.787,0.0
u_1500,0.049910590526326536,1858,0.0,0.307,0.0
u_1501,0.027283896425707624,4434,0.0,0.499,0.0
u_1502,0.0,-1,0.0,,
u_1503,0.0,-1,0.0,,
u_1504,0.00016243689276593368,832,0.0,0.002,0.0
u_1505,0.0015885311892811307,2109,0.0,0.015,0.0
u_1506,0.0,-1,0.0,,
u_1507,0.043034914056465874,899,0.0,0.787,0.0
u_1508,0.00031208858127228884,1410,0.0,0.003,0.0
u_1509,0.035076372163815005,4558,0.0,0.641,0.0
u_1510,0.0,-1,0.0,,
u_1511,0.002482201323710549,3203,0.0,0.045,0.0
u_1512,0.04435664822775992,4412,0.0,0.787,0.0
u_1513,0.03988902009022797,3176,0.0,0.787,0.0
u_1514,0.043034914056465874,4767,0.0,0.787,0.0
u_1515,0.0,-1,0.0,,
u_1516,0.00036097332842821323,89,0.0,0.004,0.0
u_1517,0.005197023288918583,1126,0.0,0.096,0.0
u_1518,0.038576878101973085,1623,0.0,0.36,0.0
u_1519,0.043028872649551686,3072,0.0,0.787,0.0
u_1520,0.02061713506622652,1570,0.0,0.384,0.0
u_1521,0.0,-1,0.0,,
u_1522,0.0007587922054466994,2075,0.0,0.007,0.0
u_1523,0.043034914056465874,743,0.0,0.787,0.0
u_1524,0.006718919210949131,778,0.0,0.042,0.0
u_1525,0.03309851257185677,1109,0.0,0.154,0.0
u_1526,0.043034914056465874,4648,0.0,0.787,0.0
u_1527,0.12102380008177946,189,0.0,0.787,0.0
u_1528,0.00014481525901000747,703,0.0,0.001,0.0
u_1529,0.03988885762019668,1876,0.0,0.787,0.0
u_1530,0.03988752795076532,74,0.0,0.787,0.0
u_1531,0.08685193479601301,930,0.0,0.787,0.0
u_1532,0.0,-1,0.0,,
u_1533,0.00018008122978110025,625,0.0,0.003,0.0
u_1534,0.043034914056465874,5820,0.0,0.787,0.0
u_1535,0.1253157255232567,1584,0.0,0.787,0.0
u_1536,0.08618882111493732,274,0.0,0.787,0.0
u_1537,0.0008782615047030638,2177,0.0,0.008,0.0
u_1538,0.0,-1,0.0,,
u_1539,0.07919339691063298,1635,0.0,0.74,0.0
u_1540,0.08370039440505829,2147,0.0,0.787,0.0
u_1541,0.02417436846472233,1645,0.0,0.226,0.0
u_1542,0.0,-1,0.0,,
u_1543,0.04437136156793252,2830,0.0,0.787,0.0
u_1544,0.08417531978986129,2802,0.0,0.787,0.0
u_1545,0.0002588069631643543,197,0.0,0.003,0.0
u_1546,0.0,-1,0.0,,
u_1547,0.0,-1,0.0,,
u_1548,0.002438177394489275,843,0.0,0.011,0.0
u_1549,0.045160325126406026,74,0.0,0.174,0.0
u_1550,0.04206768807602897,22,0.0,0.787,0.0
u_1551,0.0031804815712567383,3360,0.0,0.058,0.0
u_1552,0.005408700700639001,3656,0.0,0.099,0.0
u_1553,0.00584055866293769,1144,0.0,0.055,0.0
u_1554,0.043034914056465874,2394,0.0,0.787,0.0
u_1555,0.009123863399397343,3943,0.0,0.167,0.0
u_1556,0.0,-1,0.0,,
u_1557,0.0,-1,0.0,,
u_1558,0.08176803474947547,845,0.0,0.787,0.0
u_1559,0.01736055611473748,168,0.0,0.164,0.0
u_1560,0.043034914056465874,2329,0.0,0.787,0.0
u_1561,0.08280599613562276,373,0.0,0.787,0.0
u_1562,0.0,-1,0.0,,
u_1563,0.04081580176078252,161,0.0,0.787,0.0
u_1564,0.0,-1,0.0,,
u_1565,0.043034914056465874,2538,0.0,0.787,0.0
u_1566,0.0003546676850377089,1998,0.0,0.006,0.0
u_1567,0.0,-1,0.0,,
u_1568,0.0,-1,0.0,,
u_1569,0.08019002088192256,333,0.0,0.787,0.0
u_1570,0.12530905869122363,668,0.0,0.787,0.0
u_1571,0.04314447756847109,2153,0.0,0.787,0.0
u_1572,0.1259188306376644,925,0.0,0.787,0.0
u_1573,0.01964396183408272,2461,0.0,0.193,0.0
u_1574,0.0008522819531185989,1570,0.0,0.004,0.0
u_1575,0.27896427597823453,2773,0.0,0.882,0.0
u_1576,0.044373288991170046,4141,0.0,0.787,0.0
u_1577,0.043034914056465874,3292,0.0,0.787,0.0
u_1578,0.0,-1,0.0,,
u_1579,0.009372660040073416,1452,0.0,0.087,0.0
u_1580,0.042130407716432006,5252,0.0,0.787,0.0
u_1581,0.003224410907545595,995,0.0,0.03,0.0
u_1582,0.0,-1,0.0,,
u_1583,0.2231269413706263,276,0.0,0.707,0.0
u_1584,0.004686044223503573,3180,0.0,0.044,0.0
u_1585,0.08204463361292647,208,0.0,0.787,0.0
u_1586,0.00289029253521819,2789,0.0,0.056,0.0
u_1587,0.011500361158101503,4047,0.0,0.21,0.0
u_1588,0.0414443213658736,32,0.0,0.787,0.0
u_1589,0.004729085094164926,3185,0.0,0.044,0.0
u_1590,0.08639966441284276,978,0.0,0.807,0.0
u_1591,0.00016193735837187804,272,0.0,0.003,0.0
u_1592,0.0,-1,0.0,,
u_1593,0.043034914056465874,5821,0.0,0.787,0.0
u_1594,0.0004799427742801852,89,0.0,0.003,0.0
u_1595,0.03277873773979973,4523,0.0,0.599,0.0
u_1596,0.0,-1,0.0,,
u_1597,0.006256934952274918,350,0.0,0.061,0.0
u_1598,0.16496746795832568,613,0.0,0.787,0.0
u_1599,0.0009478217138372593,2219,0.0,0.009,0.0
u_1600,0.0,-1,0.0,,
u_1601,0.020328783370004287,4294,0.0,0.372,0.0
u_1602,0.043034914056465874,4768,0.0,0.787,0.0
u_1603,0.0,-1,0.0,,
u_1604,0.040285652867708695,2212,0.0,0.787,0.0
u_1605,0.03992022586104822,1237,0.0,0.787,0.0
u_1606,0.0,-1,0.0,,
u_1607,9.091722384711924e-05,957,0.0,0.002,0.0
u_1608,0.08023863491993989,2320,0.0,0.787,0.0
u_1609,0.0,-1,0.0,,
u_1610,0.0,-1,0.0,,
u_1611,0.0007525226508409014,99,0.0,0.007,0.0
u_1612,0.04437240258922669,3438,0.0,0.787,0.0
u_1613,0.0009866840175819637,2263,0.0,0.01,0.0
u_1614,0.0,-1,0.0,,
u_1615,0.04347630297203594,3698,0.0,0.787,0.0
u_1616,0.043034914056465874,3377,0.0,0.787,0.0
u_1617,0.0,-1,0.0,,
u_1618,0.0,-1,0.0,,
u_1619,0.04056349243079704,178,0.0,0.787,0.0
u_1620,0.043034914056465874,4735,0.0,0.787,0.0
u_1621,0.0,-1,0.0,,
u_1622,0.08417531978986129,2581,0.0,0.787,0.0
u_1623,0.033918250142712554,1272,0.0,0.219,0.0
u_1624,0.043034914056465874,4769,0.0,0.787,0.0
u_1625,0.002942050343167018,3289,0.0,0.052,0.0
u_1626,0.041573277673068496,1141,0.0,0.787,0.0
u_1627,0.14079460535139565,2923,0.0,0.534,0.0
u_1628,0.12730133828353865,765,0.0,0.787,0.0
u_1629,0.0,-1,0.0,,
u_1630,0.0007777002173367864,2516,0.0,0.014,0.0
u_1631,0.0004691409610720313,2185,0.0,0.009,0.0
u_1632,0.08551266867687612,4163,0.0,0.787,0.0
u_1633,0.00022951677426778154,321,0.0,0.001,0.0
u_1634,0.0016560775824772172,1179,0.0,0.008,0.0
u_1635,0.043034914056465874,859,0.0,0.787,0.0
u_1636,0.09626087762266082,2240,0.0,0.9,0.0
u_1637,0.03988752909830055,1557,0.0,0.787,0.0
u_1638,0.043034914056465874,31,0.0,0.787,0.0
u_1639,0.04175312215777575,168,0.0,0.787,0.0
u_1640,0.043034914056465874,1150,0.0,0.787,0.0
u_1641,0.07312191326783875,1193,0.0,0.469,0.0
u_1642,0.02385643007106899,4362,0.0,0.436,0.0
u_1643,0.0,-1,0.0,,
u_1644,0.0019952836352114555,1686,0.0,0.013,0.0
u_1645,0.043034914056465874,2275,0.0,0.787,0.0
u_1646,0.059454112783206725,280,0.0,0.283,0.0
u_1647,0.01000103677119753,268,0.0,0.092,0.0
u_1648,0.0,-1,0.0,,
u_1649,0.09100404548332494,1801,0.0,0.432,0.0
u_1650,0.0,-1,0.0,,
u_1651,0.12302570998151802,439,0.0,0.589,0.0
u_1652,0.054044496678253486,1748,0.0,0.339,0.0
u_1653,0.0,-1,0.0,,
u_1654,0.04437099248630163,1964,0.0,0.787,0.0
u_1655,0.0015966868457880541,1800,0.0,0.01,0.0
u_1656,0.001041118551008471,30,0.0,0.007,0.0
u_1657,0.0,-1,0.0,,
u_1658,0.0,-1,0.0,,
u_1659,0.0,-1,0.0,,
u_1660,0.0,-1,0.0,,
u_1661,0.0,-1,0.0,,
u_1662,0.040988013253776746,1,0.0,0.388,0.0
u_1663,0.0,-1,0.0,,
u_1664,0.009335839717422538,3952,0.0,0.171,0.0
u_1665,0.0,-1,0.0,,
u_1666,0.05854256109235036,2008,0.0,0.559,0.0
u_1667,0.0,-1,0.0,,
u_1668,0.0013846204197684087,2198,0.0,0.009,0.0
u_1669,0.00011565039014695719,1158,0.0,0.002,0.0
u_1670,0.01041902372519351,438,0.0,0.101,0.0
u_1671,0.0,-1,0.0,,
u_1672,0.04045349912420568,87,0.0,0.787,0.0
u_1673,4.3511133667453385e-05,11,0.0,0.001,0.0
u_1674,0.043034914056465874,3061,0.0,0.787,0.0
u_1675,0.0,-1,0.0,,
u_1676,0.0,-1,0.0,,
u_1677,0.0,-1,0.0,,
u_1678,0.018306181741846145,2128,0.0,0.069,0.0
u_1679,0.010051654843686105,672,0.0,0.064,0.0
u_1680,0.011352775982200367,3689,0.0,0.106,0.0
u_1681,0.0,-1,0.0,,
u_1682,0.004973021519754136,1417,0.0,0.031,0.0
u_1683,0.0012074940932171238,2783,0.0,0.021,0.0
u_1684,0.009883884379979568,3982,0.0,0.181,0.0
u_1685,0.03286906624398358,266,0.0,0.207,0.0
u_1686,0.0003056120662508465,71,0.0,0.006,0.0
u_1687,0.08259066826965629,1427,0.0,0.787,0.0
u_1688,0.0,-1,0.0,,
u_1689,0.0015941574793197312,1696,0.0,0.01,0.0
u_1690,0.0,-1,0.0,,
u_1691,0.009514114670956553,345,0.0,0.089,0.0
u_1692,0.0400929979364773,222,0.0,0.787,0.0
u_1693,0.04336719001418345,2200,0.0,0.787,0.0
u_1694,0.0,-1,0.0,,
u_1695,0.022272683920095925,3176,0.0,0.138,0.0
u_1696,0.08354522991103688,767,0.0,0.787,0.0
u_1697,0.0,-1,0.0,,
u_1698,0.12033846800999659,446,0.0,0.787,0.0
u_1699,0.0,-1,0.0,,
u_1700,0.0,-1,0.0,,
u_1701,0.03988837488415195,336,0.0,0.787,0.0
u_1702,0.0,-1,0.0,,
u_1703,0.01250439523515527,80,0.0,0.059,0.0
u_1704,0.014425464637902901,890,0.0,0.091,0.0
u_1705,0.01448427073656791,910,0.0,0.137,0.0
u_1706,0.039702631352244944,168,0.0,0.387,0.0
u_1707,0.043034914056465874,4025,0.0,0.787,0.0
u_1708,0.04261588358998752,675,0.0,0.787,0.0
u_1709,0.043034914056465874,2592,0.0,0.787,0.0
u_1710,0.013121367711456867,3772,0.0,0.123,0.0
u_1711,0.0,-1,0.0,,
u_1712,0.0,-1,0.0,,
u_1713,0.005979620808406992,332,0.0,0.023,0.0
u_1714,0.0024935082656101976,2574,0.0,0.016,0.0
u_1715,0.0,-1,0.0,,
u_1716,0.09626136227342787,222,0.0,0.909,0.0
u_1717,0.0038211331545849507,1108,0.0,0.073,0.0
u_1718,0.028304511333935477,4453,0.0,0.517,0.0
u_1719,0.0854616637111504,1063,0.0,0.787,0.0
u_1720,0.043034914056465874,1127,0.0,0.787,0.0
u_1721,0.0004928583635572159,2222,0.0,0.009,0.0
u_1722,0.08417531978986129,1077,0.0,0.787,0.0
u_1723,0.0,-1,0.0,,
u_1724,0.0010802552569935432,615,0.0,0.021,0.0
u_1725,0.043034914056465874,4366,0.0,0.787,0.0
u_1726,0.0022014829030012548,3133,0.0,0.04,0.0
u_1727,0.043034914056465874,2520,0.0,0.787,0.0
u_1728,0.0,-1,0.0,,
u_1729,0.08365758558646955,1756,0.0,0.787,0.0
u_1730,0.0008552504197447435,2142,0.0,0.008,0.0
u_1731,0.005143122369623275,3638,0.0,0.094,0.0
u_1732,0.03989027390354315,4722,0.0,0.787,0.0
u_1733,0.0408450163359406,982,0.0,0.787,0.0
u_1734,0.001333762965335166,963,0.0,0.013,0.0
u_1735,0.001525454224203339,2935,0.0,0.027,0.0
u_1736,0.006544588234427975,3395,0.0,0.061,0.0
u_1737,0.044372673971297016,4716,0.0,0.787,0.0
u_1738,0.0,-1,0.0,,
u_1739,0.004874643173079447,2291,0.0,0.046,0.0
u_1740,0.0,-1,0.0,,
u_1741,0.008035179446317287,1101,0.0,0.05,0.0
u_1742,0.004071453515382096,2894,0.0,0.026,0.0
u_1743,0.041659623675145856,619,0.0,0.195,0.0
u_1744,0.04046151665695976,661,0.0,0.787,0.0
u_1745,0.0,-1,0.0,,
u_1746,0.001741015244766781,3022,0.0,0.032,0.0
u_1747,0.0,-1,0.0,,
u_1748,0.11999934097468706,1416,0.0,0.787,0.0
u_1749,0.0,-1,0.0,,
u_1750,0.08417531978986129,4044,0.0,0.787,0.0
u_1751,0.021023540418876496,473,0.0,0.102,0.0
u_1752,0.043034914056465874,4770,0.0,0.787,0.0
u_1753,0.0,-1,0.0,,
u_1754,0.043034914056465874,3869,0.0,0.787,0.0
u_1755,0.043034914056465874,4771,0.0,0.787,0.0
u_1756,0.08493600951839379,982,0.0,0.787,0.0
u_1757,0.0,-1,0.0,,
u_1758,0.00024844429745031303,1724,0.0,0.005,0.0
u_1759,6.373898458333944e-05,553,0.0,0.001,0.0
u_1760,0.0,-1,0.0,,
u_1761,0.043216350220553784,88,0.0,0.267,0.0
u_1762,0.12041361890997834,1763,0.0,0.787,0.0
u_1763,0.043034914056465874,1670,0.0,0.787,0.0
u_1764,9.347499296316167e-05,958,0.0,0.002,0.0
u_1765,0.0,-1,0.0,,
u_1766,0.0,-1,0.0,,
u_1767,0.0,-1,0.0,,
u_1768,0.024218901534638324,280,0.0,0.234,0.0
u_1769,0.0,-1,0.0,,
u_1770,0.0,-1,0.0,,
u_1771,0.043034914056465874,3808,0.0,0.787,0.0
u_1772,0.04208711710322522,1187,0.0,0.787,0.0
u_1773,0.0,-1,0.0,,
u_1774,0.044370018582469105,4636,0.0,0.787,0.0
u_1775,0.0,-1,0.0,,
u_1776,0.018901533239509504,4254,0.0,0.346,0.0
u_1777,0.0002729693965527409,77,0.0,0.005,0.0
u_1778,0.043034914056465874,5822,0.0,0.787,0.0
u_1779,0.0,-1,0.0,,
u_1780,0.0,-1,0.0,,
u_1781,0.0,-1,0.0,,
u_1782,0.0,-1,0.0,,
u_1783,0.0027537717175741745,2836,0.0,0.025,0.0
u_1784,0.0,-1,0.0,,
u_1785,0.0001709789161404771,890,0.0,0.002,0.0
u_1786,0.0,-1,0.0,,
u_1787,0.01641134075461259,853,0.0,0.104,0.0
u_1788,0.0,-1,0.0,,
u_1789,0.0,-1,0.0,,
u_1790,0.04015586962445675,472,0.0,0.787,0.0
u_1791,0.07945846623420005,320,0.0,0.787,0.0
u_1792,0.0431039193767354,2060,0.0,0.787,0.0
u_1793,0.08507376418372976,2230,0.0,0.787,0.0
u_1794,0.019446049909836702,1524,0.0,0.124,0.0
u_1795,0.009325689628230854,702,0.0,0.087,0.0
u_1796,0.016763720414782038,2475,0.0,0.303,0.0
u_1797,0.0,-1,0.0,,
u_1798,0.003843732528857938,3082,0.0,0.036,0.0
u_1799,0.00014259681957310235,162,0.0,0.001,0.0
u_1800,0.08236630710979355,4772,0.0,0.787,0.0
u_1801,0.0,-1,0.0,,
u_1802,0.04023411255858096,132,0.0,0.787,0.0
u_1803,0.08417531978986129,4601,0.0,0.787,0.0
u_1804,0.043034914056465874,5823,0.0,0.787,0.0
u_1805,0.0,-1,0.0,,
u_1806,0.043034914056465874,5824,0.0,0.787,0.0
u_1807,0.006589049061774386,3793,0.0,0.128,0.0
u_1808,0.0,-1,0.0,,
u_1809,0.04712640600368102,4357,0.0,0.434,0.0
u_1810,0.0,-1,0.0,,
u_1811,0.12839531175516236,904,0.0,0.787,0.0
u_1812,0.0,-1,0.0,,
u_1813,0.0002838799222239462,984,0.0,0.002,0.0
u_1814,0.2858645724180343,671,0.0,0.906,0.0
u_1815,0.0,-1,0.0,,
u_1816,0.043034914056465874,4711,0.0,0.787,0.0
u_1817,0.0,-1,0.0,,
u_1818,0.028281319081316928,7,0.0,0.183,0.0
u_1819,0.00249460628864981,1687,0.0,0.023,0.0
u_1820,0.0,-1,0.0,,
u_1821,0.043034914056465874,4773,0.0,0.787,0.0
u_1822,0.0,-1,0.0,,
u_1823,0.0,-1,0.0,,
u_1824,0.08298519559278185,176,0.0,0.787,0.0
u_1825,0.026384982176896044,185,0.0,0.125,0.0
u_1826,0.0402013407663596,266,0.0,0.787,0.0
u_1827,0.08417531978986129,2868,0.0,0.787,0.0
u_1828,0.08681215933636391,593,0.0,0.803,0.0
u_1829,0.0009339757373442434,2637,0.0,0.017,0.0
u_1830,0.08236630710979355,5825,0.0,0.787,0.0
u_1831,0.0807409984120796,3035,0.0,0.787,0.0
u_1832,0.00018148551892670367,950,0.0,0.002,0.0
u_1833,0.0009246554184183269,797,0.0,0.009,0.0
u_1834,0.00010703336241537675,377,0.0,0.001,0.0
u_1835,0.043326081291745866,586,0.0,0.787,0.0
u_1836,0.08314001504698679,991,0.0,0.787,0.0
u_1837,0.0,-1,0.0,,
u_1838,0.0,-1,0.0,,
u_1839,0.0,-1,0.0,,
u_1840,0.042443774326624245,926,0.0,0.787,0.0
u_1841,0.042646791397829814,2308,0.0,0.787,0.0
u_1842,0.043034914056465874,3523,0.0,0.787,0.0
u_1843,0.05286646370987355,4730,0.0,0.966,0.0
u_1844,0.043034914056465874,3231,0.0,0.787,0.0
u_1845,0.008117127141361792,222,0.0,0.053,0.0
u_1846,0.043034914056465874,3814,0.0,0.787,0.0
u_1847,0.03242608237791972,1372,0.0,0.153,0.0
u_1848,0.08417531978986129,3262,0.0,0.787,0.0
u_1849,0.043034914056465874,4774,0.0,0.787,0.0
u_1850,0.043017592910230995,64,0.0,0.787,0.0
u_1851,0.0,-1,0.0,,
u_1852,0.0019026101142559067,1320,0.0,0.012,0.0
u_1853,0.0017935371229712645,1108,0.0,0.034,0.0
u_1854,0.00019243240359296263,1010,0.0,0.002,0.0
u_1855,0.01694220010959465,993,0.0,0.106,0.0
u_1856,0.043034914056465874,3049,0.0,0.787,0.0
u_1857,0.0,-1,0.0,,
u_1858,0.0007247967120969,161,0.0,0.003,0.0
u_1859,0.006526684297586479,3752,0.0,0.119,0.0
u_1860,0.0,-1,0.0,,
u_1861,0.0,-1,0.0,,
u_1862,0.0,-1,0.0,,
u_1863,0.0005182348123936629,278,0.0,0.01,0.0
u_1864,0.004347171538410419,3541,0.0,0.079,0.0
u_1865,0.004095663753483859,3512,0.0,0.075,0.0
u_1866,0.0,-1,0.0,,
u_1867,0.0824508019844277,316,0.0,0.787,0.0
u_1868,0.04285678761418269,333,0.0,0.268,0.0
u_1869,0.0005421170727364631,1519,0.0,0.003,0.0
u_1870,0.041275759133405324,292,0.0,0.787,0.0
u_1871,0.016578640142386424,4190,0.0,0.297,0.0
u_1872,0.09451812389084084,2734,0.0,0.887,0.0
u_1873,0.0821030749588546,305,0.0,0.787,0.0
u_1874,0.002655076888233428,738,0.0,0.013,0.0
u_1875,0.04437266091412357,3974,0.0,0.787,0.0
u_1876,0.0,-1,0.0,,
u_1877,0.0011964071810442165,2795,0.0,0.022,0.0
u_1878,0.0,-1,0.0,,
u_1879,0.043144376963061795,217,0.0,0.787,0.0
u_1880,0.0,-1,0.0,,
u_1881,0.0,-1,0.0,,
u_1882,0.0003011475055526795,229,0.0,0.002,0.0
u_1883,0.010866718830197544,2256,0.0,0.206,0.0
u_1884,0.0,-1,0.0,,
u_1885,0.0001901600283381458,1535,0.0,0.003,0.0
u_1886,0.00013285014678196075,621,0.0,0.001,0.0
u_1887,0.017811235096278546,2880,0.0,0.113,0.0
u_1888,0.12198071689718949,932,0.0,0.787,0.0
u_1889,0.0,-1,0.0,,
u_1890,0.043034914056465874,821,0.0,0.787,0.0
u_1891,0.003579504714081444,3050,0.0,0.034,0.0
u_1892,0.08439445281079003,1858,0.0,0.787,0.0
u_1893,7.589298878783468e-05,747,0.0,0.001,0.0
u_1894,0.0,-1,0.0,,
u_1895,9.950862572337639e-05,1016,0.0,0.002,0.0
u_1896,0.0001532300618887766,551,0.0,0.001,0.0
u_1897,0.0,-1,0.0,,
u_1898,0.0,-1,0.0,,
u_1899,0.0,-1,0.0,,
u_1900,0.0,-1,0.0,,
u_1901,0.0006142691304834003,2366,0.0,0.011,0.0
u_1902,0.0009175819394998977,474,0.0,0.003,0.0
u_1903,5.169952161532145e-05,308,0.0,0.001,0.0
u_1904,0.0019334534495590238,2270,0.0,0.012,0.0
u_1905,0.0,-1,0.0,,
u_1906,0.043034914056465874,3425,0.0,0.787,0.0
u_1907,0.08626108663534604,912,0.0,0.787,0.0
u_1908,0.0,-1,0.0,,
u_1909,0.08417531978986129,4560,0.0,0.787,0.0
u_1910,0.043034914056465874,1889,0.0,0.787,0.0
u_1911,0.0,-1,0.0,,
u_1912,0.0,-1,0.0,,
u_1913,0.0,-1,0.0,,
u_1914,0.0,-1,0.0,,
u_1915,0.0,-1,0.0,,
u_1916,0.0,-1,0.0,,
u_1917,0.0,-1,0.0,,
u_1918,0.0,-1,0.0,,
u_1919,0.004323354284513235,3546,0.0,0.08,0.0
u_1920,0.031054573839999013,486,0.0,0.195,0.0
u_1921,0.08498052218878278,903,0.0,0.787,0.0
u_1922,0.0,-1,0.0,,
u_1923,0.0,-1,0.0,,
u_1924,0.04633840242566887,1065,0.0,0.292,0.0
u_1925,0.0003090098499404694,170,0.0,0.002,0.0
u_1926,0.052225791534512706,2486,0.0,0.199,0.0
u_1927,0.0,-1,0.0,,
u_1928,0.011435732617017308,1580,0.0,0.043,0.0
u_1929,0.0030154088916085117,800,0.0,0.055,0.0
u_1930,0.0027341377476849393,161,0.0,0.025,0.0
u_1931,0.015372884694228128,4165,0.0,0.281,0.0
u_1932,0.0006497875640000409,1526,0.0,0.006,0.0
u_1933,0.0,-1,0.0,,
u_1934,0.08417531978986129,1825,0.0,0.787,0.0
u_1935,0.0,-1,0.0,,
u_1936,0.04280637382068213,112,0.0,0.269,0.0
u_1937,0.03168751678304895,168,0.0,0.609,0.0
u_1938,0.043034914056465874,2042,0.0,0.787,0.0
u_1939,0.08304170341978771,2028,0.0,0.787,0.0
u_1940,0.00031643809299755946,1874,0.0,0.006,0.0
u_1941,0.021934180691921514,910,0.0,0.139,0.0
u_1942,0.043034914056465874,5826,0.0,0.787,0.0
u_1943,5.8610579236543986e-05,540,0.0,0.001,0.0
u_1944,0.043034914056465874,4775,0.0,0.787,0.0
u_1945,0.0001337220635996051,1249,0.0,0.002,0.0
u_1946,0.0,-1,0.0,,
u_1947,0.0,-1,0.0,,
u_1948,0.08237151041275192,1189,0.0,0.787,0.0
u_1949,0.08242250431760967,1858,0.0,0.787,0.0
u_1950,0.0,-1,0.0,,
u_1951,0.04023336002004527,1126,0.0,0.787,0.0
u_1952,0.0,-1,0.0,,
u_1953,0.0008528960793744835,2572,0.0,0.016,0.0
u_1954,0.0,-1,0.0,,
u_1955,0.0,-1,0.0,,
u_1956,0.011555604066897894,358,0.0,0.111,0.0
u_1957,0.043034914056465874,4776,0.0,0.787,0.0
u_1958,0.0007111158611192264,252,0.0,0.007,0.0
u_1959,0.043034914056465874,1579,0.0,0.787,0.0
u_1960,0.08417531978986129,3125,0.0,0.787,0.0
u_1961,0.0012827593465430576,2831,0.0,0.023,0.0
u_1962,0.0004362849838220007,2136,0.0,0.008,0.0
u_1963,0.0,-1,0.0,,
u_1964,0.003213868575593479,2597,0.0,0.02,0.0
u_1965,0.0017528066901966114,3007,0.0,0.031,0.0
u_1966,0.04104910021479567,1339,0.0,0.787,0.0
u_1967,0.0,-1,0.0,,
u_1968,0.0005464927873088554,2289,0.0,0.01,0.0
u_1969,0.043034914056465874,4777,0.0,0.787,0.0
u_1970,0.043034914056465874,5827,0.0,0.787,0.0
u_1971,0.0,-1,0.0,,
u_1972,0.022067056143142066,915,0.0,0.105,0.0
u_1973,0.00037233104730999544,887,0.0,0.003,0.0
u_1974,0.0,-1,0.0,,
u_1975,0.041557580641544876,2545,0.0,0.787,0.0
u_1976,0.0008211810096107457,2124,0.0,0.008,0.0
u_1977,0.0,-1,0.0,,
u_1978,0.0009559786418934154,2633,0.0,0.017,0.0
u_1979,0.0,-1,0.0,,
u_1980,0.0,-1,0.0,,
u_1981,0.08045261042133746,154,0.0,0.787,0.0
u_1982,0.043034914056465874,2674,0.0,0.787,0.0
u_1983,0.0,-1,0.0,,
u_1984,0.0,-1,0.0,,
u_1985,0.0,-1,0.0,,
u_1986,0.0,-1,0.0,,
u_1987,0.08275036363026335,608,0.0,0.787,0.0
u_1988,0.0005449304379819374,162,0.0,0.003,0.0
u_1989,0.04133087533989781,278,0.0,0.158,0.0
u_1990,0.0,-1,0.0,,
u_1991,0.04303514448433452,2409,0.0,0.787,0.0
u_1992,0.0,-1,0.0,,
u_1993,0.043034914056465874,4236,0.0,0.787,0.0
u_1994,0.04443529379972949,1771,0.0,0.787,0.0
u_1995,0.0,-1,0.0,,
u_1996,0.0,-1,0.0,,
u_1997,0.00015424530990575244,254,0.0,0.001,0.0
u_1998,0.044372024232123754,4376,0.0,0.787,0.0
u_1999,0.00206717117102776,3108,0.0,0.038,0.0
u_2000,0.0,-1,0.0,,
u_2001,0.043034519294386064,2112,0.0,0.787,0.0
u_2002,0.0,-1,0.0,,
u_2003,0.0,-1,0.0,,
u_2004,0.0,-1,0.0,,
u_2005,0.0004971610326170587,1742,0.0,0.005,0.0
u_2006,0.02376432630205715,4068,0.0,0.222,0.0
u_2007,0.043034914056465874,3875,0.0,0.787,0.0
u_2008,0.00025641282283231256,162,0.0,0.005,0.0
u_2009,0.0417364854228559,164,0.0,0.787,0.0
u_2010,0.0038740239553887662,1846,0.0,0.037,0.0
u_2011,0.0,-1,0.0,,
u_2012,0.04103302188934237,222,0.0,0.787,0.0
u_2013,0.1253157255232567,2678,0.0,0.787,0.0
u_2014,0.0,-1,0.0,,
u_2015,0.00018530018990796658,1516,0.0,0.003,0.0
u_2016,0.024625466513481905,1023,0.0,0.233,0.0
u_2017,0.0,-1,0.0,,
u_2018,0.08417531978986129,4285,0.0,0.787,0.0
u_2019,0.05013012474027612,189,0.0,0.318,0.0
u_2020,0.0,-1,0.0,,
u_2021,0.0007021183107465088,968,0.0,0.003,0.0
u_2022,0.0,-1,0.0,,
u_2023,0.043034914056465874,4461,0.0,0.787,0.0
u_2024,0.0,-1,0.0,,
u_2025,0.0,-1,0.0,,
u_2026,8.293600976706753e-05,853,0.0,0.002,0.0
u_2027,8.678172929161376e-05,873,0.0,0.002,0.0
u_2028,0.043034914056465874,1664,0.0,0.787,0.0
u_2029,0.005691493536796651,3680,0.0,0.104,0.0
u_2030,0.08417531978986129,2514,0.0,0.787,0.0
u_2031,0.08507329630892271,1352,0.0,0.787,0.0
u_2032,0.0,-1,0.0,,
u_2033,0.0,-1,0.0,,
u_2034,0.00014538365937969395,720,0.0,0.001,0.0
u_2035,0.0,-1,0.0,,
u_2036,0.0,-1,0.0,,
u_2037,0.043034914056465874,4778,0.0,0.787,0.0
u_2038,0.043034914056465874,4779,0.0,0.787,0.0
u_2039,0.043034914056465874,1008,0.0,0.787,0.0
u_2040,0.015505714012743201,889,0.0,0.138,0.0
u_2041,0.043034914056465874,4780,0.0,0.787,0.0
u_2042,0.00019553048760147023,75,0.0,0.002,0.0
u_2043,0.0003478921892431643,379,0.0,0.003,0.0
u_2044,0.03658695553596012,132,0.0,0.236,0.0
u_2045,0.0002800124172634299,1812,0.0,0.005,0.0
u_2046,0.04437294012548475,319,0.0,0.787,0.0
u_2047,0.04055088854430953,4584,0.0,0.682,0.0
u_2048,0.011567838582949746,133,0.0,0.055,0.0
u_2049,0.04437118264663854,576,0.0,0.787,0.0
u_2050,0.043034914056465874,2856,0.0,0.787,0.0
u_2051,0.0889810854478246,178,0.0,0.556,0.0
u_2052,0.0008728028994307302,2590,0.0,0.016,0.0
u_2053,0.008552902606150726,3554,0.0,0.082,0.0
u_2054,0.0,-1,0.0,,
u_2055,0.0,-1,0.0,,
u_2056,0.03989059156362322,2067,0.0,0.787,0.0
u_2057,0.20364146202390035,919,0.0,0.973,0.0
u_2058,0.0007306564330395371,2481,0.0,0.013,0.0
u_2059,0.07027394419361065,1427,0.0,0.45,0.0
u_2060,0.009569755569949207,3966,0.0,0.175,0.0
u_2061,0.043034914056465874,3169,0.0,0.787,0.0
u_2062,0.08159914624923283,756,0.0,0.787,0.0
u_2063,0.04753009737479856,223,0.0,0.444,0.0
u_2064,0.041722177236529386,787,0.0,0.787,0.0
u_2065,0.06024624190916691,1972,0.0,0.585,0.0
u_2066,0.043034914056465874,2180,0.0,0.787,0.0
u_2067,0.0,-1,0.0,,
u_2068,0.01004740887111007,77,0.0,0.19,0.0
u_2069,0.0,-1,0.0,,
u_2070,0.0,-1,0.0,,
u_2071,0.06549145123789414,1687,0.0,0.425,0.0
u_2072,0.0,-1,0.0,,
u_2073,0.1423836610091674,4462,0.0,0.68,0.0
u_2074,0.08731772562355732,238,0.0,0.787,0.0
u_2075,0.10545320695354757,2788,0.0,0.985,0.0
u_2076,0.039890292274302935,1675,0.0,0.787,0.0
u_2077,0.0006981905134994839,2004,0.0,0.007,0.0
u_2078,0.08332208796787373,805,0.0,0.787,0.0
u_2079,0.10106907955246827,942,0.0,0.47,0.0
u_2080,0.0,-1,0.0,,
u_2081,0.043034914056465874,3697,0.0,0.787,0.0
u_2082,0.045867616285451274,332,0.0,0.291,0.0
u_2083,0.0,-1,0.0,,
u_2084,0.0012608484798321451,2389,0.0,0.012,0.0
u_2085,0.043034914056465874,2908,0.0,0.787,0.0
u_2086,0.0031478476575180665,2989,0.0,0.03,0.0
u_2087,0.0,-1,0.0,,
u_2088,0.0,-1,0.0,,
u_2089,0.043034914056465874,4323,0.0,0.787,0.0
u_2090,0.0,-1,0.0,,
u_2091,0.0,-1,0.0,,
u_2092,0.0,-1,0.0,,
u_2093,0.005645331269081955,53,0.0,0.053,0.0
u_2094,0.0,-1,0.0,,
u_2095,0.043034914056465874,4239,0.0,0.787,0.0
u_2096,0.04209259125435038,1503,0.0,0.787,0.0
u_2097,0.0019451377871446658,3069,0.0,0.036,0.0
u_2098,0.003937697509846189,3485,0.0,0.072,0.0
u_2099,0.0,-1,0.0,,
u_2100,0.0,-1,0.0,,
u_2101,0.08551124588719701,1617,0.0,0.787,0.0
u_2102,0.002923209789866305,900,0.0,0.027,0.0
u_2103,0.003344326984289911,87,0.0,0.021,0.0
u_2104,0.0,-1,0.0,,
u_2105,0.049805723210730915,1786,0.0,0.481,0.0
u_2106,0.0,-1,0.0,,
u_2107,0.021779950747846985,2711,0.0,0.135,0.0
u_2108,0.04437078377845002,1803,0.0,0.787,0.0
u_2109,0.08239355883080567,856,0.0,0.787,0.0
u_2110,0.043034914056465874,4781,0.0,0.787,0.0
u_2111,0.0,-1,0.0,,
u_2112,0.0,-1,0.0,,
u_2113,0.0,-1,0.0,,
u_2114,0.0,-1,0.0,,
u_2115,0.003333090130215167,1788,0.0,0.063,0.0
u_2116,0.0,-1,0.0,,
u_2117,0.0,-1,0.0,,
u_2118,0.0,-1,0.0,,
u_2119,0.0,-1,0.0,,
u_2120,0.0,-1,0.0,,
u_2121,0.0,-1,0.0,,
u_2122,0.10149549911875447,1415,0.0,0.948,0.0
u_2123,0.0001257724729617834,113,0.0,0.001,0.0
u_2124,0.043034914056465874,5828,0.0,0.787,0.0
u_2125,0.12363803709295615,1459,0.0,0.787,0.0
u_2126,0.04437350663636362,3718,0.0,0.787,0.0
u_2127,0.008459241729362776,3895,0.0,0.155,0.0
u_2128,0.0,-1,0.0,,
u_2129,0.03836237090574046,2734,0.0,0.122,0.0
u_2130,0.0009016871508592579,457,0.0,0.006,0.0
u_2131,0.017842782175671472,1130,0.0,0.11,0.0
u_2132,0.08173284587849643,1562,0.0,0.787,0.0
u_2133,0.0,-1,0.0,,
u_2134,0.0,-1,0.0,,
u_2135,0.020395710364976952,1341,0.0,0.096,0.0
u_2136,0.0003493242195443031,1473,0.0,0.003,0.0
u_2137,0.13115049631989578,1524,0.0,0.828,0.0
u_2138,0.042607316509442376,654,0.0,0.787,0.0
u_2139,0.028509004045406683,549,0.0,0.262,0.0
u_2140,0.0,-1,0.0,,
u_2141,0.05344353975511382,4721,0.0,0.947,0.0
u_2142,0.0,-1,0.0,,
u_2143,0.0004251928760720503,452,0.0,0.002,0.0
u_2144,0.1325963539015184,280,0.0,0.841,0.0
u_2145,0.0,-1,0.0,,
u_2146,8.611228372114585e-05,838,0.0,0.002,0.0
u_2147,0.0,-1,0.0,,
u_2148,0.007510354323911744,714,0.0,0.073,0.0
u_2149,0.00021064429404947779,707,0.0,0.001,0.0
u_2150,0.1252117306852707,74,0.0,0.787,0.0
u_2151,0.001716685642670557,97,0.0,0.008,0.0
u_2152,0.0004607080748707041,2159,0.0,0.008,0.0
u_2153,0.06600632943329539,538,0.0,0.617,0.0
u_2154,0.002445560599603808,2806,0.0,0.022,0.0
u_2155,0.043034914056465874,4782,0.0,0.787,0.0
u_2156,0.043034914056465874,1641,0.0,0.787,0.0
u_2157,0.03926209332976351,49,0.0,0.372,0.0
u_2158,0.0,-1,0.0,,
u_2159,0.0001066247886327832,361,0.0,0.001,0.0
u_2160,0.0,-1,0.0,,
u_2161,0.0011417119685545026,2755,0.0,0.021,0.0
u_2162,0.0,-1,0.0,,
u_2163,7.121464455666039e-05,639,0.0,0.001,0.0
u_2164,0.043034914056465874,5829,0.0,0.787,0.0
u_2165,0.0,-1,0.0,,
u_2166,0.0,-1,0.0,,
u_2167,0.08417531978986129,1869,0.0,0.787,0.0
u_2168,0.004826670780978311,149,0.0,0.045,0.0
u_2169,0.0,-1,0.0,,
u_2170,0.0056096785363779055,3673,0.0,0.103,0.0
u_2171,0.043034914056465874,4532,0.0,0.787,0.0
u_2172,0.08089768079436206,965,0.0,0.787,0.0
u_2173,0.0,-1,0.0,,
u_2174,0.043034914056465874,4692,0.0,0.787,0.0
u_2175,0.04045007517604564,3844,0.0,0.787,0.0
u_2176,0.08431812879618658,1210,0.0,0.787,0.0
u_2177,0.010553533871578112,770,0.0,0.101,0.0
u_2178,0.08867169400826731,2988,0.0,0.829,0.0
u_2179,0.08027651554419647,168,0.0,0.787,0.0
u_2180,0.0,-1,0.0,,
u_2181,0.0001136185209943916,455,0.0,0.001,0.0
u_2182,0.043034914056465874,2020,0.0,0.787,0.0
u_2183,0.043034914056465874,2927,0.0,0.787,0.0
u_2184,0.0,-1,0.0,,
u_2185,0.00017871107501870437,1455,0.0,0.003,0.0
u_2186,0.043034914056465874,3762,0.0,0.787,0.0
u_2187,0.043034914056465874,4363,0.0,0.787,0.0
u_2188,0.07950235658434525,74,0.0,0.781,0.0
u_2189,0.0004735174458121132,2193,0.0,0.009,0.0
u_2190,0.043034914056465874,3621,0.0,0.787,0.0
u_2191,0.0012635851525162319,1497,0.0,0.008,0.0
u_2192,0.00440813545984708,249,0.0,0.028,0.0
u_2193,0.07381834863364681,155,0.0,0.354,0.0
u_2194,0.019346182655588854,1943,0.0,0.178,0.0
u_2195,0.04437290468986755,1827,0.0,0.787,0.0
u_2196,4.0848476850518245e-05,42,0.0,0.001,0.0
u_2197,0.0,-1,0.0,,
u_2198,0.0011112126315990494,2773,0.0,0.021,0.0
u_2199,0.24462637278462268,168,0.0,0.942,0.0
u_2200,0.08502467380171143,2389,0.0,0.787,0.0
u_2201,0.0,-1,0.0,,
u_2202,0.0,-1,0.0,,
u_2203,0.02659829580172845,2097,0.0,0.256,0.0
u_2204,0.0022157730580753543,2752,0.0,0.021,0.0
u_2205,0.007032909987510002,77,0.0,0.045,0.0
u_2206,0.043034914056465874,3269,0.0,0.787,0.0
u_2207,0.08417531978986129,2325,0.0,0.787,0.0
u_2208,0.0,-1,0.0,,
u_2209,0.0,-1,0.0,,
u_2210,0.0,-1,0.0,,
u_2211,0.17008408355278165,1371,0.0,0.645,0.0
u_2212,0.0695305442619503,4028,0.0,0.647,0.0
u_2213,0.041425346157375725,2545,0.0,0.787,0.0
u_2214,0.012185591290235437,49,0.0,0.114,0.0
u_2215,0.0,-1,0.0,,
u_2216,0.0014074934346444653,1427,0.0,0.026,0.0
u_2217,0.0,-1,0.0,,
u_2218,0.0,-1,0.0,,
u_2219,0.0,-1,0.0,,
u_2220,0.0,-1,0.0,,
u_2221,0.004432043378353396,2488,0.0,0.042,0.0
u_2222,0.0,-1,0.0,,
u_2223,0.003132567445190872,3324,0.0,0.056,0.0
u_2224,0.043034914056465874,3516,0.0,0.787,0.0
u_2225,0.0,-1,0.0,,
u_2226,6.943296185132275e-05,293,0.0,0.001,0.0
u_2227,0.0,-1,0.0,,
u_2228,0.043034914056465874,4213,0.0,0.787,0.0
u_2229,0.0,-1,0.0,,
u_2230,0.08362886173992473,1006,0.0,0.787,0.0
u_2231,0.01709840276638836,1931,0.0,0.108,0.0
u_2232,0.0,-1,0.0,,
u_2233,0.0,-1,0.0,,
u_2234,0.0,-1,0.0,,
u_2235,0.0,-1,0.0,,
u_2236,0.08417531978986129,3664,0.0,0.787,0.0
u_2237,0.04114369096627009,577,0.0,0.787,0.0
u_2238,0.08076495529456772,7,0.0,0.787,0.0
u_2239,0.043034914056465874,4783,0.0,0.787,0.0
u_2240,0.07028129893022786,3257,0.0,0.657,0.0
u_2241,0.00017253682674807337,805,0.0,0.002,0.0
u_2242,0.0007628518481322385,1039,0.0,0.014,0.0
u_2243,0.0009844189125224026,2648,0.0,0.017,0.0
u_2244,0.005748968385893751,3311,0.0,0.054,0.0
u_2245,0.001989359117999884,3086,0.0,0.036,0.0
u_2246,0.08270639828913029,2597,0.0,0.787,0.0
u_2247,0.043034914056465874,4411,0.0,0.787,0.0
u_2248,0.0009239737423160444,858,0.0,0.009,0.0
u_2249,0.0,-1,0.0,,
u_2250,0.00020692609928961003,1060,0.0,0.004,0.0
u_2251,0.0,-1,0.0,,
u_2252,0.000860718727846053,2578,0.0,0.016,0.0
u_2253,0.0,-1,0.0,,
u_2254,0.043034914056465874,4615,0.0,0.787,0.0
u_2255,0.04209119408792417,1374,0.0,0.787,0.0
u_2256,0.0,-1,0.0,,
u_2257,0.0,-1,0.0,,
u_2258,8.432321890157215e-05,58,0.0,0.001,0.0
u_2259,0.03988766312717232,176,0.0,0.787,0.0
u_2260,0.0,-1,0.0,,
u_2261,0.04812042331999479,223,0.0,0.866,0.0
u_2262,0.08236846472970362,2939,0.0,0.787,0.0
u_2263,0.0,-1,0.0,,
u_2264,0.0003219011518207215,1902,0.0,0.006,0.0
u_2265,0.0011287335677592116,1578,0.0,0.011,0.0
u_2266,0.0057748741609078445,603,0.0,0.054,0.0
u_2267,0.08417531978986129,335,0.0,0.787,0.0
u_2268,0.0,-1,0.0,,
u_2269,0.0002453693684082811,441,0.0,0.002,0.0
u_2270,0.0,-1,0.0,,
u_2271,0.00034229698297019186,1063,0.0,0.006,0.0
u_2272,0.0,-1,0.0,,
u_2273,0.043034914056465874,4174,0.0,0.787,0.0
u_2274,0.011991437192843077,3562,0.0,0.116,0.0
u_2275,0.0003636349985879322,1541,0.0,0.004,0.0
u_2276,0.043787773377096925,672,0.0,0.787,0.0
u_2277,0.05857090596202016,193,0.0,0.364,0.0
u_2278,0.0,-1,0.0,,
u_2279,0.00013828192402436072,697,0.0,0.001,0.0
u_2280,0.18127909897638184,360,0.0,0.682,0.0
u_2281,0.08551331037358206,3793,0.0,0.787,0.0
u_2282,0.08417531978986129,3084,0.0,0.787,0.0
u_2283,0.08348752108581894,2707,0.0,0.787,0.0
u_2284,0.0025298123873307926,276,0.0,0.024,0.0
u_2285,0.043034914056465874,1978,0.0,0.787,0.0
u_2286,0.06335234142949625,2429,0.0,0.599,0.0
u_2287,0.04304378213592409,1498,0.0,0.787,0.0
u_2288,0.06574124410208479,1265,0.0,0.615,0.0
u_2289,0.0001132793912085562,483,0.0,0.001,0.0
u_2290,0.038962305911387274,227,0.0,0.376,0.0
u_2291,0.0,-1,0.0,,
u_2292,0.06054139138491384,1555,0.0,0.387,0.0
u_2293,0.043034914056465874,415,0.0,0.787,0.0
u_2294,0.08402002866098571,136,0.0,0.787,0.0
u_2295,0.0033610602246892914,3380,0.0,0.06,0.0
u_2296,8.107958950173601e-05,7,0.0,0.001,0.0
u_2297,0.07753123355094549,402,0.0,0.744,0.0
u_2298,0.00018799262621418202,1529,0.0,0.003,0.0
u_2299,0.0,-1,0.0,,
u_2300,0.04041895249427136,25,0.0,0.787,0.0
u_2301,0.0149940539787973,127,0.0,0.096,0.0
u_2302,0.00010328667950888564,338,0.0,0.001,0.0
u_2303,0.0,-1,0.0,,
u_2304,0.0,-1,0.0,,
u_2305,0.0,-1,0.0,,
u_2306,0.0,-1,0.0,,
u_2307,0.043034914056465874,4784,0.0,0.787,0.0
u_2308,0.0,-1,0.0,,
u_2309,0.04113380214593176,1023,0.0,0.787,0.0
u_2310,0.0005710763111396295,485,0.0,0.003,0.0
u_2311,0.015618550952877458,916,0.0,0.147,0.0
u_2312,0.08716848942236066,619,0.0,0.787,0.0
u_2313,0.0,-1,0.0,,
u_2314,0.12170018331461421,5,0.0,0.787,0.0
u_2315,0.006306080110828208,358,0.0,0.061,0.0
u_2316,0.024568370534372736,61,0.0,0.231,0.0
u_2317,0.0021084726455121217,3114,0.0,0.039,0.0
u_2318,0.04013728162006516,1570,0.0,0.376,0.0
u_2319,0.042262013798571765,4015,0.0,0.787,0.0
u_2320,0.0,-1,0.0,,
u_2321,0.0,-1,0.0,,
u_2322,0.020910603460881014,645,0.0,0.079,0.0
u_2323,0.0061629156490858785,3372,0.0,0.059,0.0
u_2324,0.09077140271578774,1018,0.0,0.848,0.0
u_2325,0.04170224737982316,1462,0.0,0.787,0.0
u_2326,0.043034914056465874,3154,0.0,0.787,0.0
u_2327,0.040394917108407674,1630,0.0,0.787,0.0
u_2328,0.03735366960375197,452,0.0,0.355,0.0
u_2329,0.0,-1,0.0,,
u_2330,0.0,-1,0.0,,
u_2331,0.043034914056465874,5830,0.0,0.787,0.0
u_2332,0.043034914056465874,4785,0.0,0.787,0.0
u_2333,0.04381251757426854,1452,0.0,0.787,0.0
u_2334,0.0,-1,0.0,,
u_2335,0.08417531978986129,975,0.0,0.787,0.0
u_2336,0.043034914056465874,1529,0.0,0.787,0.0
u_2337,0.011540788779555555,4037,0.0,0.205,0.0
u_2338,0.018713700348090966,4250,0.0,0.342,0.0
u_2339,0.0,-1,0.0,,
u_2340,0.0,-1,0.0,,
u_2341,0.04437311884978859,2485,0.0,0.787,0.0
u_2342,0.0,-1,0.0,,
u_2343,0.0,-1,0.0,,
u_2344,0.04303134627931812,2112,0.0,0.787,0.0
u_2345,0.07630915715908346,2452,0.0,0.724,0.0
u_2346,0.00011079823557092361,445,0.0,0.001,0.0
u_2347,0.043034914056465874,57,0.0,0.787,0.0
u_2348,0.03156800071887167,4511,0.0,0.577,0.0
u_2349,0.0,-1,0.0,,
u_2350,0.0,-1,0.0,,
u_2351,0.04607186669594399,1763,0.0,0.287,0.0
u_2352,0.0,-1,0.0,,
u_2353,0.0,-1,0.0,,
u_2354,0.0840519163751197,1362,0.0,0.787,0.0
u_2355,0.0,-1,0.0,,
u_2356,0.04437165682364669,3742,0.0,0.787,0.0
u_2357,0.04437239772785379,709,0.0,0.787,0.0
u_2358,0.0,-1,0.0,,
u_2359,5.302910645122005e-05,346,0.0,0.001,0.0
u_2360,0.0,-1,0.0,,
u_2361,0.08417531978986129,3289,0.0,0.787,0.0
u_2362,0.08363478050850913,797,0.0,0.787,0.0
u_2363,0.05251302129154596,886,0.0,0.491,0.0
u_2364,0.04199648435149159,333,0.0,0.787,0.0
u_2365,0.043034914056465874,4685,0.0,0.787,0.0
u_2366,0.0,-1,0.0,,
u_2367,0.04099492865337406,2078,0.0,0.787,0.0
u_2368,0.0,-1,0.0,,
u_2369,0.0,-1,0.0,,
u_2370,0.043034914056465874,5831,0.0,0.787,0.0
u_2371,0.0029697677648627793,789,0.0,0.028,0.0
u_2372,0.0,-1,0.0,,
u_2373,0.0313153990033837,484,0.0,0.099,0.0
u_2374,0.0024465086368152433,222,0.0,0.047,0.0
u_2375,0.0,-1,0.0,,
u_2376,0.0,-1,0.0,,
u_2377,0.00015374828241115958,1370,0.0,0.003,0.0
u_2378,0.0,-1,0.0,,
u_2379,0.004857785876263424,1765,0.0,0.031,0.0
u_2380,0.1883882374015416,168,0.0,0.728,0.0
u_2381,0.0,-1,0.0,,
u_2382,0.0020947457242001277,3113,0.0,0.038,0.0
u_2383,0.0,-1,0.0,,
u_2384,0.043034914056465874,2770,0.0,0.787,0.0
u_2385,0.0,-1,0.0,,
u_2386,0.0,-1,0.0,,
u_2387,0.0,-1,0.0,,
u_2388,0.0002659084176252826,87,0.0,0.002,0.0
u_2389,0.0,-1,0.0,,
u_2390,0.0,-1,0.0,,
u_2391,0.007955460548307971,1200,0.0,0.051,0.0
u_2392,0.039888231232609386,3994,0.0,0.787,0.0
u_2393,0.0,-1,0.0,,
u_2394,0.0008314767106215223,1593,0.0,0.008,0.0
u_2395,0.0,-1,0.0,,
u_2396,0.0008758517491454521,2594,0.0,0.016,0.0
u_2397,0.004335119510418924,1948,0.0,0.04,0.0
u_2398,0.08625976341971893,278,0.0,0.787,0.0
u_2399,0.0,-1,0.0,,
u_2400,0.0,-1,0.0,,
u_2401,0.08417531978986129,1294,0.0,0.787,0.0
u_2402,0.08256718845385111,1586,0.0,0.791,0.0
u_2403,0.005926110525517662,498,0.0,0.115,0.0
u_2404,0.043034914056465874,3951,0.0,0.787,0.0
u_2405,0.0012699077465904351,1925,0.0,0.012,0.0
u_2406,9.273869456432033e-05,948,0.0,0.002,0.0
u_2407,0.04354948521243544,1593,0.0,0.787,0.0
u_2408,0.04002585845017844,88,0.0,0.787,0.0
u_2409,0.0,-1,0.0,,
u_2410,0.039893080018830865,3920,0.0,0.787,0.0
u_2411,8.955541804783531e-05,157,0.0,0.001,0.0
u_2412,0.0,-1,0.0,,
u_2413,0.08417531978986129,2251,0.0,0.787,0.0
u_2414,0.0,-1,0.0,,
u_2415,0.0,-1,0.0,,
u_2416,0.043034914056465874,2922,0.0,0.787,0.0
u_2417,0.08477093987893539,3328,0.0,0.787,0.0
u_2418,0.0,-1,0.0,,
u_2419,0.017804107146446566,1802,0.0,0.11,0.0
u_2420,0.041619311278988644,74,0.0,0.787,0.0
u_2421,0.0,-1,0.0,,
u_2422,0.0,-1,0.0,,
u_2423,0.0,-1,0.0,,
u_2424,0.0,-1,0.0,,
u_2425,0.00019566900486701726,1032,0.0,0.002,0.0
u_2426,0.040342524901420714,860,0.0,0.787,0.0
u_2427,0.0,-1,0.0,,
u_2428,0.0338678755466627,409,0.0,0.213,0.0
u_2429,0.040551043144974555,2240,0.0,0.787,0.0
u_2430,0.043034914056465874,4172,0.0,0.787,0.0
u_2431,0.043034914056465874,1278,0.0,0.787,0.0
u_2432,0.0,-1,0.0,,
u_2433,0.0,-1,0.0,,
u_2434,0.042467133952812576,2748,0.0,0.787,0.0
u_2435,0.08506850702637386,787,0.0,0.402,0.0
u_2436,0.0,-1,0.0,,
u_2437,0.0,-1,0.0,,
u_2438,0.0010374163228894177,2694,0.0,0.019,0.0
u_2439,0.0,-1,0.0,,
u_2440,0.0,-1,0.0,,
u_2441,0.07482678406823286,278,0.0,0.724,0.0
u_2442,0.05140527382690329,4715,0.0,0.94,0.0
u_2443,0.0,-1,0.0,,
u_2444,0.08417531978986129,3849,0.0,0.787,0.0
u_2445,0.0,-1,0.0,,
u_2446,0.0,-1,0.0,,
u_2447,0.060415992046905946,1486,0.0,0.379,0.0
u_2448,0.0,-1,0.0,,
u_2449,0.004783564424199328,3597,0.0,0.087,0.0
u_2450,0.010970525084636452,1221,0.0,0.042,0.0
u_2451,0.043034914056465874,5832,0.0,0.787,0.0
u_2452,0.0,-1,0.0,,
u_2453,0.0002078262969828411,1596,0.0,0.004,0.0
u_2454,0.0,-1,0.0,,
u_2455,0.040648576341304456,1673,0.0,0.787,0.0
u_2456,0.0,-1,0.0,,
u_2457,0.007137589330500375,3802,0.0,0.13,0.0
u_2458,0.04718611168007454,2732,0.0,0.919,0.0
u_2459,0.06569793123367554,924,0.0,0.604,0.0
u_2460,0.0,-1,0.0,,
u_2461,0.0025902801273077316,480,0.0,0.05,0.0
u_2462,0.0027900289194341993,87,0.0,0.018,0.0
u_2463,0.0017674070483285854,1515,0.0,0.017,0.0
u_2464,0.0,-1,0.0,,
u_2465,0.043034914056465874,1857,0.0,0.787,0.0
u_2466,0.0001007857239614766,87,0.0,0.002,0.0
u_2467,0.0,-1,0.0,,
u_2468,0.0,-1,0.0,,
u_2469,0.0,-1,0.0,,
u_2470,0.0,-1,0.0,,
u_2471,0.0,-1,0.0,,
u_2472,0.0,-1,0.0,,
u_2473,0.04199395064345,988,0.0,0.787,0.0
u_2474,0.039888216536022626,929,0.0,0.787,0.0
u_2475,0.09256229155884593,76,0.0,0.844,0.0
u_2476,0.0,-1,0.0,,
u_2477,0.0026703620934987312,251,0.0,0.017,0.0
u_2478,0.08744626627587389,547,0.0,0.82,0.0
u_2479,0.08417531978986129,2915,0.0,0.787,0.0
u_2480,0.0013436479614913222,2865,0.0,0.025,0.0
u_2481,0.00010099090703927142,1073,0.0,0.002,0.0
u_2482,0.0,-1,0.0,,
u_2483,0.043034914056465874,2349,0.0,0.787,0.0
u_2484,0.0,-1,0.0,,
u_2485,0.02780133279878421,4445,0.0,0.508,0.0
u_2486,0.001850463157850103,3046,0.0,0.034,0.0
u_2487,0.043834936078875196,2198,0.0,0.787,0.0
u_2488,0.0849673456068538,1752,0.0,0.787,0.0
u_2489,0.0,-1,0.0,,
u_2490,0.001567074771433985,168,0.0,0.031,0.0
u_2491,0.004670150057484488,332,0.0,0.03,0.0
u_2492,0.08417531978986129,4275,0.0,0.787,0.0
u_2493,0.00012478078707861022,555,0.0,0.001,0.0
u_2494,0.03988788471677692,2593,0.0,0.787,0.0
u_2495,0.0011159772943324369,358,0.0,0.011,0.0
u_2496,0.0,-1,0.0,,
u_2497,0.0,-1,0.0,,
u_2498,0.0,-1,0.0,,
u_2499,0.0415136710639154,368,0.0,0.787,0.0
u_2500,0.0009913878909545402,2243,0.0,0.009,0.0
u_2501,0.0,-1,0.0,,
u_2502,0.0009223106434165537,1691,0.0,0.004,0.0
u_2503,0.052126275242050456,565,0.0,1.0,0.0
u_2504,0.043034914056465874,4786,0.0,0.787,0.0
u_2505,0.0,-1,0.0,,
u_2506,0.039889546762980524,3530,0.0,0.787,0.0
u_2507,0.043034914056465874,5833,0.0,0.787,0.0
u_2508,0.0,-1,0.0,,
u_2509,0.08564004817251612,87,0.0,0.787,0.0
u_2510,0.043034914056465874,3083,0.0,0.787,0.0
u_2511,0.08352730757791249,861,0.0,0.787,0.0
u_2512,0.0,-1,0.0,,
u_2513,0.0,-1,0.0,,
u_2514,0.0813782205569014,251,0.0,0.787,0.0
u_2515,0.0,-1,0.0,,
u_2516,0.0,-1,0.0,,
u_2517,0.07963085091989354,3282,0.0,0.787,0.0
u_2518,0.002475440258823227,1297,0.0,0.044,0.0
u_2519,0.0034857337148601593,3030,0.0,0.033,0.0
u_2520,0.0,-1,0.0,,
u_2521,7.506458287145435e-05,734,0.0,0.001,0.0
u_2522,0.004204420567319499,2921,0.0,0.026,0.0
u_2523,0.0,-1,0.0,,
u_2524,0.039890496371111875,2606,0.0,0.787,0.0
u_2525,0.0028255438510415795,513,0.0,0.018,0.0
u_2526,0.08417531978986129,3641,0.0,0.787,0.0
u_2527,0.0,-1,0.0,,
u_2528,0.0,-1,0.0,,
u_2529,0.04171343925078559,3257,0.0,0.787,0.0
u_2530,0.022227050843801242,87,0.0,0.216,0.0
u_2531,0.0004138221387923412,446,0.0,0.003,0.0
u_2532,0.0006911391040775212,919,0.0,0.004,0.0
u_2533,0.0,-1,0.0,,
u_2534,0.04369396332174355,1166,0.0,0.206,0.0
u_2535,0.0,-1,0.0,,
u_2536,0.00038854181894571463,1765,0.0,0.007,0.0
u_2537,0.0,-1,0.0,,
u_2538,0.0001588977433505617,1397,0.0,0.003,0.0
u_2539,0.04186424715878862,993,0.0,0.787,0.0
u_2540,0.043034914056465874,3615,0.0,0.787,0.0
u_2541,0.0,-1,0.0,,
u_2542,0.0,-1,0.0,,
u_2543,0.0024341119165462895,2836,0.0,0.024,0.0
u_2544,0.08417185080625092,659,0.0,0.787,0.0
u_2545,0.0,-1,0.0,,
u_2546,0.0,-1,0.0,,
u_2547,0.043206554480797126,3309,0.0,0.787,0.0
u_2548,0.001378157328153204,2461,0.0,0.013,0.0
u_2549,0.015056020999454791,2863,0.0,0.283,0.0
u_2550,0.0,-1,0.0,,
u_2551,0.043034914056465874,5834,0.0,0.787,0.0
u_2552,0.0,-1,0.0,,
u_2553,0.07085483826802676,3781,0.0,0.652,0.0
u_2554,0.0,-1,0.0,,
u_2555,0.0,-1,0.0,,
u_2556,0.0,-1,0.0,,
u_2557,0.0,-1,0.0,,
u_2558,0.0,-1,0.0,,
u_2559,0.0,-1,0.0,,
u_2560,0.0,-1,0.0,,
u_2561,0.0,-1,0.0,,
u_2562,0.0,-1,0.0,,
u_2563,0.0,-1,0.0,,
u_2564,0.0,-1,0.0,,
u_2565,0.0,-1,0.0,,
u_2566,0.0,-1,0.0,,
u_2567,0.0016187816811245987,1818,0.0,0.01,0.0
u_2568,0.043034914056465874,5835,0.0,0.787,0.0
u_2569,0.03702211044803383,420,0.0,0.702,0.0
u_2570,0.0012169522780579713,693,0.0,0.012,0.0
u_2571,0.043034914056465874,3794,0.0,0.787,0.0
u_2572,0.0,-1,0.0,,
u_2573,0.0,-1,0.0,,
u_2574,0.026045036024409177,711,0.0,0.163,0.0
u_2575,0.043034914056465874,3350,0.0,0.787,0.0
u_2576,0.0,-1,0.0,,
u_2577,0.0,-1,0.0,,
u_2578,0.08236630710979355,4787,0.0,0.787,0.0
u_2579,0.0,-1,0.0,,
u_2580,0.0,-1,0.0,,
u_2581,0.0,-1,0.0,,
u_2582,0.0,-1,0.0,,
u_2583,0.0,-1,0.0,,
u_2584,0.0839274045601168,3789,0.0,0.787,0.0
u_2585,0.0,-1,0.0,,
u_2586,0.043034914056465874,4788,0.0,0.787,0.0
u_2587,0.001609898502864814,2987,0.0,0.029,0.0
u_2588,0.043034914056465874,918,0.0,0.787,0.0
u_2589,0.0,-1,0.0,,
u_2590,0.0,-1,0.0,,
u_2591,0.007077304540213243,3406,0.0,0.067,0.0
u_2592,0.0652691069629842,1507,0.0,0.621,0.0
u_2593,0.0,-1,0.0,,
u_2594,0.0,-1,0.0,,
u_2595,0.0008666520567868009,2582,0.0,0.016,0.0
u_2596,0.0,-1,0.0,,
u_2597,0.035741552367459836,161,0.0,0.348,0.0
u_2598,0.043034914056465874,3545,0.0,0.787,0.0
u_2599,0.0026826678376989433,2877,0.0,0.025,0.0
u_2600,0.0,-1,0.0,,
u_2601,0.043034914056465874,4789,0.0,0.787,0.0
u_2602,0.0,-1,0.0,,
u_2603,0.004616101549240441,3574,0.0,0.084,0.0
u_2604,0.043706454306770406,989,0.0,0.787,0.0
u_2605,0.043034914056465874,5836,0.0,0.787,0.0
u_2606,0.0,-1,0.0,,
u_2607,0.03537548787352268,470,0.0,0.641,0.0
u_2608,0.060823006435581195,1756,0.0,0.573,0.0
u_2609,0.0,-1,0.0,,
u_2610,0.0,-1,0.0,,
u_2611,0.04148945418251796,942,0.0,0.787,0.0
u_2612,0.007237183739833531,3808,0.0,0.132,0.0
u_2613,0.0,-1,0.0,,
u_2614,0.0,-1,0.0,,
u_2615,0.0,-1,0.0,,
u_2616,0.040733547051086526,74,0.0,0.787,0.0
u_2617,0.0,-1,0.0,,
u_2618,0.02152003046821287,4326,0.0,0.393,0.0
u_2619,0.04059419205832572,1846,0.0,0.787,0.0
u_2620,0.05959518601946284,4297,0.0,0.372,0.0
u_2621,0.0032852346001266595,2656,0.0,0.03,0.0
u_2622,0.0012919388165528053,1674,0.0,0.023,0.0
u_2623,0.0,-1,0.0,,
u_2624,0.0,-1,0.0,,
u_2625,0.04162447031770192,1821,0.0,0.787,0.0
u_2626,0.0,-1,0.0,,
u_2627,0.0,-1,0.0,,
u_2628,0.0,-1,0.0,,
u_2629,0.08417531978986129,2424,0.0,0.787,0.0
u_2630,0.0,-1,0.0,,
u_2631,0.0,-1,0.0,,
u_2632,0.04308931381738522,119,0.0,0.787,0.0
u_2633,0.0,-1,0.0,,
u_2634,0.008808408041519177,1691,0.0,0.166,0.0
u_2635,0.08417531978986129,324,0.0,0.787,0.0
u_2636,0.0,-1,0.0,,
u_2637,0.0007611569240347833,1557,0.0,0.004,0.0
u_2638,0.04012678000436823,55,0.0,0.787,0.0
u_2639,0.0002697219285339007,1766,0.0,0.005,0.0
u_2640,0.037545213513226115,3135,0.0,0.233,0.0
u_2641,0.0,-1,0.0,,
u_2642,0.0,-1,0.0,,
u_2643,0.0,-1,0.0,,
u_2644,0.1249320859644489,286,0.0,0.787,0.0
u_2645,0.041972190555146845,593,0.0,0.787,0.0
u_2646,0.0,-1,0.0,,
u_2647,0.0018831755073769987,3055,0.0,0.034,0.0
u_2648,0.039888111391425195,274,0.0,0.787,0.0
u_2649,0.0006673225120929979,168,0.0,0.013,0.0
u_2650,0.0003472642893157033,1978,0.0,0.006,0.0
u_2651,0.042130407716432006,4790,0.0,0.787,0.0
u_2652,0.0,-1,0.0,,
u_2653,0.0,-1,0.0,,
u_2654,0.0,-1,0.0,,
u_2655,0.03988846799489943,514,0.0,0.787,0.0
u_2656,0.030115617328705192,472,0.0,0.193,0.0
u_2657,0.040179788668677816,820,0.0,0.787,0.0
u_2658,0.0026719205545721186,1326,0.0,0.025,0.0
u_2659,0.0,-1,0.0,,
u_2660,0.0,-1,0.0,,
u_2661,0.020508992291098586,87,0.0,0.196,0.0
u_2662,0.002107860686713764,89,0.0,0.039,0.0
u_2663,0.0,-1,0.0,,
u_2664,0.04154868084673002,933,0.0,0.787,0.0
u_2665,0.0,-1,0.0,,
u_2666,6.786072078537872e-05,698,0.0,0.001,0.0
u_2667,0.08239675167988225,74,0.0,0.787,0.0
u_2668,0.04386589832445634,1630,0.0,0.787,0.0
u_2669,0.043034914056465874,298,0.0,0.787,0.0
u_2670,5.8139481556986446e-05,458,0.0,0.001,0.0
u_2671,0.0006717398873534635,1136,0.0,0.006,0.0
u_2672,0.0,-1,0.0,,
u_2673,0.08416399449403493,554,0.0,0.787,0.0
u_2674,0.0014473634933309853,2008,0.0,0.013,0.0
u_2675,8.042082907942071e-05,860,0.0,0.002,0.0
u_2676,0.05042945151468776,3056,0.0,0.93,0.0
u_2677,0.03989032629061858,1253,0.0,0.787,0.0
u_2678,0.0,-1,0.0,,
u_2679,0.12373602198690292,161,0.0,0.787,0.0
u_2680,0.0,-1,0.0,,
u_2681,0.0013213988446486526,222,0.0,0.013,0.0
u_2682,0.0818479825432309,2525,0.0,0.787,0.0
u_2683,0.0,-1,0.0,,
u_2684,0.03584754781520194,3628,0.0,0.33,0.0
u_2685,0.043034914056465874,3389,0.0,0.787,0.0
u_2686,0.043034914056465874,2918,0.0,0.787,0.0
u_2687,0.043034914056465874,3095,0.0,0.787,0.0
u_2688,0.0,-1,0.0,,
u_2689,0.0,-1,0.0,,
u_2690,0.0,-1,0.0,,
u_2691,0.08358988631090157,332,0.0,0.787,0.0
u_2692,0.0,-1,0.0,,
u_2693,0.030469744604562064,4496,0.0,0.557,0.0
u_2694,0.04134640965078203,2438,0.0,0.787,0.0
u_2695,0.05595697813267735,473,0.0,0.213,0.0
u_2696,0.0022707217989491085,2519,0.0,0.014,0.0
u_2697,0.03988891360217473,3631,0.0,0.787,0.0
u_2698,0.0,-1,0.0,,
u_2699,0.0007153826407918215,1608,0.0,0.013,0.0
u_2700,0.0,-1,0.0,,
u_2701,0.00029837984646111635,1042,0.0,0.002,0.0
u_2702,0.0,-1,0.0,,
u_2703,0.0,-1,0.0,,
u_2704,0.08417531978986129,1585,0.0,0.787,0.0
u_2705,0.10395219768148072,118,0.0,0.503,0.0
u_2706,0.0,-1,0.0,,
u_2707,0.0,-1,0.0,,
u_2708,0.04199160551394127,1773,0.0,0.787,0.0
u_2709,0.04061370887016292,2725,0.0,0.787,0.0
u_2710,0.042130407716432006,5781,0.0,0.787,0.0
u_2711,0.00010732032127460557,13,0.0,0.001,0.0
u_2712,0.0,-1,0.0,,
u_2713,0.00039494631441457453,2100,0.0,0.008,0.0
u_2714,0.0,-1,0.0,,
u_2715,0.01275428759590178,3521,0.0,0.235,0.0
u_2716,0.08028056292111094,89,0.0,0.787,0.0
u_2717,0.04013399746001848,2002,0.0,0.787,0.0
u_2718,0.0,-1,0.0,,
u_2719,0.0,-1,0.0,,
u_2720,0.0,-1,0.0,,
u_2721,0.0,-1,0.0,,
u_2722,0.043034914056465874,4381,0.0,0.787,0.0
u_2723,0.043034914056465874,3525,0.0,0.787,0.0
u_2724,0.006089642034910529,3722,0.0,0.114,0.0
u_2725,0.0,-1,0.0,,
u_2726,0.0,-1,0.0,,
u_2727,0.043034914056465874,270,0.0,0.787,0.0
u_2728,0.1253157255232567,2622,0.0,0.787,0.0
u_2729,0.03988881105056631,361,0.0,0.787,0.0
u_2730,0.04056743514747454,53,0.0,0.787,0.0
u_2731,0.0,-1,0.0,,
u_2732,0.001497382765137165,2189,0.0,0.014,0.0
u_2733,0.0013082666123078567,2825,0.0,0.023,0.0
u_2734,0.040644416376489786,1688,0.0,0.787,0.0
u_2735,0.0,-1,0.0,,
u_2736,0.043034914056465874,1129,0.0,0.787,0.0
u_2737,0.0,-1,0.0,,
u_2738,0.0,-1,0.0,,
u_2739,0.0,-1,0.0,,
u_2740,0.0,-1,0.0,,
u_2741,0.041727292778485255,1468,0.0,0.787,0.0
u_2742,0.0004363736681690779,2138,0.0,0.008,0.0
u_2743,0.0,-1,0.0,,
u_2744,0.0,-1,0.0,,
u_2745,0.02005503572846026,469,0.0,0.19,0.0
u_2746,0.039892423385584026,4600,0.0,0.787,0.0
u_2747,0.0,-1,0.0,,
u_2748,0.05118247773406262,4713,0.0,0.936,0.0
u_2749,0.08025674649286205,1761,0.0,0.787,0.0
u_2750,0.00023612143574469588,1689,0.0,0.004,0.0
u_2751,0.1659547907751612,140,0.0,0.787,0.0
u_2752,0.0,-1,0.0,,
u_2753,0.00016029737764337255,1404,0.0,0.003,0.0
u_2754,0.08417531978986129,2608,0.0,0.787,0.0
u_2755,0.004553352764049734,131,0.0,0.042,0.0
u_2756,0.0074509551677230425,468,0.0,0.028,0.0
u_2757,0.023948167124300278,3945,0.0,0.224,0.0
u_2758,0.023472660006238204,1221,0.0,0.149,0.0
u_2759,0.0,-1,0.0,,
u_2760,0.04212205421747402,1442,0.0,0.787,0.0
u_2761,0.0,-1,0.0,,
u_2762,0.0,-1,0.0,,
u_2763,0.0,-1,0.0,,
u_2764,0.0,-1,0.0,,
u_2765,0.0,-1,0.0,,
u_2766,0.0,-1,0.0,,
u_2767,0.0,-1,0.0,,
u_2768,0.012059984892500146,1390,0.0,0.115,0.0
u_2769,0.001504626378172985,964,0.0,0.028,0.0
u_2770,0.03798321557441847,529,0.0,0.357,0.0
u_2771,0.0,-1,0.0,,
u_2772,0.0,-1,0.0,,
u_2773,0.0,-1,0.0,,
u_2774,0.00040123028818258574,2085,0.0,0.007,0.0
u_2775,0.0004467563108282,254,0.0,0.009,0.0
u_2776,0.0004486855825167673,2197,0.0,0.009,0.0
u_2777,0.0,-1,0.0,,
u_2778,0.043034914056465874,4309,0.0,0.787,0.0
u_2779,0.0,-1,0.0,,
u_2780,0.043034914056465874,3888,0.0,0.787,0.0
u_2781,0.0010441662233001213,296,0.0,0.02,0.0
u_2782,0.016304608384031246,4192,0.0,0.298,0.0
u_2783,0.018612814261997027,300,0.0,0.174,0.0
u_2784,0.0007207312157685264,419,0.0,0.014,0.0
u_2785,0.043034914056465874,400,0.0,0.787,0.0
u_2786,0.0,-1,0.0,,
u_2787,0.002030982259126911,3099,0.0,0.037,0.0
u_2788,0.0,-1,0.0,,
u_2789,0.0,-1,0.0,,
u_2790,0.08201877630299101,173,0.0,0.392,0.0
u_2791,0.043034914056465874,3774,0.0,0.787,0.0
u_2792,0.011486572826518307,1572,0.0,0.071,0.0
u_2793,0.02884918079906806,1352,0.0,0.182,0.0
u_2794,0.0,-1,0.0,,
u_2795,0.001741922896667083,208,0.0,0.017,0.0
u_2796,0.043034914056465874,4179,0.0,0.787,0.0
u_2797,0.043477489083044836,2266,0.0,0.787,0.0
u_2798,0.0013850608587477212,266,0.0,0.009,0.0
u_2799,0.0,-1,0.0,,
u_2800,0.0,-1,0.0,,
u_2801,0.003435469955755495,800,0.0,0.022,0.0
u_2802,0.011028623480593153,2509,0.0,0.053,0.0
u_2803,0.0004935421309605373,2223,0.0,0.009,0.0
u_2804,0.0,-1,0.0,,
u_2805,0.043034914056465874,3436,0.0,0.787,0.0
u_2806,0.043034914056465874,369,0.0,0.787,0.0
u_2807,0.0,-1,0.0,,
u_2808,0.043034914056465874,4791,0.0,0.787,0.0
u_2809,0.00042268736953365486,2114,0.0,0.008,0.0
u_2810,0.011202250335195757,4039,0.0,0.205,0.0
u_2811,0.0,-1,0.0,,
u_2812,0.0,-1,0.0,,
u_2813,0.0,-1,0.0,,
u_2814,0.0,-1,0.0,,
u_2815,0.0,-1,0.0,,
u_2816,6.54080541442984e-05,377,0.0,0.001,0.0
u_2817,0.008112858926934927,2999,0.0,0.076,0.0
u_2818,0.043034914056465874,3368,0.0,0.787,0.0
u_2819,0.005325754790209655,3641,0.0,0.094,0.0
u_2820,0.0,-1,0.0,,
u_2821,0.039887461193029966,714,0.0,0.787,0.0
u_2822,0.0815590496000522,472,0.0,0.787,0.0
u_2823,0.024570854116543004,4374,0.0,0.449,0.0
u_2824,0.0,-1,0.0,,
u_2825,0.030920562507193328,615,0.0,0.288,0.0
u_2826,0.0,-1,0.0,,
u_2827,0.00012136891535963106,1174,0.0,0.002,0.0
u_2828,0.08050254363370875,473,0.0,0.787,0.0
u_2829,0.043034914056465874,3816,0.0,0.787,0.0
u_2830,0.042130407716432006,4840,0.0,0.787,0.0
u_2831,0.043034914056465874,2896,0.0,0.787,0.0
u_2832,0.00011338177094255406,1091,0.0,0.002,0.0
u_2833,0.043034914056465874,3063,0.0,0.787,0.0
u_2834,0.04021091315456072,2487,0.0,0.787,0.0
u_2835,0.0,-1,0.0,,
u_2836,0.00010335884103175652,356,0.0,0.001,0.0
u_2837,0.043034914056465874,1240,0.0,0.787,0.0
u_2838,0.0,-1,0.0,,
u_2839,0.043034914056465874,1932,0.0,0.787,0.0
u_2840,0.0,-1,0.0,,
u_2841,0.043034914056465874,5837,0.0,0.787,0.0
u_2842,0.0,-1,0.0,,
u_2843,0.0,-1,0.0,,
u_2844,0.0,-1,0.0,,
u_2845,0.0016873656850008019,1723,0.0,0.03,0.0
u_2846,0.04271334784166225,87,0.0,0.787,0.0
u_2847,0.0,-1,0.0,,
u_2848,0.0,-1,0.0,,
u_2849,0.043034914056465874,1799,0.0,0.787,0.0
u_2850,0.036808665471118246,2270,0.0,0.345,0.0
u_2851,0.043034914056465874,4792,0.0,0.787,0.0
u_2852,0.004411086936325451,2359,0.0,0.083,0.0
u_2853,0.08417531978986129,1852,0.0,0.787,0.0
u_2854,0.05955868465717895,4495,0.0,0.557,0.0
u_2855,0.0,-1,0.0,,
u_2856,0.0,-1,0.0,,
u_2857,0.04028558050395901,222,0.0,0.787,0.0
u_2858,0.0,-1,0.0,,
u_2859,0.010169792089446844,1033,0.0,0.099,0.0
u_2860,0.039893970239618035,3084,0.0,0.787,0.0
u_2861,0.043034914056465874,4793,0.0,0.787,0.0
u_2862,0.0,-1,0.0,,
u_2863,0.003629410967669141,1870,0.0,0.023,0.0
u_2864,0.0,-1,0.0,,
u_2865,0.0,-1,0.0,,
u_2866,0.043034914056465874,3405,0.0,0.787,0.0
u_2867,0.0009586779414786545,2654,0.0,0.018,0.0
u_2868,6.085176333932112e-05,430,0.0,0.001,0.0
u_2869,0.0,-1,0.0,,
u_2870,0.0,-1,0.0,,
u_2871,0.043034914056465874,2582,0.0,0.787,0.0
u_2872,0.0,-1,0.0,,
u_2873,0.0,-1,0.0,,
u_2874,0.004877409627036184,3608,0.0,0.089,0.0
u_2875,0.04400468935903422,1794,0.0,0.207,0.0
u_2876,0.0,-1,0.0,,
u_2877,0.008916353592541207,3925,0.0,0.163,0.0
u_2878,0.0,-1,0.0,,
u_2879,0.00679526583896401,788,0.0,0.13,0.0
u_2880,0.04117155154624435,2541,0.0,0.787,0.0
u_2881,0.08213125093838113,168,0.0,0.787,0.0
u_2882,0.0001377769666590791,662,0.0,0.001,0.0
u_2883,0.043034914056465874,4794,0.0,0.787,0.0
u_2884,0.0,-1,0.0,,
u_2885,0.0817562698567705,459,0.0,0.787,0.0
u_2886,0.0,-1,0.0,,
u_2887,0.0,-1,0.0,,
u_2888,0.005355191208597572,641,0.0,0.104,0.0
u_2889,0.0,-1,0.0,,
u_2890,0.005426198204444713,3658,0.0,0.099,0.0
u_2891,0.043034914056465874,3351,0.0,0.787,0.0
u_2892,0.0060018271359800835,3701,0.0,0.11,0.0
u_2893,0.0008936542164184631,2622,0.0,0.017,0.0
u_2894,0.0,-1,0.0,,
u_2895,0.004860450375509262,2089,0.0,0.089,0.0
u_2896,0.0,-1,0.0,,
u_2897,0.0,-1,0.0,,
u_2898,0.0,-1,0.0,,
u_2899,0.0,-1,0.0,,
u_2900,0.04335083929712391,280,0.0,0.271,0.0
u_2901,0.0,-1,0.0,,
u_2902,0.0,-1,0.0,,
u_2903,0.0,-1,0.0,,
u_2904,0.043034914056465874,5838,0.0,0.787,0.0
u_2905,0.0,-1,0.0,,
u_2906,0.043034914056465874,4358,0.0,0.787,0.0
u_2907,0.08759521409565912,77,0.0,0.787,0.0
u_2908,0.0,-1,0.0,,
u_2909,0.0,-1,0.0,,
u_2910,0.0,-1,0.0,,
u_2911,0.0,-1,0.0,,
u_2912,0.0,-1,0.0,,
u_2913,0.0,-1,0.0,,
u_2914,0.043034914056465874,2702,0.0,0.787,0.0
u_2915,0.043034914056465874,1782,0.0,0.787,0.0
u_2916,0.0024020387956447506,2799,0.0,0.022,0.0
u_2917,0.008108802088330447,3772,0.0,0.152,0.0
u_2918,0.043034914056465874,5839,0.0,0.787,0.0
u_2919,0.0016418481353417476,2995,0.0,0.03,0.0
u_2920,0.0067101310358569045,629,0.0,0.061,0.0
u_2921,0.03988785836727842,2090,0.0,0.787,0.0
u_2922,0.08407193358000176,74,0.0,0.787,0.0
u_2923,0.043034914056465874,2578,0.0,0.787,0.0
u_2924,0.010055349692214896,3991,0.0,0.184,0.0
u_2925,0.00021476398824571733,1625,0.0,0.004,0.0
u_2926,0.000926816401253138,2632,0.0,0.017,0.0
u_2927,0.043034914056465874,4401,0.0,0.787,0.0
u_2928,0.0,-1,0.0,,
u_2929,0.0,-1,0.0,,
u_2930,0.0,-1,0.0,,
u_2931,0.0,-1,0.0,,
u_2932,0.0,-1,0.0,,
u_2933,0.0002417844922435608,683,0.0,0.002,0.0
u_2934,0.0,-1,0.0,,
u_2935,0.0,-1,0.0,,
u_2936,0.0,-1,0.0,,
u_2937,0.0005258435509261776,83,0.0,0.005,0.0
u_2938,0.054210830037203964,222,0.0,0.259,0.0
u_2939,0.023570267781467966,567,0.0,0.111,0.0
u_2940,0.0,-1,0.0,,
u_2941,0.12155002955992299,53,0.0,0.787,0.0
u_2942,0.0033526048409995668,3396,0.0,0.061,0.0
u_2943,0.0,-1,0.0,,
u_2944,0.0,-1,0.0,,
u_2945,0.04051196960690491,212,0.0,0.787,0.0
u_2946,0.043034914056465874,4795,0.0,0.787,0.0
u_2947,0.043034914056465874,816,0.0,0.787,0.0
u_2948,7.767267973168203e-05,820,0.0,0.002,0.0
u_2949,0.04379425442642977,3728,0.0,0.787,0.0
u_2950,0.0,-1,0.0,,
u_2951,0.0035779531562851854,87,0.0,0.035,0.0
u_2952,0.0,-1,0.0,,
u_2953,0.010923488889322121,529,0.0,0.211,0.0
u_2954,0.12826806272476982,578,0.0,0.81,0.0
u_2955,0.0,-1,0.0,,
u_2956,0.00014328187779973352,668,0.0,0.003,0.0
u_2957,0.0004497239474583204,798,0.0,0.004,0.0
u_2958,0.020804002635937797,4310,0.0,0.38,0.0
u_2959,0.0,-1,0.0,,
u_2960,0.043034914056465874,614,0.0,0.787,0.0
u_2961,0.043034914056465874,4228,0.0,0.787,0.0
u_2962,0.0014684149574878333,2930,0.0,0.027,0.0
u_2963,0.043034914056465874,3373,0.0,0.787,0.0
u_2964,0.0,-1,0.0,,
u_2965,0.0,-1,0.0,,
u_2966,0.0,-1,0.0,,
u_2967,0.00010800195680488342,1079,0.0,0.002,0.0
u_2968,0.00012566843321274322,1202,0.0,0.002,0.0
u_2969,0.04080474920860816,56,0.0,0.787,0.0
u_2970,0.043034914056465874,5840,0.0,0.787,0.0
u_2971,0.04437044043987663,3526,0.0,0.787,0.0
u_2972,0.08507050659805054,2574,0.0,0.787,0.0
u_2973,0.00035102559442114147,1991,0.0,0.006,0.0
u_2974,8.66149283708012e-05,871,0.0,0.002,0.0
u_2975,0.0,-1,0.0,,
u_2976,0.0,-1,0.0,,
u_2977,0.04231593158543062,3579,0.0,0.787,0.0
u_2978,0.08721532227433539,371,0.0,0.787,0.0
u_2979,0.018347678061020455,4242,0.0,0.335,0.0
u_2980,0.0,-1,0.0,,
u_2981,0.0,-1,0.0,,
u_2982,0.043034914056465874,4433,0.0,0.787,0.0
u_2983,0.0006849437234924924,1986,0.0,0.006,0.0
u_2984,0.0,-1,0.0,,
u_2985,0.000790056215619145,280,0.0,0.015,0.0
u_2986,5.5151026652924484e-05,472,0.0,0.001,0.0
u_2987,0.039889900201585525,3568,0.0,0.787,0.0
u_2988,0.056576756777403744,172,0.0,0.363,0.0
u_2989,0.043034914056465874,4796,0.0,0.787,0.0
u_2990,0.014147561581677877,1378,0.0,0.089,0.0
u_2991,0.0,-1,0.0,,
u_2992,0.043034914056465874,4365,0.0,0.787,0.0
u_2993,0.0,-1,0.0,,
u_2994,0.004313093466609178,1065,0.0,0.028,0.0
u_2995,0.00018159837365291418,127,0.0,0.002,0.0
u_2996,0.03988817551241863,4286,0.0,0.787,0.0
u_2997,0.00018108732025293877,1495,0.0,0.003,0.0
u_2998,0.0,-1,0.0,,
u_2999,0.0,-1,0.0,,
u_3000,0.0,-1,0.0,,
u_3001,0.0,-1,0.0,,
u_3002,0.0,-1,0.0,,
u_3003,0.04074930245000612,2779,0.0,0.787,0.0
u_3004,0.0,-1,0.0,,
u_3005,0.03634168062190222,1846,0.0,0.337,0.0
u_3006,0.0,-1,0.0,,
u_3007,0.14745498487460354,1314,0.0,0.916,0.0
u_3008,0.043034914056465874,5841,0.0,0.787,0.0
u_3009,0.0049422405009379375,3162,0.0,0.047,0.0
u_3010,0.03988934492282597,4177,0.0,0.787,0.0
u_3011,0.07603561330647059,4404,0.0,0.7,0.0
u_3012,0.0,-1,0.0,,
u_3013,0.0,-1,0.0,,
u_3014,0.0,-1,0.0,,
u_3015,0.054930161570131655,507,0.0,0.505,0.0
u_3016,0.0006382814664355395,1042,0.0,0.012,0.0
u_3017,0.00263480108904962,2867,0.0,0.025,0.0
u_3018,0.08320702810560199,316,0.0,0.787,0.0
u_3019,0.00019389964952877577,1450,0.0,0.004,0.0
u_3020,0.0,-1,0.0,,
u_3021,0.043034914056465874,3764,0.0,0.787,0.0
u_3022,0.010076496072790465,1224,0.0,0.032,0.0
u_3023,0.0,-1,0.0,,
u_3024,0.12429164360311809,53,0.0,0.787,0.0
u_3025,0.0,-1,0.0,,
u_3026,0.008999781965708255,5,0.0,0.165,0.0
u_3027,0.0,-1,0.0,,
u_3028,0.0,-1,0.0,,
u_3029,0.0,-1,0.0,,
u_3030,0.00013310041353321593,622,0.0,0.001,0.0
u_3031,0.0,-1,0.0,,
u_3032,0.043034914056465874,1548,0.0,0.787,0.0
u_3033,0.043034914056465874,4797,0.0,0.787,0.0
u_3034,0.04043064844139619,2761,0.0,0.787,0.0
u_3035,0.08417531978986129,2935,0.0,0.787,0.0
u_3036,0.0,-1,0.0,,
u_3037,0.06432702938487243,1775,0.0,0.404,0.0
u_3038,0.08166180017095988,297,0.0,0.787,0.0
u_3039,0.043034914056465874,1002,0.0,0.787,0.0
u_3040,0.0,-1,0.0,,
u_3041,0.007988612691724076,1703,0.0,0.075,0.0
u_3042,0.0,-1,0.0,,
u_3043,0.041090181090066534,1925,0.0,0.787,0.0
u_3044,0.0,-1,0.0,,
u_3045,0.07962597475752682,402,0.0,0.787,0.0
u_3046,0.0,-1,0.0,,
u_3047,0.08371162962006798,534,0.0,0.787,0.0
u_3048,0.0,-1,0.0,,
u_3049,0.0089298214273301,1729,0.0,0.08,0.0
u_3050,0.0003519527084855359,1992,0.0,0.006,0.0
u_3051,0.0,-1,0.0,,
u_3052,0.043034914056465874,3845,0.0,0.787,0.0
u_3053,0.0008733004104435743,976,0.0,0.016,0.0
u_3054,0.03988773636599177,1065,0.0,0.787,0.0
u_3055,0.0,-1,0.0,,
u_3056,0.00026380302348205897,1774,0.0,0.005,0.0
u_3057,0.0,-1,0.0,,
u_3058,0.01220174859614545,4072,0.0,0.223,0.0
u_3059,0.0,-1,0.0,,
u_3060,0.00015872107388215282,235,0.0,0.003,0.0
u_3061,0.0,-1,0.0,,
u_3062,0.0,-1,0.0,,
u_3063,0.0,-1,0.0,,
u_3064,0.0,-1,0.0,,
u_3065,0.0,-1,0.0,,
u_3066,0.10077364815295856,4484,0.0,0.942,0.0
u_3067,0.0006382217334703499,1217,0.0,0.011,0.0
u_3068,0.0,-1,0.0,,
u_3069,0.0,-1,0.0,,
u_3070,0.040230191613152104,1777,0.0,0.787,0.0
u_3071,0.0,-1,0.0,,
u_3072,0.0,-1,0.0,,
u_3073,0.043034914056465874,4798,0.0,0.787,0.0
u_3074,0.00011827767983606,502,0.0,0.001,0.0
u_3075,0.0036938711139168586,3056,0.0,0.035,0.0
u_3076,0.020966764898090278,3779,0.0,0.196,0.0
u_3077,0.002379785777602911,2805,0.0,0.022,0.0
u_3078,0.0002671760190285392,484,0.0,0.003,0.0
u_3079,0.0019534551293479497,3076,0.0,0.036,0.0
u_3080,0.043039712307893344,3310,0.0,0.787,0.0
u_3081,0.04437189795863681,1419,0.0,0.787,0.0
u_3082,9.421139797562962e-05,946,0.0,0.002,0.0
u_3083,0.0,-1,0.0,,
u_3084,0.0,-1,0.0,,
u_3085,0.04515840866999092,1718,0.0,0.787,0.0
u_3086,0.0,-1,0.0,,
u_3087,0.037370112065418314,377,0.0,0.718,0.0
u_3088,0.0,-1,0.0,,
u_3089,0.043034914056465874,4032,0.0,0.787,0.0
u_3090,0.009363051912664807,61,0.0,0.18,0.0
u_3091,0.08774161822823126,3542,0.0,0.559,0.0
u_3092,0.08551017901220362,4320,0.0,0.787,0.0
u_3093,0.043034914056465874,2317,0.0,0.787,0.0
u_3094,0.0,-1,0.0,,
u_3095,0.0,-1,0.0,,
u_3096,0.0,-1,0.0,,
u_3097,0.0,-1,0.0,,
u_3098,0.0030469689916932706,2971,0.0,0.028,0.0
u_3099,0.04094620762781241,49,0.0,0.787,0.0
u_3100,0.0,-1,0.0,,
u_3101,0.040126677637169664,2119,0.0,0.787,0.0
u_3102,0.043034914056465874,5842,0.0,0.787,0.0
u_3103,0.04045309890252948,30,0.0,0.787,0.0
u_3104,0.015387621128567652,1800,0.0,0.144,0.0
u_3105,0.08580684594333035,616,0.0,0.787,0.0
u_3106,0.0004422085843773364,697,0.0,0.004,0.0
u_3107,0.0,-1,0.0,,
u_3108,0.04295823930192927,473,0.0,0.278,0.0
u_3109,0.00032491598038117804,1909,0.0,0.006,0.0
u_3110,0.0,-1,0.0,,
u_3111,0.04437199831967655,4576,0.0,0.787,0.0
u_3112,0.03358499571298185,3078,0.0,0.321,0.0
u_3113,0.043359264203765666,438,0.0,0.787,0.0
u_3114,0.0,-1,0.0,,
u_3115,0.043034914056465874,3254,0.0,0.787,0.0
u_3116,0.04415267636066487,1897,0.0,0.4,0.0
u_3117,0.043034914056465874,5843,0.0,0.787,0.0
u_3118,0.043034914056465874,5844,0.0,0.787,0.0
u_3119,0.001986960943804781,1974,0.0,0.012,0.0
u_3120,0.012049862913307056,3718,0.0,0.113,0.0
u_3121,0.14603965327791396,1390,0.0,0.93,0.0
u_3122,0.0,-1,0.0,,
u_3123,0.0,-1,0.0,,
u_3124,0.0411826372636897,2303,0.0,0.787,0.0
u_3125,0.0005371738622583624,118,0.0,0.003,0.0
u_3126,0.043034914056465874,4519,0.0,0.787,0.0
u_3127,0.04628027117751406,1496,0.0,0.787,0.0
u_3128,0.0,-1,0.0,,
u_3129,0.040226145381511626,222,0.0,0.787,0.0
u_3130,0.0,-1,0.0,,
u_3131,0.12474890797423799,293,0.0,0.787,0.0
u_3132,0.0,-1,0.0,,
u_3133,0.017147545522778886,4206,0.0,0.313,0.0
u_3134,0.0,-1,0.0,,
u_3135,0.0,-1,0.0,,
u_3136,0.020569422233117588,489,0.0,0.129,0.0
u_3137,0.0,-1,0.0,,
u_3138,0.043034914056465874,406,0.0,0.787,0.0
u_3139,0.1222901631204335,168,0.0,0.787,0.0
u_3140,0.043034914056465874,1853,0.0,0.787,0.0
u_3141,0.01610723226781838,4188,0.0,0.294,0.0
u_3142,0.0,-1,0.0,,
u_3143,0.08428557110308262,2658,0.0,0.787,0.0
u_3144,0.043034914056465874,2601,0.0,0.787,0.0
u_3145,0.08609922971492055,1354,0.0,0.787,0.0
u_3146,0.043034914056465874,4524,0.0,0.787,0.0
u_3147,0.0005929574989629352,2362,0.0,0.011,0.0
u_3148,0.00010557556967389281,368,0.0,0.001,0.0
u_3149,0.0,-1,0.0,,
u_3150,0.0,-1,0.0,,
u_3151,0.0,-1,0.0,,
u_3152,0.0,-1,0.0,,
u_3153,0.0,-1,0.0,,
u_3154,0.0,-1,0.0,,
u_3155,0.0,-1,0.0,,
u_3156,0.05101209633002472,77,0.0,0.485,0.0
u_3157,0.12516899724323252,2798,0.0,0.787,0.0
u_3158,0.1153277319588537,316,0.0,0.443,0.0
u_3159,0.04127714760324953,161,0.0,0.787,0.0
u_3160,9.070480098530093e-05,928,0.0,0.002,0.0
u_3161,0.1253157255232567,1996,0.0,0.787,0.0
u_3162,0.03988763406349464,266,0.0,0.787,0.0
u_3163,0.0,-1,0.0,,
u_3164,0.00015628440552908234,1385,0.0,0.003,0.0
u_3165,0.0,-1,0.0,,
u_3166,0.0,-1,0.0,,
u_3167,0.04126771836476015,33,0.0,0.787,0.0
u_3168,0.0,-1,0.0,,
u_3169,0.01145991064546895,74,0.0,0.198,0.0
u_3170,0.0002981144234708128,1853,0.0,0.005,0.0
u_3171,0.0,-1,0.0,,
u_3172,0.08043295804832741,222,0.0,0.787,0.0
u_3173,0.0,-1,0.0,,
u_3174,0.08417531978986129,4799,0.0,0.787,0.0
u_3175,0.0,-1,0.0,,
u_3176,0.03989061840004244,2710,0.0,0.787,0.0
u_3177,0.09243073670060085,1205,0.0,0.864,0.0
u_3178,0.0436008671971269,1550,0.0,0.787,0.0
u_3179,0.0,-1,0.0,,
u_3180,0.012423858598218264,3537,0.0,0.079,0.0
u_3181,0.043034914056465874,4673,0.0,0.787,0.0
u_3182,0.0,-1,0.0,,
u_3183,0.040194496794166625,83,0.0,0.787,0.0
u_3184,0.04219035837530193,1538,0.0,0.787,0.0
u_3185,0.04254912031769086,916,0.0,0.787,0.0
u_3186,0.0,-1,0.0,,
u_3187,9.815747805343695e-05,1008,0.0,0.002,0.0
u_3188,0.0,-1,0.0,,
u_3189,0.0,-1,0.0,,
u_3190,0.0,-1,0.0,,
u_3191,0.001831117637031119,2640,0.0,0.017,0.0
u_3192,0.043034914056465874,1197,0.0,0.787,0.0
u_3193,0.043034914056465874,129,0.0,0.787,0.0
u_3194,0.0430351071331383,1658,0.0,0.787,0.0
u_3195,0.0,-1,0.0,,
u_3196,0.0005784415044114634,1694,0.0,0.005,0.0
u_3197,0.0,-1,0.0,,
u_3198,0.0,-1,0.0,,
u_3199,0.0,-1,0.0,,
u_3200,0.021656287456261726,27,0.0,0.208,0.0
u_3201,0.0815671830756085,2866,0.0,0.787,0.0
u_3202,0.034718458722326005,222,0.0,0.224,0.0
u_3203,0.043034914056465874,3721,0.0,0.787,0.0
u_3204,0.0,-1,0.0,,
u_3205,0.0,-1,0.0,,
u_3206,0.0,-1,0.0,,
u_3207,0.006923596789082601,3787,0.0,0.127,0.0
u_3208,0.043034914056465874,4709,0.0,0.787,0.0
u_3209,0.00048649924036806437,965,0.0,0.009,0.0
u_3210,0.00018644614492623092,189,0.0,0.004,0.0
u_3211,0.04304194646351065,357,0.0,0.787,0.0
u_3212,0.0,-1,0.0,,
u_3213,0.007463141160123439,3809,0.0,0.132,0.0
u_3214,0.0031826377101731853,2807,0.0,0.031,0.0
u_3215,0.04434423544222589,1075,0.0,0.787,0.0
u_3216,0.043034914056465874,4800,0.0,0.787,0.0
u_3217,0.0,-1,0.0,,
u_3218,0.04236830285880809,1453,0.0,0.787,0.0
u_3219,0.0,-1,0.0,,
u_3220,0.00019363008208197647,547,0.0,0.004,0.0
u_3221,0.0,-1,0.0,,
u_3222,0.043034914056465874,3223,0.0,0.787,0.0
u_3223,0.0,-1,0.0,,
u_3224,0.043034914056465874,5845,0.0,0.787,0.0
u_3225,0.0,-1,0.0,,
u_3226,0.040276511378139195,218,0.0,0.787,0.0
u_3227,0.004393130481363151,650,0.0,0.08,0.0
u_3228,0.00018705022698375804,224,0.0,0.004,0.0
u_3229,0.0,-1,0.0,,
u_3230,0.0,-1,0.0,,
u_3231,0.12260449699618425,272,0.0,0.787,0.0
u_3232,0.12250597049432335,1126,0.0,0.787,0.0
u_3233,0.08417531978986129,1251,0.0,0.787,0.0
u_3234,0.08551329569347435,1668,0.0,0.787,0.0
u_3235,0.0,-1,0.0,,
u_3236,0.0,-1,0.0,,
u_3237,0.002409002321239716,173,0.0,0.024,0.0
u_3238,0.0,-1,0.0,,
u_3239,0.02541974327356024,77,0.0,0.435,0.0
u_3240,0.043034914056465874,1592,0.0,0.787,0.0
u_3241,0.00014268168556967205,42,0.0,0.001,0.0
u_3242,0.0,-1,0.0,,
u_3243,0.03989280543444871,3209,0.0,0.787,0.0
u_3244,0.0013179140511758005,410,0.0,0.008,0.0
u_3245,0.0,-1,0.0,,
u_3246,0.005707248404146154,1460,0.0,0.036,0.0
u_3247,0.0,-1,0.0,,
u_3248,0.027907822392846386,3464,0.0,0.178,0.0
u_3249,0.00013721142100922988,1242,0.0,0.002,0.0
u_3250,0.0,-1,0.0,,
u_3251,0.029180336968782857,2128,0.0,0.278,0.0
u_3252,0.02920144136500948,1577,0.0,0.27,0.0
u_3253,0.0,-1,0.0,,
u_3254,0.0,-1,0.0,,
u_3255,0.03988998682178084,924,0.0,0.787,0.0
u_3256,0.00011082226347763675,1098,0.0,0.002,0.0
u_3257,0.0795468138340202,473,0.0,0.787,0.0
u_3258,0.0,-1,0.0,,
u_3259,0.0,-1,0.0,,
u_3260,0.08163810822034807,7,0.0,0.787,0.0
u_3261,0.043034914056465874,3803,0.0,0.787,0.0
u_3262,0.0,-1,0.0,,
u_3263,0.08551300733756696,4419,0.0,0.787,0.0
u_3264,0.0,-1,0.0,,
u_3265,0.08417531978986129,3856,0.0,0.787,0.0
u_3266,0.000144757099753061,236,0.0,0.001,0.0
u_3267,0.0,-1,0.0,,
u_3268,0.08337510488815245,168,0.0,0.787,0.0
u_3269,0.0005773233923803836,721,0.0,0.005,0.0
u_3270,0.04015880319521282,222,0.0,0.787,0.0
u_3271,0.0,-1,0.0,,
u_3272,0.0,-1,0.0,,
u_3273,0.043034914056465874,5846,0.0,0.787,0.0
u_3274,0.008610065181536876,3338,0.0,0.08,0.0
u_3275,0.00010336851046386018,1046,0.0,0.002,0.0
u_3276,0.0,-1,0.0,,
u_3277,0.1256184385936725,109,0.0,0.787,0.0
u_3278,0.043034914056465874,3938,0.0,0.787,0.0
u_3279,0.04293730971272406,1955,0.0,0.787,0.0
u_3280,0.002909697879615346,1027,0.0,0.018,0.0
u_3281,0.04212389994900904,4211,0.0,0.787,0.0
u_3282,0.08174883511854329,332,0.0,0.787,0.0
u_3283,0.084829953928754,3765,0.0,0.787,0.0
u_3284,0.0,-1,0.0,,
u_3285,0.043034914056465874,2897,0.0,0.787,0.0
u_3286,0.00012108148661309249,1171,0.0,0.002,0.0
u_3287,0.031188788005485805,3334,0.0,0.196,0.0
u_3288,0.08417531978986129,584,0.0,0.787,0.0
u_3289,0.043034914056465874,4801,0.0,0.787,0.0
u_3290,0.043034914056465874,4802,0.0,0.787,0.0
u_3291,4.327264224194515e-05,91,0.0,0.001,0.0
u_3292,0.043034914056465874,746,0.0,0.787,0.0
u_3293,0.043034914056465874,2481,0.0,0.787,0.0
u_3294,0.0,-1,0.0,,
u_3295,0.0031905929675827968,3362,0.0,0.058,0.0
u_3296,0.043034914056465874,4803,0.0,0.787,0.0
u_3297,0.00022064015927663537,765,0.0,0.002,0.0
u_3298,0.0021767156233499217,419,0.0,0.042,0.0
u_3299,0.0,-1,0.0,,
u_3300,0.02165497166322235,4332,0.0,0.396,0.0
u_3301,0.0,-1,0.0,,
u_3302,0.00390037588317078,815,0.0,0.075,0.0
u_3303,0.040403044742154635,3410,0.0,0.787,0.0
u_3304,0.07930797827097227,2446,0.0,0.504,0.0
u_3305,0.043034914056465874,5847,0.0,0.787,0.0
u_3306,0.0,-1,0.0,,
u_3307,0.0,-1,0.0,,
u_3308,0.0,-1,0.0,,
u_3309,0.0,-1,0.0,,
u_3310,0.043034914056465874,4804,0.0,0.787,0.0
u_3311,0.08614726891871441,1040,0.0,0.407,0.0
u_3312,0.0,-1,0.0,,
u_3313,0.043034914056465874,4262,0.0,0.787,0.0
u_3314,0.043034914056465874,5848,0.0,0.787,0.0
u_3315,0.0,-1,0.0,,
u_3316,0.0,-1,0.0,,
u_3317,0.07516481714378626,582,0.0,0.708,0.0
u_3318,0.029611077894810916,2730,0.0,0.276,0.0
u_3319,0.06498828560620172,662,0.0,0.408,0.0
u_3320,0.0,-1,0.0,,
u_3321,0.0,-1,0.0,,
u_3322,0.0033463915027161484,1758,0.0,0.021,0.0
u_3323,0.0,-1,0.0,,
u_3324,0.0,-1,0.0,,
u_3325,0.12472645147473153,1408,0.0,0.787,0.0
u_3326,0.043034914056465874,248,0.0,0.787,0.0
u_3327,0.044372452002496836,504,0.0,0.787,0.0
u_3328,0.043034914056465874,3474,0.0,0.787,0.0
u_3329,0.0,-1,0.0,,
u_3330,0.006641395340363634,374,0.0,0.025,0.0
u_3331,0.0,-1,0.0,,
u_3332,0.043034914056465874,1385,0.0,0.787,0.0
u_3333,0.042984356132574716,278,0.0,0.787,0.0
u_3334,0.008309197810165203,33,0.0,0.053,0.0
u_3335,0.00030489588872662865,1383,0.0,0.003,0.0
u_3336,0.0431673578707473,1458,0.0,0.787,0.0
u_3337,0.043034914056465874,4805,0.0,0.787,0.0
u_3338,0.1351636958882505,2263,0.0,0.865,0.0
u_3339,0.043034914056465874,3743,0.0,0.787,0.0
u_3340,0.0,-1,0.0,,
u_3341,0.0,-1,0.0,,
u_3342,0.0,-1,0.0,,
u_3343,5.299650160178826e-05,344,0.0,0.001,0.0
u_3344,0.0005874102988769811,189,0.0,0.011,0.0
u_3345,0.043034914056465874,5849,0.0,0.787,0.0
u_3346,0.0,-1,0.0,,
u_3347,0.043034914056465874,4806,0.0,0.787,0.0
u_3348,0.0,-1,0.0,,
u_3349,0.0006024192707707893,313,0.0,0.006,0.0
u_3350,0.0,-1,0.0,,
u_3351,0.0,-1,0.0,,
u_3352,0.0,-1,0.0,,
u_3353,0.10264480930297402,4268,0.0,0.959,0.0
u_3354,0.052635115038872755,2953,0.0,0.492,0.0
u_3355,0.012779378699976885,843,0.0,0.228,0.0
u_3356,0.002239559833262807,3146,0.0,0.041,0.0
u_3357,0.0,-1,0.0,,
u_3358,0.0,-1,0.0,,
u_3359,0.043034914056465874,4807,0.0,0.787,0.0
u_3360,0.0002539063573526455,1084,0.0,0.002,0.0
u_3361,0.08021353626011184,714,0.0,0.518,0.0
u_3362,0.0,-1,0.0,,
u_3363,0.0,-1,0.0,,
u_3364,0.0031706948179862173,3359,0.0,0.058,0.0
u_3365,0.043034914056465874,4808,0.0,0.787,0.0
u_3366,0.0398890670046695,1272,0.0,0.787,0.0
u_3367,0.03989663461832351,1903,0.0,0.787,0.0
u_3368,0.007077261662505349,797,0.0,0.067,0.0
u_3369,0.0005484727726197773,254,0.0,0.004,0.0
u_3370,0.0,-1,0.0,,
u_3371,0.0,-1,0.0,,
u_3372,0.00013115111407803256,128,0.0,0.001,0.0
u_3373,0.0,-1,0.0,,
u_3374,0.0018365860206727622,1703,0.0,0.036,0.0
u_3375,0.0,-1,0.0,,
u_3376,0.04334884308094815,562,0.0,0.787,0.0
u_3377,0.04018487232706875,161,0.0,0.787,0.0
u_3378,0.0,-1,0.0,,
u_3379,0.00026654945645970325,1253,0.0,0.002,0.0
u_3380,0.0,-1,0.0,,
u_3381,0.0,-1,0.0,,
u_3382,0.0005597351716813596,1155,0.0,0.01,0.0
u_3383,0.0003093961595302251,1394,0.0,0.003,0.0
u_3384,0.0,-1,0.0,,
u_3385,0.0,-1,0.0,,
u_3386,0.0,-1,0.0,,
u_3387,0.0,-1,0.0,,
u_3388,0.0,-1,0.0,,
u_3389,0.0,-1,0.0,,
u_3390,0.0,-1,0.0,,
u_3391,0.0820781423097825,3627,0.0,0.787,0.0
u_3392,0.0011800310958779564,61,0.0,0.011,0.0
u_3393,0.00033263860756827977,277,0.0,0.003,0.0
u_3394,0.0007487208616222353,2060,0.0,0.007,0.0
u_3395,0.043034914056465874,4809,0.0,0.787,0.0
u_3396,0.0,-1,0.0,,
u_3397,0.05330649213092124,4122,0.0,0.335,0.0
u_3398,0.0,-1,0.0,,
u_3399,0.04406930922439755,300,0.0,0.787,0.0
u_3400,0.08095827720334493,5,0.0,0.787,0.0
u_3401,0.043034914056465874,1397,0.0,0.787,0.0
u_3402,0.0410066754850996,132,0.0,0.787,0.0
u_3403,0.043034914056465874,4810,0.0,0.787,0.0
u_3404,0.01599746647388413,249,0.0,0.078,0.0
u_3405,0.0,-1,0.0,,
u_3406,0.043034914056465874,4811,0.0,0.787,0.0
u_3407,0.011136644502035055,162,0.0,0.211,0.0
u_3408,0.0,-1,0.0,,
u_3409,0.0,-1,0.0,,
u_3410,0.0,-1,0.0,,
u_3411,0.02383120170538949,1868,0.0,0.23,0.0
u_3412,0.043034914056465874,3367,0.0,0.787,0.0
u_3413,0.00018128482146774502,917,0.0,0.002,0.0
u_3414,0.04341356465788727,926,0.0,0.787,0.0
u_3415,0.043034914056465874,3946,0.0,0.787,0.0
u_3416,0.038941853975981114,1905,0.0,0.37,0.0
u_3417,0.08105955171255255,259,0.0,0.787,0.0
u_3418,0.00014697736219113365,737,0.0,0.001,0.0
u_3419,0.0,-1,0.0,,
u_3420,0.0,-1,0.0,,
u_3421,0.0,-1,0.0,,
u_3422,0.08165563240003017,112,0.0,0.787,0.0
u_3423,0.004661882184906791,679,0.0,0.029,0.0
u_3424,0.0,-1,0.0,,
u_3425,0.0,-1,0.0,,
u_3426,0.0005309084081929723,2299,0.0,0.01,0.0
u_3427,0.12118348263473985,278,0.0,0.787,0.0
u_3428,0.0,-1,0.0,,
u_3429,0.0,-1,0.0,,
u_3430,0.0,-1,0.0,,
u_3431,0.043034914056465874,4812,0.0,0.787,0.0
u_3432,0.043034914056465874,872,0.0,0.787,0.0
u_3433,0.046941343076250405,4663,0.0,0.858,0.0
u_3434,0.0026432611885619317,2871,0.0,0.025,0.0
u_3435,0.0,-1,0.0,,
u_3436,0.014469642436761115,3259,0.0,0.275,0.0
u_3437,0.0,-1,0.0,,
u_3438,0.01559319644975337,3563,0.0,0.143,0.0
u_3439,0.0,-1,0.0,,
u_3440,0.0,-1,0.0,,
u_3441,0.0,-1,0.0,,
u_3442,0.0003597064111096172,1097,0.0,0.004,0.0
u_3443,0.015096888701868991,878,0.0,0.141,0.0
u_3444,0.0,-1,0.0,,
u_3445,0.08417531978986129,970,0.0,0.787,0.0
u_3446,0.04025307389316737,1093,0.0,0.787,0.0
u_3447,0.0,-1,0.0,,
u_3448,0.043034914056465874,4546,0.0,0.787,0.0
u_3449,0.041683869794453224,1524,0.0,0.787,0.0
u_3450,0.0,-1,0.0,,
u_3451,0.0,-1,0.0,,
u_3452,0.0,-1,0.0,,
u_3453,0.0,-1,0.0,,
u_3454,0.0009783962506307474,449,0.0,0.006,0.0
u_3455,0.0,-1,0.0,,
u_3456,0.07999095605817025,89,0.0,0.384,0.0
u_3457,0.041253470385132565,629,0.0,0.787,0.0
u_3458,0.0,-1,0.0,,
u_3459,0.043034914056465874,3000,0.0,0.787,0.0
u_3460,0.00038971459228281463,1563,0.0,0.004,0.0
u_3461,0.0020210840341492488,2487,0.0,0.019,0.0
u_3462,0.0,-1,0.0,,
u_3463,0.041849691946649045,3051,0.0,0.787,0.0
u_3464,0.0,-1,0.0,,
u_3465,0.0,-1,0.0,,
u_3466,0.0,-1,0.0,,
u_3467,0.0,-1,0.0,,
u_3468,0.04212532955459941,61,0.0,0.787,0.0
u_3469,0.0,-1,0.0,,
u_3470,0.0,-1,0.0,,
u_3471,0.008321662570364737,3885,0.0,0.152,0.0
u_3472,0.043034914056465874,2961,0.0,0.787,0.0
u_3473,0.043034914056465874,5850,0.0,0.787,0.0
u_3474,0.0001343704883119736,632,0.0,0.001,0.0
u_3475,0.043034914056465874,4359,0.0,0.787,0.0
u_3476,0.0020250795879701543,3097,0.0,0.037,0.0
u_3477,0.043034914056465874,4813,0.0,0.787,0.0
u_3478,0.021258754158302952,3411,0.0,0.398,0.0
u_3479,0.00010926098067617156,441,0.0,0.001,0.0
u_3480,0.0,-1,0.0,,
u_3481,0.0,-1,0.0,,
u_3482,0.0,-1,0.0,,
u_3483,0.0,-1,0.0,,
u_3484,0.0,-1,0.0,,
u_3485,0.002101699574260139,1797,0.0,0.02,0.0
u_3486,0.02463350063861824,4378,0.0,0.45,0.0
u_3487,0.06561574813950063,1023,0.0,0.312,0.0
u_3488,0.043034914056465874,5851,0.0,0.787,0.0
u_3489,0.08550986235257926,1918,0.0,0.787,0.0
u_3490,0.043034914056465874,4814,0.0,0.787,0.0
u_3491,0.01936260520445349,168,0.0,0.372,0.0
u_3492,0.043034914056465874,4815,0.0,0.787,0.0
u_3493,0.0293159604562444,3995,0.0,0.185,0.0
u_3494,0.0,-1,0.0,,
u_3495,0.042226819874762345,174,0.0,0.787,0.0
u_3496,0.0,-1,0.0,,
u_3497,0.043034914056465874,1961,0.0,0.787,0.0
u_3498,0.04067091093591255,358,0.0,0.787,0.0
u_3499,0.12459760611654647,1429,0.0,0.782,0.0
u_3500,0.041817992948827265,860,0.0,0.787,0.0
u_3501,0.0,-1,0.0,,
u_3502,0.029803650207762152,833,0.0,0.573,0.0
u_3503,0.0,-1,0.0,,
u_3504,0.0,-1,0.0,,
u_3505,0.0,-1,0.0,,
u_3506,0.043034914056465874,2977,0.0,0.787,0.0
u_3507,0.0,-1,0.0,,
u_3508,0.08543217973669244,3562,0.0,0.787,0.0
u_3509,0.19016785235183054,71,0.0,0.911,0.0
u_3510,0.004395293434929219,2046,0.0,0.084,0.0
u_3511,0.00022064168564237585,1493,0.0,0.004,0.0
u_3512,0.0,-1,0.0,,
u_3513,0.008339555134228488,168,0.0,0.077,0.0
u_3514,0.0,-1,0.0,,
u_3515,0.013458956807053168,223,0.0,0.257,0.0
u_3516,0.0,-1,0.0,,
u_3517,8.999150413977379e-05,139,0.0,0.001,0.0
u_3518,0.0,-1,0.0,,
u_3519,0.0,-1,0.0,,
u_3520,0.019584613093734358,4272,0.0,0.358,0.0
u_3521,0.0,-1,0.0,,
u_3522,0.00034332721977019346,1966,0.0,0.006,0.0
u_3523,0.0,-1,0.0,,
u_3524,0.049941761885618864,4702,0.0,0.913,0.0
u_3525,0.0,-1,0.0,,
u_3526,0.0,-1,0.0,,
u_3527,0.0,-1,0.0,,
u_3528,0.0,-1,0.0,,
u_3529,0.00012874249813924553,1213,0.0,0.002,0.0
u_3530,0.012525214662745178,1801,0.0,0.12,0.0
u_3531,0.00010477367352080389,1054,0.0,0.002,0.0
u_3532,0.0,-1,0.0,,
u_3533,0.0,-1,0.0,,
u_3534,0.0,-1,0.0,,
u_3535,0.0,-1,0.0,,
u_3536,0.04482950613029469,229,0.0,0.787,0.0
u_3537,0.0022064075410443535,1094,0.0,0.021,0.0
u_3538,0.0017860562865200426,1352,0.0,0.033,0.0
u_3539,0.0,-1,0.0,,
u_3540,0.004939648773261031,74,0.0,0.047,0.0
u_3541,0.0,-1,0.0,,
u_3542,0.0006757999129921949,2436,0.0,0.012,0.0
u_3543,0.0,-1,0.0,,
u_3544,0.044362630236679586,2061,0.0,0.787,0.0
u_3545,0.0,-1,0.0,,
u_3546,0.0,-1,0.0,,
u_3547,0.0,-1,0.0,,
u_3548,0.12328332763575567,1623,0.0,0.787,0.0
u_3549,0.0,-1,0.0,,
u_3550,0.0398898689398706,968,0.0,0.787,0.0
u_3551,0.0,-1,0.0,,
u_3552,0.0,-1,0.0,,
u_3553,0.04301357258590667,896,0.0,0.787,0.0
u_3554,0.00040327100411865585,641,0.0,0.003,0.0
u_3555,0.006015669076486734,5,0.0,0.115,0.0
u_3556,0.0,-1,0.0,,
u_3557,0.0008197690349403439,906,0.0,0.016,0.0
u_3558,0.08417531978986129,3463,0.0,0.787,0.0
u_3559,0.0005155088245561639,2261,0.0,0.01,0.0
u_3560,0.0,-1,0.0,,
u_3561,0.043034914056465874,1873,0.0,0.787,0.0
u_3562,0.0,-1,0.0,,
u_3563,0.08049833229124025,1122,0.0,0.787,0.0
u_3564,0.0,-1,0.0,,
u_3565,0.0,-1,0.0,,
u_3566,0.005279316068004869,1040,0.0,0.103,0.0
u_3567,0.044371750344914127,3610,0.0,0.787,0.0
u_3568,4.662409211385459e-05,182,0.0,0.001,0.0
u_3569,0.043034914056465874,4816,0.0,0.787,0.0
u_3570,0.043034914056465874,2746,0.0,0.787,0.0
u_3571,0.1247250195977615,3118,0.0,0.787,0.0
u_3572,0.0,-1,0.0,,
u_3573,0.040110851972956,168,0.0,0.787,0.0
u_3574,0.0038068472820833917,2561,0.0,0.068,0.0
u_3575,0.05020621177974228,399,0.0,0.974,0.0
u_3576,0.03988787642635364,1770,0.0,0.787,0.0
u_3577,6.546536898163409e-05,87,0.0,0.001,0.0
u_3578,0.039889863897015675,938,0.0,0.787,0.0
u_3579,0.0,-1,0.0,,
u_3580,0.010467099815974754,162,0.0,0.097,0.0
u_3581,0.0,-1,0.0,,
u_3582,0.0,-1,0.0,,
u_3583,0.0002374631337168763,1126,0.0,0.005,0.0
u_3584,0.0,-1,0.0,,
u_3585,0.0,-1,0.0,,
u_3586,0.0,-1,0.0,,
u_3587,0.0,-1,0.0,,
u_3588,0.0,-1,0.0,,
u_3589,0.0,-1,0.0,,
u_3590,0.037789918940232176,4265,0.0,0.353,0.0
u_3591,0.0002272492365493323,1136,0.0,0.002,0.0
u_3592,0.004232005717217915,3527,0.0,0.077,0.0
u_3593,4.3868665444665545e-05,106,0.0,0.001,0.0
u_3594,0.043034914056465874,1062,0.0,0.787,0.0
u_3595,0.0,-1,0.0,,
u_3596,0.0,-1,0.0,,
u_3597,0.0,-1,0.0,,
u_3598,0.0,-1,0.0,,
u_3599,0.0,-1,0.0,,
u_3600,0.0,-1,0.0,,
u_3601,5.190489684510264e-05,314,0.0,0.001,0.0
u_3602,0.001058975287849481,2687,0.0,0.019,0.0
u_3603,0.0,-1,0.0,,
u_3604,0.0,-1,0.0,,
u_3605,0.020019886315557272,4283,0.0,0.366,0.0
u_3606,0.043034914056465874,1334,0.0,0.787,0.0
u_3607,0.0,-1,0.0,,
u_3608,0.0,-1,0.0,,
u_3609,0.00014961580068878567,1355,0.0,0.003,0.0
u_3610,0.043034914056465874,5852,0.0,0.787,0.0
u_3611,0.043034914056465874,1477,0.0,0.787,0.0
u_3612,0.04065994823573712,1550,0.0,0.787,0.0
u_3613,0.00286916752646161,3292,0.0,0.052,0.0
u_3614,0.043034914056465874,4602,0.0,0.787,0.0
u_3615,0.08165676504956453,2363,0.0,0.787,0.0
u_3616,0.0005125518185310629,1768,0.0,0.005,0.0
u_3617,0.047375398418835445,267,0.0,0.451,0.0
u_3618,0.00656031436699786,74,0.0,0.127,0.0
u_3619,0.043034914056465874,2829,0.0,0.787,0.0
u_3620,0.043034914056465874,2012,0.0,0.787,0.0
u_3621,5.164774597523077e-05,30,0.0,0.001,0.0
u_3622,0.0006741927534381166,2430,0.0,0.012,0.0
u_3623,0.0,-1,0.0,,
u_3624,0.0,-1,0.0,,
u_3625,0.0,-1,0.0,,
u_3626,0.0,-1,0.0,,
u_3627,0.0,-1,0.0,,
u_3628,0.027756299028569846,83,0.0,0.262,0.0
u_3629,0.08131922060042347,2096,0.0,0.787,0.0
u_3630,0.0,-1,0.0,,
u_3631,0.0,-1,0.0,,
u_3632,0.0059254870787775055,2150,0.0,0.037,0.0
u_3633,0.0,-1,0.0,,
u_3634,0.004293365444171622,901,0.0,0.04,0.0
u_3635,0.045704967575792885,1750,0.0,0.787,0.0
u_3636,0.0,-1,0.0,,
u_3637,0.0,-1,0.0,,
u_3638,0.0,-1,0.0,,
u_3639,0.09100190228676577,2462,0.0,0.829,0.0
u_3640,0.08346812298096384,1502,0.0,0.787,0.0
u_3641,0.0004968564706551802,1739,0.0,0.005,0.0
u_3642,0.04171297383266248,1711,0.0,0.787,0.0
u_3643,0.2080591751423387,2290,0.0,0.787,0.0
u_3644,0.0035038962305584493,3426,0.0,0.064,0.0
u_3645,0.0,-1,0.0,,
u_3646,0.005462648610099927,3637,0.0,0.102,0.0
u_3647,0.0,-1,0.0,,
u_3648,0.0,-1,0.0,,
u_3649,0.0,-1,0.0,,
u_3650,0.0,-1,0.0,,
u_3651,0.0,-1,0.0,,
u_3652,0.04052210709913096,964,0.0,0.787,0.0
u_3653,0.0,-1,0.0,,
u_3654,0.041032784176605414,77,0.0,0.787,0.0
u_3655,0.0,-1,0.0,,
u_3656,0.043034914056465874,3775,0.0,0.787,0.0
u_3657,0.0,-1,0.0,,
u_3658,0.043034914056465874,4817,0.0,0.787,0.0
u_3659,0.0007850439888059747,2524,0.0,0.014,0.0
u_3660,0.0,-1,0.0,,
u_3661,0.0,-1,0.0,,
u_3662,0.017740805206162245,341,0.0,0.336,0.0
u_3663,0.03988888767671082,3390,0.0,0.787,0.0
u_3664,0.04176607809783972,161,0.0,0.787,0.0
u_3665,0.08417531978986129,2027,0.0,0.787,0.0
u_3666,0.0,-1,0.0,,
u_3667,0.0,-1,0.0,,
u_3668,0.0023550512089404417,3169,0.0,0.043,0.0
u_3669,0.0,-1,0.0,,
u_3670,0.0,-1,0.0,,
u_3671,0.012291862743595481,4075,0.0,0.225,0.0
u_3672,0.0002517162515372565,1212,0.0,0.002,0.0
u_3673,0.0,-1,0.0,,
u_3674,0.043034914056465874,4818,0.0,0.787,0.0
u_3675,0.0,-1,0.0,,
u_3676,0.03988885953412437,1027,0.0,0.787,0.0
u_3677,0.0,-1,0.0,,
u_3678,0.08321707882404729,1458,0.0,0.787,0.0
u_3679,0.0,-1,0.0,,
u_3680,0.0,-1,0.0,,
u_3681,0.043034914056465874,4812,0.0,0.787,0.0
u_3682,0.043034914056465874,2755,0.0,0.787,0.0
u_3683,0.0,-1,0.0,,
u_3684,0.05584048620968994,3011,0.0,0.351,0.0
u_3685,0.0,-1,0.0,,
u_3686,0.0,-1,0.0,,
u_3687,0.0008613150216977741,991,0.0,0.016,0.0
u_3688,0.010404510403011134,1696,0.0,0.096,0.0
u_3689,0.043034914056465874,1015,0.0,0.787,0.0
u_3690,0.08190544810163167,2079,0.0,0.787,0.0
u_3691,0.007427639718988699,89,0.0,0.029,0.0
u_3692,0.017099420143735757,197,0.0,0.107,0.0
u_3693,0.0,-1,0.0,,
u_3694,0.0,-1,0.0,,
u_3695,0.043034914056465874,2423,0.0,0.787,0.0
u_3696,0.04126405795665583,222,0.0,0.787,0.0
u_3697,0.03602396164727565,4574,0.0,0.658,0.0
u_3698,5.1879744511964424e-05,312,0.0,0.001,0.0
u_3699,0.0001669633991602221,459,0.0,0.001,0.0
u_3700,0.0,-1,0.0,,
u_3701,0.003366103465429996,419,0.0,0.057,0.0
u_3702,0.0,-1,0.0,,
u_3703,0.04067965680405434,1463,0.0,0.787,0.0
u_3704,0.039892143498000056,1811,0.0,0.787,0.0
u_3705,0.04806127222612884,4681,0.0,0.879,0.0
u_3706,0.0029025386896894554,463,0.0,0.027,0.0
u_3707,0.0,-1,0.0,,
u_3708,0.0,-1,0.0,,
u_3709,0.0,-1,0.0,,
u_3710,0.0816265116727229,12,0.0,0.787,0.0
u_3711,0.0,-1,0.0,,
u_3712,0.03989237548969151,104,0.0,0.787,0.0
u_3713,0.043034914056465874,4819,0.0,0.787,0.0
u_3714,0.04437292617180883,2132,0.0,0.787,0.0
u_3715,0.00026928164372317347,1173,0.0,0.003,0.0
u_3716,0.039887429101428326,616,0.0,0.787,0.0
u_3717,0.0,-1,0.0,,
u_3718,0.043034914056465874,5853,0.0,0.787,0.0
u_3719,0.08326999033821257,4339,0.0,0.787,0.0
u_3720,0.043034914056465874,4247,0.0,0.787,0.0
u_3721,0.0010751381407636657,2716,0.0,0.02,0.0
u_3722,0.08417531978986129,4045,0.0,0.787,0.0
u_3723,0.0,-1,0.0,,
u_3724,0.002110196886359147,349,0.0,0.01,0.0
u_3725,0.0,-1,0.0,,
u_3726,0.043034914056465874,3787,0.0,0.787,0.0
u_3727,0.0,-1,0.0,,
u_3728,0.0,-1,0.0,,
u_3729,0.0837029004135293,2102,0.0,0.787,0.0
u_3730,0.03988440256569888,628,0.0,0.249,0.0
u_3731,8.812133472636732e-05,112,0.0,0.002,0.0
u_3732,0.00013409082634295482,1226,0.0,0.002,0.0
u_3733,0.03988773704408244,1363,0.0,0.787,0.0
u_3734,0.0003132846948289695,21,0.0,0.003,0.0
u_3735,0.0,-1,0.0,,
u_3736,0.0,-1,0.0,,
u_3737,0.043034914056465874,4591,0.0,0.787,0.0
u_3738,0.0,-1,0.0,,
u_3739,0.04221031925109618,2429,0.0,0.787,0.0
u_3740,0.043034914056465874,4436,0.0,0.787,0.0
u_3741,0.0,-1,0.0,,
u_3742,0.0,-1,0.0,,
u_3743,0.0,-1,0.0,,
u_3744,0.013423583161631293,3782,0.0,0.125,0.0
u_3745,0.08551145550369382,1473,0.0,0.787,0.0
u_3746,0.0,-1,0.0,,
u_3747,0.0,-1,0.0,,
u_3748,0.0,-1,0.0,,
u_3749,0.0,-1,0.0,,
u_3750,0.043034914056465874,2703,0.0,0.787,0.0
u_3751,0.040588870056927545,222,0.0,0.792,0.0
u_3752,0.0,-1,0.0,,
u_3753,0.0,-1,0.0,,
u_3754,0.0,-1,0.0,,
u_3755,0.10354196214102425,962,0.0,0.968,0.0
u_3756,0.0,-1,0.0,,
u_3757,0.043034914056465874,2391,0.0,0.787,0.0
u_3758,0.08438774827609996,847,0.0,0.787,0.0
u_3759,0.08330191237544257,1183,0.0,0.787,0.0
u_3760,0.011565833987314943,4051,0.0,0.211,0.0
u_3761,0.0016131527724343796,1139,0.0,0.01,0.0
u_3762,0.043034914056465874,4820,0.0,0.787,0.0
u_3763,0.0,-1,0.0,,
u_3764,0.0,-1,0.0,,
u_3765,0.04077771337899818,77,0.0,0.787,0.0
u_3766,0.042472774957537464,1563,0.0,0.787,0.0
u_3767,0.0,-1,0.0,,
u_3768,0.000100505215519656,999,0.0,0.002,0.0
u_3769,0.043034914056465874,1195,0.0,0.787,0.0
u_3770,0.0,-1,0.0,,
u_3771,0.043034914056465874,4479,0.0,0.787,0.0
u_3772,0.0867662628834963,2909,0.0,0.787,0.0
u_3773,0.0,-1,0.0,,
u_3774,0.043034914056465874,1977,0.0,0.787,0.0
u_3775,0.043034914056465874,4821,0.0,0.787,0.0
u_3776,0.08001977692509131,222,0.0,0.787,0.0
u_3777,0.0,-1,0.0,,
u_3778,0.015190782062124467,682,0.0,0.146,0.0
u_3779,0.048236827621582844,756,0.0,0.454,0.0
u_3780,0.0433883818426327,1095,0.0,0.787,0.0
u_3781,0.0,-1,0.0,,
u_3782,0.0,-1,0.0,,
u_3783,0.043034914056465874,664,0.0,0.787,0.0
u_3784,0.043034914056465874,1898,0.0,0.787,0.0
u_3785,0.08417531978986129,3199,0.0,0.787,0.0
u_3786,0.0401976258578469,2291,0.0,0.787,0.0
u_3787,0.0,-1,0.0,,
u_3788,0.0,-1,0.0,,
u_3789,0.0,-1,0.0,,
u_3790,0.0004559733959130566,1681,0.0,0.004,0.0
u_3791,0.0,-1,0.0,,
u_3792,9.476820921315529e-05,969,0.0,0.002,0.0
u_3793,0.03988936758817397,233,0.0,0.787,0.0
u_3794,0.045467087878965355,3995,0.0,0.787,0.0
u_3795,0.0,-1,0.0,,
u_3796,0.00250297283562365,3220,0.0,0.046,0.0
u_3797,0.041505077099367245,469,0.0,0.787,0.0
u_3798,0.0,-1,0.0,,
u_3799,0.0,-1,0.0,,
u_3800,0.08417531978986129,3435,0.0,0.787,0.0
u_3801,0.0,-1,0.0,,
u_3802,0.0,-1,0.0,,
u_3803,0.0,-1,0.0,,
u_3804,0.08027464252162751,222,0.0,0.787,0.0
u_3805,0.0,-1,0.0,,
u_3806,0.0687431026376814,2279,0.0,0.432,0.0
u_3807,0.007032138131796877,217,0.0,0.033,0.0
u_3808,0.0,-1,0.0,,
u_3809,0.0,-1,0.0,,
u_3810,0.043034914056465874,5854,0.0,0.787,0.0
u_3811,0.0029147644038454773,277,0.0,0.027,0.0
u_3812,0.0,-1,0.0,,
u_3813,0.0018452471623586909,380,0.0,0.011,0.0
u_3814,0.0,-1,0.0,,
u_3815,0.04108034349945151,1738,0.0,0.787,0.0
u_3816,0.00018698596775451433,1523,0.0,0.003,0.0
u_3817,0.0,-1,0.0,,
u_3818,0.0,-1,0.0,,
u_3819,0.043034914056465874,2970,0.0,0.787,0.0
u_3820,0.0,-1,0.0,,
u_3821,0.0,-1,0.0,,
u_3822,0.05279954779803549,2863,0.0,0.339,0.0
u_3823,0.08436109973589696,2075,0.0,0.787,0.0
u_3824,0.0,-1,0.0,,
u_3825,0.0,-1,0.0,,
u_3826,0.00015943429884955667,4,0.0,0.001,0.0
u_3827,0.0,-1,0.0,,
u_3828,0.043034914056465874,3825,0.0,0.787,0.0
u_3829,0.03988767301546301,1390,0.0,0.787,0.0
u_3830,0.0,-1,0.0,,
u_3831,0.0,-1,0.0,,
u_3832,0.0,-1,0.0,,
u_3833,0.0,-1,0.0,,
u_3834,0.00266626182277442,3250,0.0,0.049,0.0
u_3835,0.0,-1,0.0,,
u_3836,0.0,-1,0.0,,
u_3837,0.0,-1,0.0,,
u_3838,0.0,-1,0.0,,
u_3839,0.0,-1,0.0,,
u_3840,0.08417531978986129,4822,0.0,0.787,0.0
u_3841,0.0,-1,0.0,,
u_3842,0.0,-1,0.0,,
u_3843,0.0,-1,0.0,,
u_3844,0.0,-1,0.0,,
u_3845,0.0,-1,0.0,,
u_3846,0.05399778106174586,845,0.0,0.343,0.0
u_3847,0.0,-1,0.0,,
u_3848,0.0,-1,0.0,,
u_3849,0.0,-1,0.0,,
u_3850,0.0009798302351970922,1161,0.0,0.006,0.0
u_3851,0.0,-1,0.0,,
u_3852,0.0,-1,0.0,,
u_3853,0.0,-1,0.0,,
u_3854,0.0,-1,0.0,,
u_3855,0.043034914056465874,1884,0.0,0.787,0.0
u_3856,0.0,-1,0.0,,
u_3857,0.07417539991073735,3780,0.0,0.693,0.0
u_3858,0.032137388091673956,4190,0.0,0.3,0.0
u_3859,0.04271156137202008,404,0.0,0.787,0.0
u_3860,0.0,-1,0.0,,
u_3861,0.043034914056465874,4170,0.0,0.787,0.0
u_3862,0.0,-1,0.0,,
u_3863,0.0,-1,0.0,,
u_3864,0.0,-1,0.0,,
u_3865,0.0,-1,0.0,,
u_3866,0.0,-1,0.0,,
u_3867,0.006009593756570009,3702,0.0,0.11,0.0
u_3868,0.0,-1,0.0,,
u_3869,0.0855130325372361,2258,0.0,0.787,0.0
u_3870,0.03917603315042563,4284,0.0,0.366,0.0
u_3871,0.0,-1,0.0,,
u_3872,0.0842510542288029,1943,0.0,0.787,0.0
u_3873,0.0,-1,0.0,,
u_3874,0.003746392377190602,254,0.0,0.07,0.0
u_3875,0.0,-1,0.0,,
u_3876,0.001754657304307563,366,0.0,0.034,0.0
u_3877,0.00014322239464606816,1312,0.0,0.003,0.0
u_3878,0.0,-1,0.0,,
u_3879,0.0,-1,0.0,,
u_3880,0.0,-1,0.0,,
u_3881,0.0,-1,0.0,,
u_3882,0.0,-1,0.0,,
u_3883,0.0,-1,0.0,,
u_3884,0.043034914056465874,2276,0.0,0.787,0.0
u_3885,0.043034914056465874,4588,0.0,0.787,0.0
u_3886,0.020813371418751087,868,0.0,0.195,0.0
u_3887,0.044371749467763434,4556,0.0,0.787,0.0
u_3888,0.0007732770939144417,2511,0.0,0.014,0.0
u_3889,0.039887964670822354,473,0.0,0.787,0.0
u_3890,0.0,-1,0.0,,
u_3891,0.0,-1,0.0,,
u_3892,9.086463879820496e-05,49,0.0,0.001,0.0
u_3893,0.0,-1,0.0,,
u_3894,0.043034914056465874,4823,0.0,0.787,0.0
u_3895,0.0,-1,0.0,,
u_3896,0.0,-1,0.0,,
u_3897,0.0,-1,0.0,,
u_3898,0.0,-1,0.0,,
u_3899,0.0,-1,0.0,,
u_3900,0.04301208894931202,1684,0.0,0.787,0.0
u_3901,0.039888813491342066,3077,0.0,0.787,0.0
u_3902,0.0,-1,0.0,,
u_3903,0.04437174515541237,3511,0.0,0.787,0.0
u_3904,0.042130407716432006,4860,0.0,0.787,0.0
u_3905,0.0,-1,0.0,,
u_3906,0.043034914056465874,2591,0.0,0.787,0.0
u_3907,0.042130407716432006,5389,0.0,0.787,0.0
u_3908,0.0012052516853826825,1821,0.0,0.021,0.0
u_3909,0.0015063100962617413,2947,0.0,0.028,0.0
u_3910,0.0,-1,0.0,,
u_3911,0.0,-1,0.0,,
u_3912,0.00018705599590239903,217,0.0,0.003,0.0
u_3913,0.043034914056465874,4824,0.0,0.787,0.0
u_3914,0.049364440907286436,4695,0.0,0.902,0.0
u_3915,0.043034914056465874,4825,0.0,0.787,0.0
u_3916,0.043034914056465874,2858,0.0,0.787,0.0
u_3917,0.0007734515373077858,2512,0.0,0.014,0.0
u_3918,0.0001609561793018512,502,0.0,0.003,0.0
u_3919,0.0,-1,0.0,,
u_3920,0.0,-1,0.0,,
u_3921,0.0,-1,0.0,,
u_3922,0.07963393730009231,509,0.0,0.787,0.0
u_3923,0.0,-1,0.0,,
u_3924,0.0001787986649429496,1503,0.0,0.003,0.0
u_3925,0.040844533716322524,1271,0.0,0.787,0.0
u_3926,0.028605097163088195,1732,0.0,0.108,0.0
u_3927,0.0,-1,0.0,,
u_3928,0.0,-1,0.0,,
u_3929,0.004496005156798581,3596,0.0,0.087,0.0
u_3930,0.0,-1,0.0,,
u_3931,0.0,-1,0.0,,
u_3932,0.042130407716432006,4826,0.0,0.787,0.0
u_3933,0.0,-1,0.0,,
u_3934,0.0,-1,0.0,,
u_3935,0.002028183194986084,3101,0.0,0.037,0.0
u_3936,0.031151920768576216,777,0.0,0.291,0.0
u_3937,0.0,-1,0.0,,
u_3938,0.0,-1,0.0,,
u_3939,0.0,-1,0.0,,
u_3940,0.022790168760882735,53,0.0,0.062,0.0
u_3941,0.001382257697612998,2887,0.0,0.025,0.0
u_3942,0.0,-1,0.0,,
u_3943,0.0398973817324143,4687,0.0,0.787,0.0
u_3944,0.0,-1,0.0,,
u_3945,0.08074674679243614,1471,0.0,0.787,0.0
u_3946,0.044372284029736704,2651,0.0,0.787,0.0
u_3947,0.0018646797261554532,646,0.0,0.036,0.0
u_3948,0.0,-1,0.0,,
u_3949,0.08475464205943316,2410,0.0,0.787,0.0
u_3950,0.0,-1,0.0,,
u_3951,0.12544049904770468,4087,0.0,0.787,0.0
u_3952,0.0,-1,0.0,,
u_3953,0.0,-1,0.0,,
u_3954,0.0,-1,0.0,,
u_3955,0.07951442343092124,297,0.0,0.787,0.0
u_3956,0.043034914056465874,3387,0.0,0.787,0.0
u_3957,0.04381686446799658,2839,0.0,0.787,0.0
u_3958,0.03829441629667171,268,0.0,0.242,0.0
u_3959,0.08342819049229458,80,0.0,0.787,0.0
u_3960,0.0,-1,0.0,,
u_3961,0.09230232658112666,342,0.0,0.842,0.0
u_3962,0.0,-1,0.0,,
u_3963,0.039913790481088264,982,0.0,0.26,0.0
u_3964,0.0,-1,0.0,,
u_3965,0.0,-1,0.0,,
u_3966,0.043034914056465874,5855,0.0,0.787,0.0
u_3967,0.039888812310245526,2230,0.0,0.787,0.0
u_3968,0.0,-1,0.0,,
u_3969,0.0014324930879509768,2913,0.0,0.026,0.0
u_3970,0.00043644917066225933,267,0.0,0.004,0.0
u_3971,0.043034914056465874,3939,0.0,0.787,0.0
u_3972,0.043034914056465874,5856,0.0,0.787,0.0
u_3973,0.0,-1,0.0,,
u_3974,0.0,-1,0.0,,
u_3975,0.0,-1,0.0,,
u_3976,0.0,-1,0.0,,
u_3977,0.12002994637626802,1272,0.0,0.787,0.0
u_3978,0.0443610682880257,4178,0.0,0.787,0.0
u_3979,0.013965040459429081,1159,0.0,0.128,0.0
u_3980,0.07937874446043142,2711,0.0,0.739,0.0
u_3981,0.0,-1,0.0,,
u_3982,0.0022462307794278266,1667,0.0,0.021,0.0
u_3983,0.0008064941406256555,2112,0.0,0.008,0.0
u_3984,0.0,-1,0.0,,
u_3985,0.007021851557044012,1234,0.0,0.066,0.0
u_3986,0.0,-1,0.0,,
u_3987,0.0,-1,0.0,,
u_3988,0.0,-1,0.0,,
u_3989,0.0003888882311362552,1329,0.0,0.007,0.0
u_3990,0.0,-1,0.0,,
u_3991,0.03377349521681672,2045,0.0,0.316,0.0
u_3992,0.043034914056465874,2206,0.0,0.787,0.0
u_3993,0.0,-1,0.0,,
u_3994,0.0,-1,0.0,,
u_3995,0.019227455079182394,4285,0.0,0.368,0.0
u_3996,0.0,-1,0.0,,
u_3997,0.00715209952208725,1705,0.0,0.132,0.0
u_3998,0.043034914056465874,82,0.0,0.787,0.0
u_3999,0.043034914056465874,4827,0.0,0.787,0.0
u_4000,0.013747139532214916,416,0.0,0.087,0.0
u_4001,0.0,-1,0.0,,
u_4002,0.0,-1,0.0,,
u_4003,0.00039712022291646506,2058,0.0,0.007,0.0
u_4004,4.9101417108007526e-05,285,0.0,0.001,0.0
u_4005,0.043034914056465874,3412,0.0,0.787,0.0
u_4006,0.043034914056465874,2312,0.0,0.787,0.0
u_4007,0.04437233142488203,1436,0.0,0.787,0.0
u_4008,0.00030205061541615255,1862,0.0,0.006,0.0
u_4009,0.04195043986676495,472,0.0,0.787,0.0
u_4010,0.002630285184133852,2921,0.0,0.046,0.0
u_4011,0.0,-1,0.0,,
u_4012,0.0010196248324617924,87,0.0,0.01,0.0
u_4013,0.00023191867051743084,251,0.0,0.002,0.0
u_4014,0.0,-1,0.0,,
u_4015,0.0,-1,0.0,,
u_4016,0.08159380707145836,1137,0.0,0.787,0.0
u_4017,0.024208801598773748,83,0.0,0.465,0.0
u_4018,0.0,-1,0.0,,
u_4019,0.04518198517507943,887,0.0,0.787,0.0
u_4020,5.6785567401869907e-05,435,0.0,0.001,0.0
u_4021,0.0,-1,0.0,,
u_4022,0.0,-1,0.0,,
u_4023,0.024766914324975797,4380,0.0,0.453,0.0
u_4024,0.043034914056465874,2414,0.0,0.787,0.0
u_4025,0.043034914056465874,4828,0.0,0.787,0.0
u_4026,0.0,-1,0.0,,
u_4027,0.0,-1,0.0,,
u_4028,0.043034914056465874,2637,0.0,0.787,0.0
u_4029,0.043034914056465874,3541,0.0,0.787,0.0
u_4030,0.08040313175367718,2819,0.0,0.787,0.0
u_4031,0.043034914056465874,4829,0.0,0.787,0.0
u_4032,0.039888213828692475,4419,0.0,0.787,0.0
u_4033,0.0073386197592411355,668,0.0,0.069,0.0
u_4034,0.0,-1,0.0,,
u_4035,0.0,-1,0.0,,
u_4036,0.0,-1,0.0,,
u_4037,0.0,-1,0.0,,
u_4038,0.0,-1,0.0,,
u_4039,0.0,-1,0.0,,
u_4040,0.004239402087437519,739,0.0,0.04,0.0
u_4041,0.0,-1,0.0,,
u_4042,0.0003149098260753667,1869,0.0,0.006,0.0
u_4043,0.0,-1,0.0,,
u_4044,0.04445413636158491,2375,0.0,0.787,0.0
u_4045,0.0005143546917728606,1757,0.0,0.005,0.0
u_4046,0.043034914056465874,2361,0.0,0.787,0.0
u_4047,0.043034914056465874,5857,0.0,0.787,0.0
u_4048,0.043034914056465874,3832,0.0,0.787,0.0
u_4049,0.04129251849871553,442,0.0,0.787,0.0
u_4050,0.0,-1,0.0,,
u_4051,0.0,-1,0.0,,
u_4052,0.0,-1,0.0,,
u_4053,0.043034914056465874,4289,0.0,0.787,0.0
u_4054,4.80819515138955e-05,210,0.0,0.001,0.0
u_4055,0.0,-1,0.0,,
u_4056,0.043034914056465874,2347,0.0,0.787,0.0
u_4057,0.043034914056465874,4830,0.0,0.787,0.0
u_4058,0.006018614732017058,1829,0.0,0.055,0.0
u_4059,0.0,-1,0.0,,
u_4060,0.043034914056465874,1781,0.0,0.787,0.0
u_4061,0.0006488218555726154,232,0.0,0.004,0.0
u_4062,0.0,-1,0.0,,
u_4063,0.12353748667106428,629,0.0,0.787,0.0
u_4064,0.0,-1,0.0,,
u_4065,0.0,-1,0.0,,
u_4066,0.043034914056465874,5858,0.0,0.787,0.0
u_4067,0.04020177514622237,162,0.0,0.787,0.0
u_4068,0.037277200469473824,161,0.0,0.731,0.0
u_4069,0.040675185121528575,33,0.0,0.787,0.0
u_4070,0.0,-1,0.0,,
u_4071,0.12514404577521487,237,0.0,0.787,0.0
u_4072,0.1624631150578735,991,0.0,0.787,0.0
u_4073,0.0,-1,0.0,,
u_4074,0.08389614406689218,469,0.0,0.787,0.0
u_4075,0.0,-1,0.0,,
u_4076,0.04304456303774487,2588,0.0,0.787,0.0
u_4077,0.0,-1,0.0,,
u_4078,0.07418879870128373,1057,0.0,0.693,0.0
u_4079,0.0,-1,0.0,,
u_4080,0.04005231792806549,1732,0.0,0.787,0.0
u_4081,0.08417531978986129,399,0.0,0.787,0.0
u_4082,0.0,-1,0.0,,
u_4083,0.0,-1,0.0,,
u_4084,0.0,-1,0.0,,
u_4085,0.0,-1,0.0,,
u_4086,0.0,-1,0.0,,
u_4087,0.00022958744473492622,332,0.0,0.005,0.0
u_4088,0.043034914056465874,4831,0.0,0.787,0.0
u_4089,0.03179318294493224,1458,0.0,0.202,0.0
u_4090,0.001135959228130797,367,0.0,0.007,0.0
u_4091,0.0,-1,0.0,,
u_4092,0.0,-1,0.0,,
u_4093,5.017948797940646e-05,270,0.0,0.001,0.0
u_4094,0.043034914056465874,4832,0.0,0.787,0.0
u_4095,0.0,-1,0.0,,
u_4096,0.0069696045605224894,711,0.0,0.134,0.0
u_4097,0.041426744664902114,4402,0.0,0.787,0.0
u_4098,0.0013202495268925321,695,0.0,0.012,0.0
u_4099,0.0,-1,0.0,,
u_4100,0.04300265242777588,1685,0.0,0.787,0.0
u_4101,0.0,-1,0.0,,
u_4102,0.0,-1,0.0,,
u_4103,0.14234642213543552,1810,0.0,0.894,0.0
u_4104,0.0,-1,0.0,,
u_4105,0.01010321766439426,800,0.0,0.096,0.0
u_4106,0.08417029682672081,68,0.0,0.787,0.0
u_4107,0.0,-1,0.0,,
u_4108,0.009686535715829456,3975,0.0,0.177,0.0
u_4109,0.08257849785662535,628,0.0,0.787,0.0
u_4110,0.04099826389235857,826,0.0,0.787,0.0
u_4111,0.03988972242819484,3548,0.0,0.787,0.0
u_4112,0.040274794809120606,89,0.0,0.787,0.0
u_4113,0.0,-1,0.0,,
u_4114,0.0006277096130769811,1897,0.0,0.006,0.0
u_4115,0.0,-1,0.0,,
u_4116,0.0,-1,0.0,,
u_4117,0.0,-1,0.0,,
u_4118,0.0,-1,0.0,,
u_4119,0.1248291326959528,1723,0.0,0.787,0.0
u_4120,0.0005757725281618718,2324,0.0,0.011,0.0
u_4121,0.04406656883008118,2835,0.0,0.787,0.0
u_4122,0.028909669761532454,926,0.0,0.276,0.0
u_4123,0.0009210058041624864,2623,0.0,0.017,0.0
u_4124,0.043361487980847796,2038,0.0,0.787,0.0
u_4125,0.043034914056465874,4445,0.0,0.787,0.0
u_4126,0.043034914056465874,1784,0.0,0.787,0.0
u_4127,0.0035467282309349247,3414,0.0,0.063,0.0
u_4128,0.0,-1,0.0,,
u_4129,0.08626775927320611,61,0.0,0.787,0.0
u_4130,0.0018578026799743396,953,0.0,0.012,0.0
u_4131,0.04015141834599366,1295,0.0,0.787,0.0
u_4132,0.0006395957871572007,750,0.0,0.012,0.0
u_4133,0.0048773897603182695,3607,0.0,0.089,0.0
u_4134,0.0,-1,0.0,,
u_4135,0.0,-1,0.0,,
u_4136,0.0,-1,0.0,,
u_4137,0.0,-1,0.0,,
u_4138,0.011752562925017907,867,0.0,0.212,0.0
u_4139,0.0,-1,0.0,,
u_4140,0.1364885177811225,292,0.0,0.878,0.0
u_4141,0.0,-1,0.0,,
u_4142,0.0,-1,0.0,,
u_4143,0.0,-1,0.0,,
u_4144,0.0,-1,0.0,,
u_4145,0.0,-1,0.0,,
u_4146,0.08423784122704533,2676,0.0,0.787,0.0
u_4147,0.0011044207990111318,2338,0.0,0.011,0.0
u_4148,0.0,-1,0.0,,
u_4149,0.0,-1,0.0,,
u_4150,0.043034914056465874,4252,0.0,0.787,0.0
u_4151,0.0,-1,0.0,,
u_4152,0.0,-1,0.0,,
u_4153,0.043034914056465874,221,0.0,0.787,0.0
u_4154,0.0,-1,0.0,,
u_4155,0.0,-1,0.0,,
u_4156,0.043027351787470754,2945,0.0,0.787,0.0
u_4157,0.0,-1,0.0,,
u_4158,0.0,-1,0.0,,
u_4159,0.00020326148147513663,1581,0.0,0.004,0.0
u_4160,0.041486738966790115,402,0.0,0.787,0.0
u_4161,0.03989038353675118,3240,0.0,0.787,0.0
u_4162,0.0,-1,0.0,,
u_4163,0.039887885252506,332,0.0,0.787,0.0
u_4164,0.020622610699608517,3722,0.0,0.193,0.0
u_4165,0.001220967242415897,849,0.0,0.011,0.0
u_4166,0.0,-1,0.0,,
u_4167,0.043034914056465874,4424,0.0,0.787,0.0
u_4168,0.08098546346139304,5,0.0,0.787,0.0
u_4169,0.004412373794940328,790,0.0,0.027,0.0
u_4170,0.043034914056465874,1707,0.0,0.787,0.0
u_4171,0.043034914056465874,5859,0.0,0.787,0.0
u_4172,0.0,-1,0.0,,
u_4173,0.00015643422087939523,1386,0.0,0.003,0.0
u_4174,0.0,-1,0.0,,
u_4175,0.0003124827545941007,1887,0.0,0.006,0.0
u_4176,0.00021065521952027711,1609,0.0,0.004,0.0
u_4177,0.08417531978986129,2931,0.0,0.787,0.0
u_4178,0.00013004020395797756,1225,0.0,0.002,0.0
u_4179,0.043034914056465874,575,0.0,0.787,0.0
u_4180,9.487245462436614e-05,971,0.0,0.002,0.0
u_4181,0.0,-1,0.0,,
u_4182,0.005540522305349673,402,0.0,0.104,0.0
u_4183,0.01167670791423104,4055,0.0,0.213,0.0
u_4184,0.0046694776506428165,3192,0.0,0.045,0.0
u_4185,0.07963137410391849,327,0.0,0.787,0.0
u_4186,0.0036091031999021493,3441,0.0,0.066,0.0
u_4187,0.0,-1,0.0,,
u_4188,0.043034914056465874,4833,0.0,0.787,0.0
u_4189,0.00039640127476329545,1576,0.0,0.004,0.0
u_4190,0.00019460408236815746,481,0.0,0.002,0.0
u_4191,0.0,-1,0.0,,
u_4192,0.0,-1,0.0,,
u_4193,0.043034914056465874,1639,0.0,0.787,0.0
u_4194,0.0,-1,0.0,,
u_4195,0.043056493516787614,2245,0.0,0.787,0.0
u_4196,0.0,-1,0.0,,
u_4197,0.0,-1,0.0,,
u_4198,0.0,-1,0.0,,
u_4199,0.0,-1,0.0,,
u_4200,0.0009029533637274976,909,0.0,0.008,0.0
u_4201,0.0,-1,0.0,,
u_4202,0.0,-1,0.0,,
u_4203,0.0,-1,0.0,,
u_4204,0.00011718717541724379,1151,0.0,0.002,0.0
u_4205,0.043034914056465874,4550,0.0,0.787,0.0
u_4206,0.08511168737320562,1206,0.0,0.787,0.0
u_4207,0.0,-1,0.0,,
u_4208,0.043034914056465874,2557,0.0,0.787,0.0
u_4209,0.08417531978986129,2546,0.0,0.787,0.0
u_4210,0.00014326173020738108,1224,0.0,0.003,0.0
u_4211,0.0,-1,0.0,,
u_4212,0.043034914056465874,4367,0.0,0.787,0.0
u_4213,0.0,-1,0.0,,
u_4214,0.0037028488732025896,176,0.0,0.024,0.0
u_4215,0.043034914056465874,2182,0.0,0.787,0.0
u_4216,0.0,-1,0.0,,
u_4217,0.043034914056465874,4515,0.0,0.787,0.0
u_4218,0.0008487361187626525,89,0.0,0.016,0.0
u_4219,0.043034914056465874,4834,0.0,0.787,0.0
u_4220,0.0,-1,0.0,,
u_4221,0.0,-1,0.0,,
u_4222,0.0,-1,0.0,,
u_4223,0.0,-1,0.0,,
u_4224,0.03988785232602701,547,0.0,0.787,0.0
u_4225,0.043034914056465874,5860,0.0,0.787,0.0
u_4226,0.043034914056465874,5861,0.0,0.787,0.0
u_4227,0.013028109990124135,3397,0.0,0.242,0.0
u_4228,0.0002031166877189697,1338,0.0,0.004,0.0
u_4229,0.0033190064587549067,1407,0.0,0.065,0.0
u_4230,0.0,-1,0.0,,
u_4231,0.0,-1,0.0,,
u_4232,0.043034914056465874,1257,0.0,0.787,0.0
u_4233,0.0,-1,0.0,,
u_4234,0.0,-1,0.0,,
u_4235,0.043034914056465874,1549,0.0,0.787,0.0
u_4236,0.0,-1,0.0,,
u_4237,0.039890746060809334,554,0.0,0.787,0.0
u_4238,9.517824756502122e-05,256,0.0,0.001,0.0
u_4239,0.04282913292174491,1767,0.0,0.787,0.0
u_4240,0.0,-1,0.0,,
u_4241,0.0,-1,0.0,,
u_4242,0.0,-1,0.0,,
u_4243,0.0818846039798125,26,0.0,0.787,0.0
u_4244,0.00045664203302160086,1382,0.0,0.004,0.0
u_4245,0.0,-1,0.0,,
u_4246,0.0,-1,0.0,,
u_4247,0.004617464371341064,3576,0.0,0.084,0.0
u_4248,0.016370933264846527,1751,0.0,0.104,0.0
u_4249,0.03988756717331566,118,0.0,0.787,0.0
u_4250,0.0,-1,0.0,,
u_4251,0.0,-1,0.0,,
u_4252,0.0,-1,0.0,,
u_4253,0.0,-1,0.0,,
u_4254,0.0,-1,0.0,,
u_4255,0.0,-1,0.0,,
u_4256,0.043034914056465874,1601,0.0,0.787,0.0
u_4257,0.0,-1,0.0,,
u_4258,0.0,-1,0.0,,
u_4259,0.00016885937939254317,904,0.0,0.003,0.0
u_4260,0.0,-1,0.0,,
u_4261,0.008018947853405933,805,0.0,0.051,0.0
u_4262,0.039888956831550984,4448,0.0,0.787,0.0
u_4263,0.0,-1,0.0,,
u_4264,0.0,-1,0.0,,
u_4265,0.0,-1,0.0,,
u_4266,0.0,-1,0.0,,
u_4267,0.05136727107303898,1229,0.0,0.956,0.0
u_4268,0.015443032320326663,4166,0.0,0.282,0.0
u_4269,0.00035509621370856723,379,0.0,0.007,0.0
u_4270,0.004086977422826779,208,0.0,0.074,0.0
u_4271,0.010226900938789224,1348,0.0,0.097,0.0
u_4272,0.006024110691906737,2486,0.0,0.056,0.0
u_4273,0.0,-1,0.0,,
u_4274,0.0,-1,0.0,,
u_4275,0.0019655930015680338,1945,0.0,0.009,0.0
u_4276,0.03988751947807333,378,0.0,0.787,0.0
u_4277,0.0,-1,0.0,,
u_4278,0.0,-1,0.0,,
u_4279,0.0,-1,0.0,,
u_4280,0.0009805578997346116,629,0.0,0.009,0.0
u_4281,0.0,-1,0.0,,
u_4282,0.043034914056465874,2972,0.0,0.787,0.0
u_4283,0.0,-1,0.0,,
u_4284,0.005022095452782627,1050,0.0,0.047,0.0
u_4285,0.04040492201609641,4484,0.0,0.787,0.0
u_4286,0.04036935919554503,49,0.0,0.787,0.0
u_4287,0.0,-1,0.0,,
u_4288,0.0,-1,0.0,,
u_4289,0.0,-1,0.0,,
u_4290,0.0,-1,0.0,,
u_4291,0.028249318425672222,3862,0.0,0.264,0.0
u_4292,0.0,-1,0.0,,
u_4293,0.0,-1,0.0,,
u_4294,0.0,-1,0.0,,
u_4295,0.0,-1,0.0,,
u_4296,0.0,-1,0.0,,
u_4297,0.0,-1,0.0,,
u_4298,0.0,-1,0.0,,
u_4299,0.043034914056465874,4689,0.0,0.787,0.0
u_4300,0.02049614641770554,3507,0.0,0.192,0.0
u_4301,0.0,-1,0.0,,
u_4302,0.0,-1,0.0,,
u_4303,0.043034914056465874,4835,0.0,0.787,0.0
u_4304,0.0,-1,0.0,,
u_4305,0.0,-1,0.0,,
u_4306,0.0,-1,0.0,,
u_4307,0.043034914056465874,3149,0.0,0.787,0.0
u_4308,0.00018896615355395457,986,0.0,0.002,0.0
u_4309,0.043034914056465874,5862,0.0,0.787,0.0
u_4310,0.0048773308910477564,1377,0.0,0.093,0.0
u_4311,0.010717743956736652,4018,0.0,0.196,0.0
u_4312,0.04267552293077518,680,0.0,0.787,0.0
u_4313,0.043034914056465874,3423,0.0,0.787,0.0
u_4314,0.0,-1,0.0,,
u_4315,0.043034914056465874,4836,0.0,0.787,0.0
u_4316,0.08326762726645598,989,0.0,0.787,0.0
u_4317,0.043034914056465874,4837,0.0,0.787,0.0
u_4318,0.0,-1,0.0,,
u_4319,0.00027748686548481285,168,0.0,0.003,0.0
u_4320,0.0,-1,0.0,,
u_4321,0.0029903774929296834,1183,0.0,0.027,0.0
u_4322,0.043034914056465874,4316,0.0,0.787,0.0
u_4323,0.0,-1,0.0,,
u_4324,0.0,-1,0.0,,
u_4325,0.0,-1,0.0,,
u_4326,0.0,-1,0.0,,
u_4327,0.027559205488531944,4443,0.0,0.504,0.0
u_4328,0.0,-1,0.0,,
u_4329,0.04085852208850368,1328,0.0,0.787,0.0
u_4330,0.08417531978986129,2203,0.0,0.787,0.0
u_4331,0.0,-1,0.0,,
u_4332,0.0,-1,0.0,,
u_4333,0.043451354832386636,870,0.0,0.787,0.0
u_4334,0.00851704597566336,3897,0.0,0.156,0.0
u_4335,0.043034914056465874,4838,0.0,0.787,0.0
u_4336,0.002544074745023254,533,0.0,0.016,0.0
u_4337,0.0066429539754841215,3128,0.0,0.119,0.0
u_4338,0.043034914056465874,4567,0.0,0.787,0.0
u_4339,0.0,-1,0.0,,
u_4340,0.0,-1,0.0,,
u_4341,0.0,-1,0.0,,
u_4342,0.0,-1,0.0,,
u_4343,0.043034914056465874,4343,0.0,0.787,0.0
u_4344,0.0010199111541221995,729,0.0,0.007,0.0
u_4345,0.002533476493230657,3217,0.0,0.046,0.0
u_4346,0.04221292749939401,3650,0.0,0.81,0.0
u_4347,0.042130407716432006,4839,0.0,0.787,0.0
u_4348,0.0,-1,0.0,,
u_4349,0.0029216507003123823,3305,0.0,0.053,0.0
u_4350,0.0,-1,0.0,,
u_4351,0.0010560583074917488,2703,0.0,0.019,0.0
u_4352,0.0,-1,0.0,,
u_4353,0.043034914056465874,2171,0.0,0.787,0.0
u_4354,0.008222066543702432,303,0.0,0.052,0.0
u_4355,0.042130407716432006,4840,0.0,0.787,0.0
u_4356,0.08417531978986129,2593,0.0,0.787,0.0
u_4357,0.0,-1,0.0,,
u_4358,0.032411545483328086,49,0.0,0.301,0.0
u_4359,0.0,-1,0.0,,
u_4360,0.04481041883612436,280,0.0,0.787,0.0
u_4361,0.043034914056465874,3673,0.0,0.787,0.0
u_4362,0.0,-1,0.0,,
u_4363,0.0,-1,0.0,,
u_4364,0.043034914056465874,1962,0.0,0.787,0.0
u_4365,0.016565195914625047,485,0.0,0.078,0.0
u_4366,0.0,-1,0.0,,
u_4367,0.08556770841032633,101,0.0,0.787,0.0
u_4368,0.0002771182054477897,1805,0.0,0.005,0.0
u_4369,0.00984930809825637,1071,0.0,0.063,0.0
u_4370,0.0,-1,0.0,,
u_4371,0.0002929234132257676,1367,0.0,0.003,0.0
u_4372,0.08417531978986129,3256,0.0,0.787,0.0
u_4373,0.03991508253785532,2841,0.0,0.787,0.0
u_4374,0.12447448152414918,168,0.0,0.787,0.0
u_4375,0.08236630710979355,5863,0.0,0.787,0.0
u_4376,0.0005348836204602124,2259,0.0,0.01,0.0
u_4377,0.0,-1,0.0,,
u_4378,0.043034914056465874,3899,0.0,0.787,0.0
u_4379,0.03988878074059892,3051,0.0,0.787,0.0
u_4380,0.08417531978986129,692,0.0,0.787,0.0
u_4381,0.0,-1,0.0,,
u_4382,0.0479085811693103,2773,0.0,0.938,0.0
u_4383,0.08075314270496174,77,0.0,0.787,0.0
u_4384,0.003434265229749869,320,0.0,0.067,0.0
u_4385,0.007089596003386863,5,0.0,0.067,0.0
u_4386,0.0,-1,0.0,,
u_4387,0.0,-1,0.0,,
u_4388,0.043034914056465874,2281,0.0,0.787,0.0
u_4389,0.043034914056465874,4841,0.0,0.787,0.0
u_4390,0.0,-1,0.0,,
u_4391,0.08417531978986129,4733,0.0,0.787,0.0
u_4392,0.042130407716432006,4842,0.0,0.787,0.0
u_4393,0.0,-1,0.0,,
u_4394,0.0038592814676526514,681,0.0,0.036,0.0
u_4395,0.0,-1,0.0,,
u_4396,0.0,-1,0.0,,
u_4397,0.0,-1,0.0,,
u_4398,0.004168996130446151,3116,0.0,0.039,0.0
u_4399,0.029263064113617433,4468,0.0,0.535,0.0
u_4400,0.043034914056465874,4843,0.0,0.787,0.0
u_4401,0.04437159875047625,4232,0.0,0.787,0.0
u_4402,0.015358326410909524,3737,0.0,0.286,0.0
u_4403,0.0,-1,0.0,,
u_4404,0.0,-1,0.0,,
u_4405,0.08012780628339342,498,0.0,0.787,0.0
u_4406,0.043034914056465874,5864,0.0,0.787,0.0
u_4407,0.043034914056465874,4734,0.0,0.787,0.0
u_4408,0.0,-1,0.0,,
u_4409,0.043036784943983074,548,0.0,0.787,0.0
u_4410,0.0,-1,0.0,,
u_4411,0.00013095106069573013,1275,0.0,0.003,0.0
u_4412,0.0,-1,0.0,,
u_4413,0.0,-1,0.0,,
u_4414,0.0,-1,0.0,,
u_4415,0.003458373523013147,2717,0.0,0.032,0.0
u_4416,0.0,-1,0.0,,
u_4417,0.08417531978986129,3007,0.0,0.787,0.0
u_4418,0.0,-1,0.0,,
u_4419,0.0,-1,0.0,,
u_4420,0.02579526871250392,4405,0.0,0.472,0.0
u_4421,0.04310733027237308,41,0.0,0.787,0.0
u_4422,0.04437151419318017,2665,0.0,0.787,0.0
u_4423,0.0,-1,0.0,,
u_4424,0.00044056654087465115,764,0.0,0.008,0.0
u_4425,0.0007846207077546333,222,0.0,0.008,0.0
u_4426,0.043034914056465874,1890,0.0,0.787,0.0
u_4427,0.08027425322218386,1109,0.0,0.787,0.0
u_4428,0.043034914056465874,4844,0.0,0.787,0.0
u_4429,0.0,-1,0.0,,
u_4430,0.0,-1,0.0,,
u_4431,0.0,-1,0.0,,
u_4432,0.043034914056465874,3237,0.0,0.787,0.0
u_4433,0.0,-1,0.0,,
u_4434,0.0025008776727343334,599,0.0,0.016,0.0
u_4435,0.0,-1,0.0,,
u_4436,0.004034206587940374,3502,0.0,0.074,0.0
u_4437,0.006981744465260487,3438,0.0,0.065,0.0
u_4438,0.10808550411533177,2525,0.0,0.512,0.0
u_4439,0.0,-1,0.0,,
u_4440,0.002949605726282622,2989,0.0,0.057,0.0
u_4441,0.04063191977412808,2486,0.0,0.787,0.0
u_4442,0.0,-1,0.0,,
u_4443,0.043034914056465874,4385,0.0,0.787,0.0
u_4444,0.0,-1,0.0,,
u_4445,0.0,-1,0.0,,
u_4446,0.0,-1,0.0,,
u_4447,0.006638069593974607,93,0.0,0.064,0.0
u_4448,0.0,-1,0.0,,
u_4449,0.043034914056465874,5865,0.0,0.787,0.0
u_4450,0.08236806370387542,1628,0.0,0.787,0.0
u_4451,0.0,-1,0.0,,
u_4452,0.011216665789386937,3035,0.0,0.105,0.0
u_4453,0.043034914056465874,1565,0.0,0.787,0.0
u_4454,0.0004300007492990095,2126,0.0,0.008,0.0
u_4455,0.12323489457743404,946,0.0,0.787,0.0
u_4456,0.0,-1,0.0,,
u_4457,0.002519050339286349,21,0.0,0.012,0.0
u_4458,0.03990818692424226,3466,0.0,0.787,0.0
u_4459,0.043034914056465874,3518,0.0,0.787,0.0
u_4460,0.000580114284492318,2198,0.0,0.011,0.0
u_4461,0.034127403181512674,1141,0.0,0.162,0.0
u_4462,0.043034914056465874,4845,0.0,0.787,0.0
u_4463,0.0,-1,0.0,,
u_4464,0.039890447454373416,1076,0.0,0.787,0.0
u_4465,0.0017624939331364797,222,0.0,0.03,0.0
u_4466,0.000983477184136525,2619,0.0,0.018,0.0
u_4467,0.0,-1,0.0,,
u_4468,5.91599498084141e-05,479,0.0,0.001,0.0
u_4469,0.08417531978986129,179,0.0,0.787,0.0
u_4470,0.00011317258747736422,451,0.0,0.001,0.0
u_4471,9.271722606567451e-05,953,0.0,0.002,0.0
u_4472,0.0,-1,0.0,,
u_4473,0.12103563165773816,136,0.0,0.787,0.0
u_4474,0.0,-1,0.0,,
u_4475,0.0,-1,0.0,,
u_4476,0.0023712407227594184,3172,0.0,0.043,0.0
u_4477,0.0,-1,0.0,,
u_4478,0.0,-1,0.0,,
u_4479,0.016766012805582018,2212,0.0,0.162,0.0
u_4480,0.0,-1,0.0,,
u_4481,0.003534478212145703,3432,0.0,0.065,0.0
u_4482,0.040253207088059566,3464,0.0,0.787,0.0
u_4483,0.0,-1,0.0,,
u_4484,0.0001552410055401092,1010,0.0,0.003,0.0
u_4485,0.043034914056465874,5866,0.0,0.787,0.0
u_4486,0.0003782030135396607,1572,0.0,0.004,0.0
u_4487,0.043034914056465874,4846,0.0,0.787,0.0
u_4488,0.0,-1,0.0,,
u_4489,0.043034914056465874,4847,0.0,0.787,0.0
u_4490,0.0,-1,0.0,,
u_4491,0.0,-1,0.0,,
u_4492,0.0,-1,0.0,,
u_4493,0.02782969285354154,1143,0.0,0.26,0.0
u_4494,0.0,-1,0.0,,
u_4495,0.04040445288431557,1892,0.0,0.787,0.0
u_4496,0.0025111358364085846,729,0.0,0.016,0.0
u_4497,0.08417531978986129,2168,0.0,0.787,0.0
u_4498,0.00915458106920257,2545,0.0,0.085,0.0
u_4499,0.0,-1,0.0,,
u_4500,0.0,-1,0.0,,
u_4501,0.0,-1,0.0,,
u_4502,0.08417531978986129,1598,0.0,0.787,0.0
u_4503,0.0,-1,0.0,,
u_4504,0.0,-1,0.0,,
u_4505,0.0,-1,0.0,,
u_4506,0.0,-1,0.0,,
u_4507,0.0,-1,0.0,,
u_4508,0.1510037209466925,33,0.0,0.943,0.0
u_4509,0.0,-1,0.0,,
u_4510,0.0,-1,0.0,,
u_4511,0.043034914056465874,1291,0.0,0.787,0.0
u_4512,0.0,-1,0.0,,
u_4513,0.045085820208618524,212,0.0,0.787,0.0
u_4514,0.0,-1,0.0,,
u_4515,0.0,-1,0.0,,
u_4516,0.0,-1,0.0,,
u_4517,0.0,-1,0.0,,
u_4518,0.043034914056465874,3272,0.0,0.787,0.0
u_4519,0.0,-1,0.0,,
u_4520,0.043034914056465874,1546,0.0,0.787,0.0
u_4521,0.0005238008614049512,370,0.0,0.005,0.0
u_4522,0.008443162699271152,3876,0.0,0.15,0.0
u_4523,0.0021164380527701437,506,0.0,0.02,0.0
u_4524,0.0,-1,0.0,,
u_4525,0.0,-1,0.0,,
u_4526,0.0,-1,0.0,,
u_4527,0.0,-1,0.0,,
u_4528,0.0,-1,0.0,,
u_4529,0.043034914056465874,4848,0.0,0.787,0.0
u_4530,0.01653856995580685,3879,0.0,0.15,0.0
u_4531,0.0,-1,0.0,,
u_4532,0.08236630710979355,4849,0.0,0.787,0.0
u_4533,0.0,-1,0.0,,
u_4534,0.0,-1,0.0,,
u_4535,0.0429115749024154,839,0.0,0.787,0.0
u_4536,0.0,-1,0.0,,
u_4537,0.0007203283678130027,1040,0.0,0.014,0.0
u_4538,0.00017300285088707936,1450,0.0,0.003,0.0
u_4539,0.0,-1,0.0,,
u_4540,0.042866861580663135,1373,0.0,0.787,0.0
u_4541,3.879679958975642e-05,24,0.0,0.001,0.0
u_4542,0.08417531978986129,2232,0.0,0.787,0.0
u_4543,0.0,-1,0.0,,
u_4544,0.12472568509784265,1879,0.0,0.787,0.0
u_4545,0.042130407716432006,4850,0.0,0.787,0.0
u_4546,0.08204150785243912,332,0.0,0.525,0.0
u_4547,0.043034914056465874,4851,0.0,0.787,0.0
u_4548,0.0,-1,0.0,,
u_4549,0.0,-1,0.0,,
u_4550,0.0,-1,0.0,,
u_4551,0.0,-1,0.0,,
u_4552,0.0,-1,0.0,,
u_4553,0.0,-1,0.0,,
u_4554,0.0,-1,0.0,,
u_4555,0.0,-1,0.0,,
u_4556,0.0,-1,0.0,,
u_4557,0.0008691253466421557,2587,0.0,0.016,0.0
u_4558,0.0,-1,0.0,,
u_4559,0.043034914056465874,3115,0.0,0.787,0.0
u_4560,0.000485341825841084,2213,0.0,0.009,0.0
u_4561,0.0,-1,0.0,,
u_4562,0.0,-1,0.0,,
u_4563,0.0,-1,0.0,,
u_4564,0.007045928221443563,484,0.0,0.046,0.0
u_4565,4.010074745837876e-05,26,0.0,0.001,0.0
u_4566,0.08410627390504384,416,0.0,0.787,0.0
u_4567,0.04038223847907191,890,0.0,0.787,0.0
u_4568,0.00348197946855743,1989,0.0,0.065,0.0
u_4569,0.00010831910225553575,1083,0.0,0.002,0.0
u_4570,0.0,-1,0.0,,
u_4571,0.0,-1,0.0,,
u_4572,0.0,-1,0.0,,
u_4573,0.043034914056465874,4852,0.0,0.787,0.0
u_4574,0.011166207900880791,4035,0.0,0.204,0.0
u_4575,0.043034914056465874,1004,0.0,0.787,0.0
u_4576,0.10072925071869747,1025,0.0,0.621,0.0
u_4577,0.00010162484612115495,334,0.0,0.001,0.0
u_4578,0.0,-1,0.0,,
u_4579,0.020689199210246645,692,0.0,0.405,0.0
u_4580,0.0,-1,0.0,,
u_4581,0.0010482476696683535,1122,0.0,0.01,0.0
u_4582,0.000397605080558164,1945,0.0,0.007,0.0
u_4583,0.0,-1,0.0,,
u_4584,0.0,-1,0.0,,
u_4585,0.04183122436158918,3334,0.0,0.787,0.0
u_4586,0.04755851511501401,714,0.0,0.445,0.0
u_4587,0.07963687395477821,3995,0.0,0.787,0.0
u_4588,0.0,-1,0.0,,
u_4589,0.0,-1,0.0,,
u_4590,0.04178925060287426,3307,0.0,0.787,0.0
u_4591,0.0,-1,0.0,,
u_4592,0.0,-1,0.0,,
u_4593,4.8686347162771764e-05,231,0.0,0.001,0.0
u_4594,0.0,-1,0.0,,
u_4595,0.08417531978986129,3371,0.0,0.787,0.0
u_4596,0.0,-1,0.0,,
u_4597,0.0,-1,0.0,,
u_4598,0.006331954005138749,280,0.0,0.06,0.0
u_4599,0.0,-1,0.0,,
u_4600,0.0,-1,0.0,,
u_4601,0.011401004430669813,4043,0.0,0.208,0.0
u_4602,0.04337837639520234,207,0.0,0.787,0.0
u_4603,0.006026198514774856,3703,0.0,0.11,0.0
u_4604,0.043034914056465874,4554,0.0,0.787,0.0
u_4605,0.0,-1,0.0,,
u_4606,0.03920276989238669,721,0.0,0.728,0.0
u_4607,0.0,-1,0.0,,
u_4608,0.04348744079938895,333,0.0,0.787,0.0
u_4609,0.018254110660859874,4036,0.0,0.34,0.0
u_4610,0.0,-1,0.0,,
u_4611,0.0,-1,0.0,,
u_4612,0.043034914056465874,4853,0.0,0.787,0.0
u_4613,0.044370541529320864,4722,0.0,0.787,0.0
u_4614,0.04090849368094461,89,0.0,0.787,0.0
u_4615,0.04006859972834468,599,0.0,0.787,0.0
u_4616,5.071414477268719e-05,316,0.0,0.001,0.0
u_4617,0.04274773894166491,2098,0.0,0.787,0.0
u_4618,0.0,-1,0.0,,
u_4619,0.08422571607030108,626,0.0,0.787,0.0
u_4620,0.0,-1,0.0,,
u_4621,0.00036288488179020157,472,0.0,0.006,0.0
u_4622,0.0,-1,0.0,,
u_4623,0.043034914056465874,5867,0.0,0.787,0.0
u_4624,0.0,-1,0.0,,
u_4625,0.02890417092455425,554,0.0,0.272,0.0
u_4626,0.0007361521078473356,168,0.0,0.014,0.0
u_4627,0.0,-1,0.0,,
u_4628,0.040360426550423,570,0.0,0.787,0.0
u_4629,0.043034914056465874,3897,0.0,0.787,0.0
u_4630,0.03988735929854834,449,0.0,0.787,0.0
u_4631,0.03574002916328466,4071,0.0,0.223,0.0
u_4632,0.08336552178972897,2989,0.0,0.787,0.0
u_4633,7.742504983617608e-05,266,0.0,0.002,0.0
u_4634,0.0,-1,0.0,,
u_4635,0.0,-1,0.0,,
u_4636,0.043034914056465874,4619,0.0,0.787,0.0
u_4637,0.039887211970826515,1252,0.0,0.787,0.0
u_4638,0.025711355123758554,869,0.0,0.16,0.0
u_4639,0.03988954997920483,2580,0.0,0.787,0.0
u_4640,0.0,-1,0.0,,
u_4641,0.04060177860621419,118,0.0,0.787,0.0
u_4642,0.0,-1,0.0,,
u_4643,0.043911786029563665,1787,0.0,0.787,0.0
u_4644,0.0028712557996388387,3293,0.0,0.052,0.0
u_4645,0.0025184410143754736,3249,0.0,0.049,0.0
u_4646,0.0843110741618145,3209,0.0,0.787,0.0
u_4647,0.00010403104767594787,380,0.0,0.001,0.0
u_4648,0.0,-1,0.0,,
u_4649,0.043034914056465874,4854,0.0,0.787,0.0
u_4650,0.0,-1,0.0,,
u_4651,0.04047566390731153,222,0.0,0.787,0.0
u_4652,0.04183352607155549,1282,0.0,0.787,0.0
u_4653,0.0,-1,0.0,,
u_4654,0.0,-1,0.0,,
u_4655,0.0014903147726612602,2939,0.0,0.027,0.0
u_4656,0.043034914056465874,1666,0.0,0.787,0.0
u_4657,0.03988970550093721,2030,0.0,0.787,0.0
u_4658,0.0,-1,0.0,,
u_4659,0.0,-1,0.0,,
u_4660,0.00020092847165618949,1058,0.0,0.002,0.0
u_4661,0.0002102096302318205,1075,0.0,0.002,0.0
u_4662,0.12149097186405194,53,0.0,0.787,0.0
u_4663,0.002489405486870227,2845,0.0,0.024,0.0
u_4664,0.0,-1,0.0,,
u_4665,0.0,-1,0.0,,
u_4666,0.0,-1,0.0,,
u_4667,0.000154606831436528,785,0.0,0.001,0.0
u_4668,0.0,-1,0.0,,
u_4669,0.08416676803428887,1158,0.0,0.787,0.0
u_4670,0.0,-1,0.0,,
u_4671,0.0,-1,0.0,,
u_4672,0.0,-1,0.0,,
u_4673,0.0,-1,0.0,,
u_4674,0.043034914056465874,2824,0.0,0.787,0.0
u_4675,0.043034914056465874,301,0.0,0.787,0.0
u_4676,0.08417531978986129,4037,0.0,0.787,0.0
u_4677,0.01249946320349447,17,0.0,0.078,0.0
u_4678,0.028628734686646812,5,0.0,0.277,0.0
u_4679,0.0,-1,0.0,,
u_4680,0.03988796820311622,243,0.0,0.787,0.0
u_4681,0.04073860269597972,118,0.0,0.787,0.0
u_4682,0.0,-1,0.0,,
u_4683,0.005024780523589827,3626,0.0,0.092,0.0
u_4684,0.043034914056465874,5868,0.0,0.787,0.0
u_4685,0.0,-1,0.0,,
u_4686,0.14314327009848488,1071,0.0,0.885,0.0
u_4687,5.064015482126061e-05,281,0.0,0.001,0.0
u_4688,0.042130407716432006,4855,0.0,0.787,0.0
u_4689,0.0,-1,0.0,,
u_4690,0.0,-1,0.0,,
u_4691,0.043034914056465874,5869,0.0,0.787,0.0
u_4692,0.03988787992353032,46,0.0,0.787,0.0
u_4693,0.0,-1,0.0,,
u_4694,0.0,-1,0.0,,
u_4695,0.04062537477771347,982,0.0,0.787,0.0
u_4696,0.0,-1,0.0,,
u_4697,0.0,-1,0.0,,
u_4698,0.0,-1,0.0,,
u_4699,0.04036139796951421,74,0.0,0.787,0.0
u_4700,0.043034914056465874,60,0.0,0.787,0.0
u_4701,0.061282752906216216,4249,0.0,0.573,0.0
u_4702,0.0,-1,0.0,,
u_4703,0.043034914056465874,271,0.0,0.787,0.0
u_4704,0.0,-1,0.0,,
u_4705,0.0,-1,0.0,,
u_4706,0.0,-1,0.0,,
u_4707,0.0,-1,0.0,,
u_4708,0.0,-1,0.0,,
u_4709,0.0,-1,0.0,,
u_4710,0.03623089873430778,61,0.0,0.688,0.0
u_4711,0.0,-1,0.0,,
u_4712,0.004466299815283426,3577,0.0,0.085,0.0
u_4713,0.0,-1,0.0,,
u_4714,0.0,-1,0.0,,
u_4715,0.08333086633292905,2981,0.0,0.787,0.0
u_4716,0.043034914056465874,4374,0.0,0.787,0.0
u_4717,0.0,-1,0.0,,
u_4718,0.0,-1,0.0,,
u_4719,0.001869664023253996,1537,0.0,0.018,0.0
u_4720,0.0,-1,0.0,,
u_4721,0.08145865638709629,1352,0.0,0.787,0.0
u_4722,0.040431477345716865,904,0.0,0.787,0.0
u_4723,0.0,-1,0.0,,
u_4724,0.0,-1,0.0,,
u_4725,0.009131812722413582,3562,0.0,0.083,0.0
u_4726,0.043034914056465874,2236,0.0,0.787,0.0
u_4727,0.04437218556730494,493,0.0,0.787,0.0
u_4728,0.0,-1,0.0,,
u_4729,0.13838869863034317,1122,0.0,0.873,0.0
u_4730,0.0,-1,0.0,,
u_4731,0.00783273221953479,1180,0.0,0.049,0.0
u_4732,0.08236630710979355,4856,0.0,0.787,0.0
u_4733,0.018077125642644694,4238,0.0,0.33,0.0
u_4734,0.0,-1,0.0,,
u_4735,0.043034914056465874,3949,0.0,0.787,0.0
u_4736,0.000715271215191741,1229,0.0,0.007,0.0
u_4737,0.0,-1,0.0,,
u_4738,4.777578500688653e-05,161,0.0,0.001,0.0
u_4739,0.0,-1,0.0,,
u_4740,0.0,-1,0.0,,
u_4741,0.00021058840587578168,1623,0.0,0.004,0.0
u_4742,0.0,-1,0.0,,
u_4743,0.003144689064958402,3353,0.0,0.057,0.0
u_4744,0.043034914056465874,4073,0.0,0.787,0.0
u_4745,0.043034914056465874,3420,0.0,0.787,0.0
u_4746,0.05199782644894824,164,0.0,0.486,0.0
u_4747,0.0,-1,0.0,,
u_4748,0.03637678293192722,619,0.0,0.236,0.0
u_4749,0.0,-1,0.0,,
u_4750,0.0,-1,0.0,,
u_4751,0.0,-1,0.0,,
u_4752,0.043034914056465874,4857,0.0,0.787,0.0
u_4753,0.0,-1,0.0,,
u_4754,0.017880792089099855,4227,0.0,0.327,0.0
u_4755,0.0,-1,0.0,,
u_4756,0.04072335425901098,280,0.0,0.787,0.0
u_4757,0.043034914056465874,4858,0.0,0.787,0.0
u_4758,0.043034914056465874,2367,0.0,0.787,0.0
u_4759,0.0,-1,0.0,,
u_4760,0.043034914056465874,4859,0.0,0.787,0.0
u_4761,0.08370497356024476,1913,0.0,0.787,0.0
u_4762,0.0,-1,0.0,,
u_4763,0.0,-1,0.0,,
u_4764,0.0,-1,0.0,,
u_4765,0.010782268083332745,4019,0.0,0.197,0.0
u_4766,0.04153869173997615,218,0.0,0.787,0.0
u_4767,0.08417531978986129,282,0.0,0.787,0.0
u_4768,0.043034914056465874,5870,0.0,0.787,0.0
u_4769,0.0,-1,0.0,,
u_4770,0.0022622377799594666,2768,0.0,0.021,0.0
u_4771,0.00041628328958037117,2106,0.0,0.008,0.0
u_4772,0.035832482710544594,991,0.0,0.342,0.0
u_4773,0.0,-1,0.0,,
u_4774,0.0,-1,0.0,,
u_4775,0.042130407716432006,4860,0.0,0.787,0.0
u_4776,0.0,-1,0.0,,
u_4777,0.0,-1,0.0,,
u_4778,0.0,-1,0.0,,
u_4779,0.03988820261574834,112,0.0,0.787,0.0
u_4780,0.04163729476037927,1415,0.0,0.787,0.0
u_4781,0.0005661396238874971,83,0.0,0.006,0.0
u_4782,0.0,-1,0.0,,
u_4783,0.0,-1,0.0,,
u_4784,0.003513089202432468,3035,0.0,0.033,0.0
u_4785,0.00025614047877033417,1746,0.0,0.005,0.0
u_4786,0.0,-1,0.0,,
u_4787,0.024708336775901295,1315,0.0,0.153,0.0
u_4788,0.0,-1,0.0,,
u_4789,0.0,-1,0.0,,
u_4790,0.0018537881729986765,292,0.0,0.012,0.0
u_4791,0.0,-1,0.0,,
u_4792,0.042130407716432006,4799,0.0,0.787,0.0
u_4793,0.043034914056465874,3717,0.0,0.787,0.0
u_4794,0.0,-1,0.0,,
u_4795,0.04326671922859926,410,0.0,0.787,0.0
u_4796,0.0,-1,0.0,,
u_4797,0.0,-1,0.0,,
u_4798,0.0,-1,0.0,,
u_4799,0.03988920881977636,2835,0.0,0.787,0.0
u_4800,0.0,-1,0.0,,
u_4801,0.0,-1,0.0,,
u_4802,0.0,-1,0.0,,
u_4803,0.0,-1,0.0,,
u_4804,0.04436154417292316,4406,0.0,0.787,0.0
u_4805,0.043034914056465874,4861,0.0,0.787,0.0
u_4806,0.0019343388545571027,3066,0.0,0.035,0.0
u_4807,0.04019361821513631,168,0.0,0.787,0.0
u_4808,0.0,-1,0.0,,
u_4809,0.061205735367858304,350,0.0,0.385,0.0
u_4810,0.0,-1,0.0,,
u_4811,0.0,-1,0.0,,
u_4812,0.07150162010981348,2569,0.0,0.668,0.0
u_4813,0.043034914056465874,4534,0.0,0.787,0.0
u_4814,0.012109121954311743,3719,0.0,0.113,0.0
u_4815,0.0,-1,0.0,,
u_4816,0.03198882553400402,1711,0.0,0.299,0.0
u_4817,0.1492960253853685,778,0.0,0.71,0.0
u_4818,0.00015776260087902764,1391,0.0,0.003,0.0
u_4819,0.02819723725642921,2981,0.0,0.265,0.0
u_4820,0.0,-1,0.0,,
u_4821,0.039887232752103104,2203,0.0,0.787,0.0
u_4822,0.040146241010515886,89,0.0,0.787,0.0
u_4823,0.0011389199603767813,2332,0.0,0.011,0.0
u_4824,0.043034914056465874,2709,0.0,0.787,0.0
u_4825,0.08417531978986129,851,0.0,0.787,0.0
u_4826,0.043034914056465874,1310,0.0,0.787,0.0
u_4827,0.0,-1,0.0,,
u_4828,0.00025247216061321766,1733,0.0,0.005,0.0
u_4829,0.0,-1,0.0,,
u_4830,0.0,-1,0.0,,
u_4831,0.04012883684420063,547,0.0,0.787,0.0
u_4832,0.043034914056465874,2154,0.0,0.787,0.0
u_4833,0.00035645959373041043,2038,0.0,0.007,0.0
u_4834,0.08457201717502187,1220,0.0,0.787,0.0
u_4835,0.0,-1,0.0,,
u_4836,0.0,-1,0.0,,
u_4837,0.0009879800754750367,2247,0.0,0.009,0.0
u_4838,0.0,-1,0.0,,
u_4839,0.0014895239331472285,2498,0.0,0.014,0.0
u_4840,0.08236149356256837,1708,0.0,0.787,0.0
u_4841,0.0,-1,0.0,,
u_4842,0.1253157255232567,694,0.0,0.787,0.0
u_4843,0.0,-1,0.0,,
u_4844,0.0,-1,0.0,,
u_4845,0.0,-1,0.0,,
u_4846,0.0,-1,0.0,,
u_4847,0.0,-1,0.0,,
u_4848,0.0,-1,0.0,,
u_4849,0.0,-1,0.0,,
u_4850,0.043034914056465874,3606,0.0,0.787,0.0
u_4851,0.0,-1,0.0,,
u_4852,0.043034914056465874,605,0.0,0.787,0.0
u_4853,0.0,-1,0.0,,
u_4854,0.0,-1,0.0,,
u_4855,0.0,-1,0.0,,
u_4856,0.06656349354107848,222,0.0,0.325,0.0
u_4857,0.043034914056465874,5871,0.0,0.787,0.0
u_4858,0.043034914056465874,5872,0.0,0.787,0.0
u_4859,0.0,-1,0.0,,
u_4860,0.043034914056465874,2621,0.0,0.787,0.0
u_4861,0.0,-1,0.0,,
u_4862,0.08089182013049928,1144,0.0,0.381,0.0
u_4863,0.0013098717286623071,2445,0.0,0.013,0.0
u_4864,0.0,-1,0.0,,
u_4865,0.043034914056465874,4862,0.0,0.787,0.0
u_4866,0.0,-1,0.0,,
u_4867,0.022252780488446974,4340,0.0,0.407,0.0
u_4868,0.0,-1,0.0,,
u_4869,0.0,-1,0.0,,
u_4870,0.0349620419873184,4540,0.0,0.62,0.0
u_4871,0.0008686994145749937,2153,0.0,0.008,0.0
u_4872,0.0,-1,0.0,,
u_4873,0.006293181603529547,3732,0.0,0.115,0.0
u_4874,0.0,-1,0.0,,
u_4875,0.0,-1,0.0,,
u_4876,0.0,-1,0.0,,
u_4877,0.08417531978986129,3343,0.0,0.787,0.0
u_4878,0.043034914056465874,4863,0.0,0.787,0.0
u_4879,0.0,-1,0.0,,
u_4880,0.0,-1,0.0,,
u_4881,0.1687281511592041,1414,0.0,0.787,0.0
u_4882,0.043034914056465874,2085,0.0,0.787,0.0
u_4883,0.08488363705734664,1144,0.0,0.787,0.0
u_4884,0.0,-1,0.0,,
u_4885,0.0,-1,0.0,,
u_4886,0.10062080505072385,4716,0.0,0.94,0.0
u_4887,0.0,-1,0.0,,
u_4888,0.043034914056465874,4864,0.0,0.787,0.0
u_4889,0.00015415557085424073,708,0.0,0.001,0.0
u_4890,0.0413695764256437,1159,0.0,0.787,0.0
u_4891,0.0004562069117665735,1695,0.0,0.004,0.0
u_4892,0.0,-1,0.0,,
u_4893,0.0,-1,0.0,,
u_4894,0.043034914056465874,4865,0.0,0.787,0.0
u_4895,0.00197313633602314,725,0.0,0.019,0.0
u_4896,0.039890031654413995,1803,0.0,0.787,0.0
u_4897,0.0,-1,0.0,,
u_4898,0.0,-1,0.0,,
u_4899,0.0,-1,0.0,,
u_4900,0.0004459417339031574,2157,0.0,0.008,0.0
u_4901,0.12115445343010411,481,0.0,0.787,0.0
u_4902,0.041656933932417664,306,0.0,0.787,0.0
u_4903,0.0,-1,0.0,,
u_4904,0.0,-1,0.0,,
u_4905,0.0,-1,0.0,,
u_4906,0.08417531978986129,1376,0.0,0.787,0.0
u_4907,0.0005872001351886286,428,0.0,0.005,0.0
u_4908,0.0,-1,0.0,,
u_4909,0.0,-1,0.0,,
u_4910,0.0,-1,0.0,,
u_4911,0.08239887537862657,1903,0.0,0.787,0.0
u_4912,0.0019189737077973037,2667,0.0,0.018,0.0
u_4913,0.0,-1,0.0,,
u_4914,0.034931229016777914,2309,0.0,0.223,0.0
u_4915,0.0,-1,0.0,,
u_4916,0.0012353258971332598,2810,0.0,0.023,0.0
u_4917,0.043034914056465874,4051,0.0,0.787,0.0
u_4918,0.0,-1,0.0,,
u_4919,0.00046487488741360174,2180,0.0,0.008,0.0
u_4920,0.0,-1,0.0,,
u_4921,0.043034914056465874,4599,0.0,0.787,0.0
u_4922,0.04333996905371936,656,0.0,0.787,0.0
u_4923,0.0,-1,0.0,,
u_4924,0.001869185842043412,2651,0.0,0.017,0.0
u_4925,0.0,-1,0.0,,
u_4926,0.00021767521357603548,699,0.0,0.004,0.0
u_4927,0.0,-1,0.0,,
u_4928,0.00014345971587060186,47,0.0,0.003,0.0
u_4929,0.0,-1,0.0,,
u_4930,0.043034914056465874,3202,0.0,0.787,0.0
u_4931,0.0,-1,0.0,,
u_4932,0.043034914056465874,4866,0.0,0.787,0.0
u_4933,0.0,-1,0.0,,
u_4934,0.043034914056465874,2539,0.0,0.787,0.0
u_4935,0.06651980567612815,4543,0.0,0.622,0.0
u_4936,0.0,-1,0.0,,
u_4937,0.043034914056465874,5873,0.0,0.787,0.0
u_4938,0.019773720453235413,2194,0.0,0.127,0.0
u_4939,0.0,-1,0.0,,
u_4940,0.00040054475942535964,2082,0.0,0.007,0.0
u_4941,0.043034914056465874,4867,0.0,0.787,0.0
u_4942,0.043034914056465874,2252,0.0,0.787,0.0
u_4943,7.927848272424668e-05,13,0.0,0.001,0.0
u_4944,0.0008284890276893663,2115,0.0,0.008,0.0
u_4945,0.0,-1,0.0,,
u_4946,0.015264231169145858,3849,0.0,0.297,0.0
u_4947,0.0,-1,0.0,,
u_4948,0.04436919758575175,3962,0.0,0.787,0.0
u_4949,0.008595554172733288,1849,0.0,0.054,0.0
u_4950,6.626748956535393e-05,589,0.0,0.001,0.0
u_4951,0.0,-1,0.0,,
u_4952,0.0007532068432224702,2470,0.0,0.013,0.0
u_4953,0.0,-1,0.0,,
u_4954,0.0018449708980233992,1919,0.0,0.017,0.0
u_4955,0.0,-1,0.0,,
u_4956,0.0,-1,0.0,,
u_4957,0.0,-1,0.0,,
u_4958,0.08515648184493237,74,0.0,0.787,0.0
u_4959,0.16275045688478573,80,0.0,0.787,0.0
u_4960,0.039890432513831814,1648,0.0,0.787,0.0
u_4961,0.043034914056465874,1724,0.0,0.787,0.0
u_4962,0.0,-1,0.0,,
u_4963,0.0764646838526605,50,0.0,0.723,0.0
u_4964,0.0,-1,0.0,,
u_4965,0.000963060413501072,2657,0.0,0.018,0.0
u_4966,0.04185812981709738,4627,0.0,0.765,0.0
u_4967,0.043034914056465874,4868,0.0,0.787,0.0
u_4968,0.002078341954174944,3135,0.0,0.04,0.0
u_4969,0.0,-1,0.0,,
u_4970,0.0,-1,0.0,,
u_4971,0.0,-1,0.0,,
u_4972,0.00013850421956041907,669,0.0,0.001,0.0
u_4973,0.040219476971447364,1095,0.0,0.787,0.0
u_4974,0.0,-1,0.0,,
u_4975,0.043034914056465874,3930,0.0,0.787,0.0
u_4976,0.0,-1,0.0,,
u_4977,0.024392884885779863,1355,0.0,0.462,0.0
u_4978,0.0,-1,0.0,,
u_4979,5.15767102067416e-05,304,0.0,0.001,0.0
u_4980,0.04035934134442648,1378,0.0,0.787,0.0
u_4981,0.0,-1,0.0,,
u_4982,0.043034914056465874,2843,0.0,0.787,0.0
u_4983,0.0,-1,0.0,,
u_4984,0.043034914056465874,4390,0.0,0.787,0.0
u_4985,0.040444305956548326,2631,0.0,0.787,0.0
u_4986,0.0,-1,0.0,,
u_4987,0.0,-1,0.0,,
u_4988,0.0,-1,0.0,,
u_4989,0.043034914056465874,3983,0.0,0.787,0.0
u_4990,0.00014598007683644664,1301,0.0,0.003,0.0
u_4991,0.043034914056465874,3080,0.0,0.787,0.0
u_4992,0.0,-1,0.0,,
u_4993,9.204186574949687e-05,358,0.0,0.002,0.0
u_4994,0.0033912894053107646,3405,0.0,0.062,0.0
u_4995,0.041553921244589793,4621,0.0,0.76,0.0
u_4996,0.0,-1,0.0,,
u_4997,0.0153298330914941,87,0.0,0.295,0.0
u_4998,0.0,-1,0.0,,
u_4999,0.0004350328869016556,2135,0.0,0.008,0.0
u_5000,0.07962964285185976,173,0.0,0.787,0.0
u_5001,0.0,-1,0.0,,
u_5002,0.0,-1,0.0,,
u_5003,0.0,-1,0.0,,
u_5004,0.043034914056465874,1774,0.0,0.787,0.0
u_5005,0.0,-1,0.0,,
u_5006,0.0,-1,0.0,,
u_5007,0.0,-1,0.0,,
u_5008,0.043034914056465874,4154,0.0,0.787,0.0
u_5009,0.0,-1,0.0,,
u_5010,0.08478446420588598,4586,0.0,0.787,0.0
u_5011,0.0,-1,0.0,,
u_5012,0.0,-1,0.0,,
u_5013,0.0,-1,0.0,,
u_5014,0.0007706920556467891,2190,0.0,0.015,0.0
u_5015,0.0,-1,0.0,,
u_5016,0.043034914056465874,4740,0.0,0.787,0.0
u_5017,0.0014242363263569087,2907,0.0,0.026,0.0
u_5018,0.0,-1,0.0,,
u_5019,0.0,-1,0.0,,
u_5020,0.0006838925018442048,498,0.0,0.013,0.0
u_5021,0.0008371385858642101,1913,0.0,0.008,0.0
u_5022,7.480141258075765e-05,730,0.0,0.001,0.0
u_5023,0.0,-1,0.0,,
u_5024,0.0421306833802884,3029,0.0,0.787,0.0
u_5025,0.0,-1,0.0,,
u_5026,0.00011475453810966005,1147,0.0,0.002,0.0
u_5027,0.01775687594982,2761,0.0,0.163,0.0
u_5028,0.06574526840702885,2402,0.0,0.614,0.0
u_5029,0.07056407020346481,788,0.0,0.443,0.0
u_5030,0.0,-1,0.0,,
u_5031,0.0,-1,0.0,,
u_5032,0.00197779705757674,3081,0.0,0.036,0.0
u_5033,0.009420350689446595,2738,0.0,0.088,0.0
u_5034,0.0,-1,0.0,,
u_5035,0.00024113911419796385,1011,0.0,0.002,0.0
u_5036,0.0823908351170988,910,0.0,0.787,0.0
u_5037,0.0,-1,0.0,,
u_5038,0.03989826574166934,1527,0.0,0.787,0.0
u_5039,0.0011359194362317651,2742,0.0,0.02,0.0
u_5040,0.0,-1,0.0,,
u_5041,0.0,-1,0.0,,
u_5042,0.0,-1,0.0,,
u_5043,0.0,-1,0.0,,
u_5044,0.0,-1,0.0,,
u_5045,0.0004933718791245817,1729,0.0,0.005,0.0
u_5046,0.0,-1,0.0,,
u_5047,0.041851716678901855,904,0.0,0.787,0.0
u_5048,0.02593890046066757,5,0.0,0.244,0.0
u_5049,0.0,-1,0.0,,
u_5050,0.042445456615679514,1806,0.0,0.787,0.0
u_5051,0.0910452000026682,2311,0.0,0.565,0.0
u_5052,0.0,-1,0.0,,
u_5053,0.043034914056465874,4647,0.0,0.787,0.0
u_5054,0.0,-1,0.0,,
u_5055,0.0016246629841864366,1328,0.0,0.008,0.0
u_5056,0.043034914056465874,4869,0.0,0.787,0.0
u_5057,0.043034914056465874,4407,0.0,0.787,0.0
u_5058,0.0,-1,0.0,,
u_5059,0.0,-1,0.0,,
u_5060,0.043034914056465874,4870,0.0,0.787,0.0
u_5061,0.0,-1,0.0,,
u_5062,0.00011019259296146846,1092,0.0,0.002,0.0
u_5063,0.0,-1,0.0,,
u_5064,7.012912494365702e-05,332,0.0,0.001,0.0
u_5065,0.0,-1,0.0,,
u_5066,0.0,-1,0.0,,
u_5067,0.0,-1,0.0,,
u_5068,0.0,-1,0.0,,
u_5069,0.08417531978986129,776,0.0,0.787,0.0
u_5070,0.0,-1,0.0,,
u_5071,8.003100381059487e-05,801,0.0,0.001,0.0
u_5072,0.0,-1,0.0,,
u_5073,0.0,-1,0.0,,
u_5074,0.0,-1,0.0,,
u_5075,0.0,-1,0.0,,
u_5076,0.1260426253892282,425,0.0,0.787,0.0
u_5077,0.043034914056465874,4313,0.0,0.787,0.0
u_5078,0.009716328993306362,2588,0.0,0.178,0.0
u_5079,0.00254560348746434,3200,0.0,0.045,0.0
u_5080,0.043034914056465874,4871,0.0,0.787,0.0
u_5081,0.043035219075605015,4233,0.0,0.787,0.0
u_5082,0.0,-1,0.0,,
u_5083,0.005015688648445302,3624,0.0,0.092,0.0
u_5084,0.0,-1,0.0,,
u_5085,0.0,-1,0.0,,
u_5086,0.0,-1,0.0,,
u_5087,0.015996706928101862,472,0.0,0.152,0.0
u_5088,0.0,-1,0.0,,
u_5089,0.0002461302492487992,1210,0.0,0.002,0.0
u_5090,0.0,-1,0.0,,
u_5091,0.043034914056465874,4142,0.0,0.787,0.0
u_5092,0.0398891141082334,357,0.0,0.787,0.0
u_5093,0.12003071363828531,2322,0.0,0.787,0.0
u_5094,0.0,-1,0.0,,
u_5095,0.0,-1,0.0,,
u_5096,0.0,-1,0.0,,
u_5097,0.043034914056465874,4872,0.0,0.787,0.0
u_5098,0.042130407716432006,4873,0.0,0.787,0.0
u_5099,0.0002329398643546227,316,0.0,0.005,0.0
u_5100,0.0,-1,0.0,,
u_5101,0.02182926013343748,2064,0.0,0.102,0.0
u_5102,0.042075977396742986,446,0.0,0.787,0.0
u_5103,0.0,-1,0.0,,
u_5104,0.0022697284547350018,3134,0.0,0.04,0.0
u_5105,0.0,-1,0.0,,
u_5106,0.0,-1,0.0,,
u_5107,0.04382709056695186,1765,0.0,0.387,0.0
u_5108,0.0,-1,0.0,,
u_5109,0.0,-1,0.0,,
u_5110,0.00013228041474815693,617,0.0,0.001,0.0
u_5111,0.001105647539703712,2046,0.0,0.007,0.0
u_5112,0.0,-1,0.0,,
u_5113,0.0,-1,0.0,,
u_5114,0.0006142758812746333,1588,0.0,0.011,0.0
u_5115,0.03120387696561335,4506,0.0,0.57,0.0
u_5116,0.043034914056465874,4874,0.0,0.787,0.0
u_5117,0.0196341837330544,671,0.0,0.125,0.0
u_5118,0.0,-1,0.0,,
u_5119,0.0,-1,0.0,,
u_5120,0.03989172251007229,2648,0.0,0.787,0.0
u_5121,0.0,-1,0.0,,
u_5122,5.4074949016409834e-05,367,0.0,0.001,0.0
u_5123,0.043034914056465874,1185,0.0,0.787,0.0
u_5124,0.0558150445108451,1033,0.0,0.349,0.0
u_5125,0.043034914056465874,2958,0.0,0.787,0.0
u_5126,0.009693197281682855,1021,0.0,0.092,0.0
u_5127,0.08424196248750301,468,0.0,0.787,0.0
u_5128,0.0,-1,0.0,,
u_5129,0.03988771976236352,276,0.0,0.787,0.0
u_5130,0.0,-1,0.0,,
u_5131,0.0,-1,0.0,,
u_5132,0.0,-1,0.0,,
u_5133,0.0,-1,0.0,,
u_5134,0.00016282823549626814,1392,0.0,0.003,0.0
u_5135,0.0,-1,0.0,,
u_5136,0.0,-1,0.0,,
u_5137,0.0,-1,0.0,,
u_5138,0.0,-1,0.0,,
u_5139,0.04276350619243298,633,0.0,0.787,0.0
u_5140,0.0,-1,0.0,,
u_5141,0.00034744725637370636,1979,0.0,0.006,0.0
u_5142,0.0,-1,0.0,,
u_5143,0.0,-1,0.0,,
u_5144,0.0,-1,0.0,,
u_5145,0.0,-1,0.0,,
u_5146,0.043034914056465874,4875,0.0,0.787,0.0
u_5147,0.0,-1,0.0,,
u_5148,0.0,-1,0.0,,
u_5149,0.0349133705895624,176,0.0,0.324,0.0
u_5150,0.0,-1,0.0,,
u_5151,0.0,-1,0.0,,
u_5152,0.043034914056465874,4876,0.0,0.787,0.0
u_5153,0.0,-1,0.0,,
u_5154,0.019146850031561694,1265,0.0,0.181,0.0
u_5155,0.0,-1,0.0,,
u_5156,0.001163105288706842,33,0.0,0.011,0.0
u_5157,0.0,-1,0.0,,
u_5158,0.0,-1,0.0,,
u_5159,0.002972773176665816,155,0.0,0.019,0.0
u_5160,0.0017159417901734394,425,0.0,0.016,0.0
u_5161,0.005954456198683598,2968,0.0,0.028,0.0
u_5162,0.0033826310463907637,656,0.0,0.021,0.0
u_5163,0.013107601551928616,4105,0.0,0.24,0.0
u_5164,0.04060425862123225,89,0.0,0.787,0.0
u_5165,0.0002466028299348253,1697,0.0,0.004,0.0
u_5166,0.041135776231371754,1611,0.0,0.787,0.0
u_5167,0.12292357421387246,1686,0.0,0.787,0.0
u_5168,0.0003649421022748084,2017,0.0,0.007,0.0
u_5169,0.0,-1,0.0,,
u_5170,0.0,-1,0.0,,
u_5171,0.017234784620885065,498,0.0,0.314,0.0
u_5172,0.00027634691158878635,242,0.0,0.002,0.0
u_5173,0.0006525760711930196,1534,0.0,0.004,0.0
u_5174,0.0009830990653081765,2668,0.0,0.018,0.0
u_5175,0.0,-1,0.0,,
u_5176,0.0,-1,0.0,,
u_5177,0.043034914056465874,2727,0.0,0.787,0.0
u_5178,0.0405796666659673,1417,0.0,0.787,0.0
u_5179,0.00010077218635330826,332,0.0,0.002,0.0
u_5180,0.041084602931086865,195,0.0,0.787,0.0
u_5181,9.552462180359475e-05,985,0.0,0.002,0.0
u_5182,0.0,-1,0.0,,
u_5183,0.00010216668824170225,319,0.0,0.001,0.0
u_5184,0.043034914056465874,4431,0.0,0.787,0.0
u_5185,0.0,-1,0.0,,
u_5186,0.0,-1,0.0,,
u_5187,0.0,-1,0.0,,
u_5188,0.0002824302595996208,1319,0.0,0.003,0.0
u_5189,0.0,-1,0.0,,
u_5190,0.0,-1,0.0,,
u_5191,0.0,-1,0.0,,
u_5192,0.04351455429880913,617,0.0,0.787,0.0
u_5193,0.043034914056465874,4693,0.0,0.787,0.0
u_5194,0.0,-1,0.0,,
u_5195,0.08417531978986129,3222,0.0,0.787,0.0
u_5196,0.039887789048880656,1729,0.0,0.787,0.0
u_5197,0.0,-1,0.0,,
u_5198,0.04259670680805993,2214,0.0,0.787,0.0
u_5199,0.01730404674898983,4212,0.0,0.316,0.0
u_5200,4.842573049117526e-05,89,0.0,0.001,0.0
u_5201,0.043034914056465874,5874,0.0,0.787,0.0
u_5202,0.0,-1,0.0,,
u_5203,0.00014899659740180062,1193,0.0,0.003,0.0
u_5204,0.09246058068096712,408,0.0,0.864,0.0
u_5205,0.0,-1,0.0,,
u_5206,0.040941522949791614,162,0.0,0.787,0.0
u_5207,0.043034914056465874,2794,0.0,0.787,0.0
u_5208,0.043034914056465874,3763,0.0,0.787,0.0
u_5209,0.0,-1,0.0,,
u_5210,0.08417531978986129,2561,0.0,0.787,0.0
u_5211,0.08236634769026259,1058,0.0,0.787,0.0
u_5212,0.0,-1,0.0,,
u_5213,0.08414897659187161,2233,0.0,0.787,0.0
u_5214,0.04241425415761632,497,0.0,0.787,0.0
u_5215,0.00017201921647255736,1451,0.0,0.003,0.0
u_5216,0.0,-1,0.0,,
u_5217,0.043034914056465874,3258,0.0,0.787,0.0
u_5218,0.08417531978986129,842,0.0,0.787,0.0
u_5219,0.0,-1,0.0,,
u_5220,0.0,-1,0.0,,
u_5221,0.042415292855121425,1792,0.0,0.787,0.0
u_5222,0.0,-1,0.0,,
u_5223,0.043034914056465874,4877,0.0,0.787,0.0
u_5224,0.08417531978986129,3777,0.0,0.787,0.0
u_5225,0.00046553956206835676,2182,0.0,0.009,0.0
u_5226,0.043034914056465874,4878,0.0,0.787,0.0
u_5227,0.043034914056465874,4096,0.0,0.787,0.0
u_5228,0.040412468726833996,1573,0.0,0.787,0.0
u_5229,0.0,-1,0.0,,
u_5230,0.03988836217073075,713,0.0,0.787,0.0
u_5231,0.0,-1,0.0,,
u_5232,0.0,-1,0.0,,
u_5233,0.0,-1,0.0,,
u_5234,0.0,-1,0.0,,
u_5235,0.08417531978986129,2633,0.0,0.787,0.0
u_5236,0.0,-1,0.0,,
u_5237,0.0,-1,0.0,,
u_5238,0.043034914056465874,3977,0.0,0.787,0.0
u_5239,0.0,-1,0.0,,
u_5240,0.0,-1,0.0,,
u_5241,0.0,-1,0.0,,
u_5242,0.0,-1,0.0,,
u_5243,0.0,-1,0.0,,
u_5244,0.043034914056465874,117,0.0,0.787,0.0
u_5245,0.12350590813187748,2039,0.0,0.787,0.0
u_5246,0.0,-1,0.0,,
u_5247,0.0,-1,0.0,,
u_5248,0.0,-1,0.0,,
u_5249,0.0,-1,0.0,,
u_5250,0.12677458607831446,360,0.0,0.826,0.0
u_5251,0.043034914056465874,700,0.0,0.787,0.0
u_5252,0.0,-1,0.0,,
u_5253,0.0002580794405066166,982,0.0,0.005,0.0
u_5254,0.08417531978986129,1479,0.0,0.787,0.0
u_5255,4.54158577747189e-05,144,0.0,0.001,0.0
u_5256,0.043034914056465874,3991,0.0,0.787,0.0
u_5257,0.0004356366168221248,671,0.0,0.003,0.0
u_5258,0.0018916363330443576,724,0.0,0.012,0.0
u_5259,0.0,-1,0.0,,
u_5260,0.043034914056465874,4879,0.0,0.787,0.0
u_5261,0.0015579491934091607,2975,0.0,0.029,0.0
u_5262,0.0,-1,0.0,,
u_5263,0.08417402713856113,1154,0.0,0.787,0.0
u_5264,0.043034914056465874,4880,0.0,0.787,0.0
u_5265,0.0,-1,0.0,,
u_5266,0.0,-1,0.0,,
u_5267,0.008834479249331501,374,0.0,0.173,0.0
u_5268,0.04114224816051444,105,0.0,0.787,0.0
u_5269,0.0,-1,0.0,,
u_5270,0.039890501947495195,163,0.0,0.787,0.0
u_5271,0.0,-1,0.0,,
u_5272,0.0,-1,0.0,,
u_5273,0.07963317009290334,3579,0.0,0.787,0.0
u_5274,0.043034914056465874,4218,0.0,0.787,0.0
u_5275,0.0,-1,0.0,,
u_5276,0.0,-1,0.0,,
u_5277,0.082620296697242,266,0.0,0.787,0.0
u_5278,0.0,-1,0.0,,
u_5279,0.0,-1,0.0,,
u_5280,0.0,-1,0.0,,
u_5281,0.0011871745403106526,1971,0.0,0.022,0.0
u_5282,0.029128100249134335,2087,0.0,0.547,0.0
u_5283,0.0,-1,0.0,,
u_5284,0.0848250559136927,2422,0.0,0.787,0.0
u_5285,0.020182403943402705,4288,0.0,0.369,0.0
u_5286,0.0,-1,0.0,,
u_5287,0.00011393300223972466,1134,0.0,0.002,0.0
u_5288,0.08622009403056922,862,0.0,0.787,0.0
u_5289,0.040652279045613506,4053,0.0,0.787,0.0
u_5290,0.0,-1,0.0,,
u_5291,0.0,-1,0.0,,
u_5292,0.005362356028548676,3653,0.0,0.098,0.0
u_5293,0.03720223570781551,3572,0.0,0.35,0.0
u_5294,0.0,-1,0.0,,
u_5295,0.043034914056465874,1949,0.0,0.787,0.0
u_5296,0.0,-1,0.0,,
u_5297,0.0,-1,0.0,,
u_5298,0.043034914056465874,4881,0.0,0.787,0.0
u_5299,0.03988843410617294,2446,0.0,0.787,0.0
u_5300,0.0,-1,0.0,,
u_5301,0.0,-1,0.0,,
u_5302,0.0,-1,0.0,,
u_5303,0.03988854504020209,1051,0.0,0.787,0.0
u_5304,0.001086946055498139,2303,0.0,0.01,0.0
u_5305,0.043022298180577546,962,0.0,0.787,0.0
u_5306,0.04162551870911387,513,0.0,0.787,0.0
u_5307,0.0,-1,0.0,,
u_5308,0.0007411332933760979,2040,0.0,0.007,0.0
u_5309,0.13977955495441943,2097,0.0,0.87,0.0
u_5310,0.0,-1,0.0,,
u_5311,0.0,-1,0.0,,
u_5312,0.0,-1,0.0,,
u_5313,0.00035284117357149534,932,0.0,0.003,0.0
u_5314,0.00026525772849310495,1783,0.0,0.005,0.0
u_5315,0.0,-1,0.0,,
u_5316,0.03988717280420408,4555,0.0,0.787,0.0
u_5317,0.0,-1,0.0,,
u_5318,0.0,-1,0.0,,
u_5319,0.0,-1,0.0,,
u_5320,0.043034914056465874,971,0.0,0.787,0.0
u_5321,0.0005920487054854829,68,0.0,0.006,0.0
u_5322,0.019670292775371745,438,0.0,0.126,0.0
u_5323,0.0,-1,0.0,,
u_5324,0.043034914056465874,1514,0.0,0.787,0.0
u_5325,0.011607243934342282,1198,0.0,0.214,0.0
u_5326,0.0,-1,0.0,,
u_5327,0.0,-1,0.0,,
u_5328,0.043034914056465874,1785,0.0,0.787,0.0
u_5329,0.0,-1,0.0,,
u_5330,0.043034914056465874,5875,0.0,0.787,0.0
u_5331,0.0,-1,0.0,,
u_5332,0.0,-1,0.0,,
u_5333,0.0,-1,0.0,,
u_5334,0.0,-1,0.0,,
u_5335,0.0,-1,0.0,,
u_5336,0.0,-1,0.0,,
u_5337,0.043034914056465874,5876,0.0,0.787,0.0
u_5338,0.04057482298242579,2470,0.0,0.787,0.0
u_5339,0.0,-1,0.0,,
u_5340,0.030465336463430838,4067,0.0,0.588,0.0
u_5341,0.0406260976764721,699,0.0,0.787,0.0
u_5342,0.0,-1,0.0,,
u_5343,0.0,-1,0.0,,
u_5344,0.023971858452442783,4363,0.0,0.438,0.0
u_5345,0.0,-1,0.0,,
u_5346,0.008747402782048561,3916,0.0,0.16,0.0
u_5347,0.0,-1,0.0,,
u_5348,0.0,-1,0.0,,
u_5349,0.0,-1,0.0,,
u_5350,0.05947541967050103,4493,0.0,0.556,0.0
u_5351,0.0,-1,0.0,,
u_5352,0.03542729882816324,256,0.0,0.222,0.0
u_5353,0.0,-1,0.0,,
u_5354,0.03988792108602403,232,0.0,0.787,0.0
u_5355,0.0,-1,0.0,,
u_5356,0.0,-1,0.0,,
u_5357,0.015989049662124073,3874,0.0,0.149,0.0
u_5358,0.0,-1,0.0,,
u_5359,0.0,-1,0.0,,
u_5360,0.0,-1,0.0,,
u_5361,0.006851886325338056,989,0.0,0.123,0.0
u_5362,0.03205761514384652,326,0.0,0.309,0.0
u_5363,0.0,-1,0.0,,
u_5364,0.0,-1,0.0,,
u_5365,0.0,-1,0.0,,
u_5366,0.04231522332597929,1380,0.0,0.802,0.0
u_5367,0.0,-1,0.0,,
u_5368,0.03988835596393485,2375,0.0,0.787,0.0
u_5369,0.040574655610525624,2806,0.0,0.787,0.0
u_5370,0.0,-1,0.0,,
u_5371,0.0,-1,0.0,,
u_5372,0.0,-1,0.0,,
u_5373,0.012357042779448204,4081,0.0,0.226,0.0
u_5374,0.043034914056465874,4204,0.0,0.787,0.0
u_5375,0.043034914056465874,1830,0.0,0.787,0.0
u_5376,0.0,-1,0.0,,
u_5377,0.0,-1,0.0,,
u_5378,0.043034914056465874,5864,0.0,0.787,0.0
u_5379,0.043034914056465874,4466,0.0,0.787,0.0
u_5380,0.0,-1,0.0,,
u_5381,0.08417531978986129,1313,0.0,0.787,0.0
u_5382,0.002381226526695476,718,0.0,0.023,0.0
u_5383,0.09012202835463036,693,0.0,0.427,0.0
u_5384,0.043234093813714375,1097,0.0,0.787,0.0
u_5385,0.0,-1,0.0,,
u_5386,0.08417531978986129,3393,0.0,0.787,0.0
u_5387,0.0,-1,0.0,,
u_5388,0.0008732170010187285,2591,0.0,0.016,0.0
u_5389,0.055210905584685624,2309,0.0,0.516,0.0
u_5390,0.0,-1,0.0,,
u_5391,0.0044480843264073575,3549,0.0,0.081,0.0
u_5392,0.0,-1,0.0,,
u_5393,0.0,-1,0.0,,
u_5394,0.0,-1,0.0,,
u_5395,0.043034914056465874,3911,0.0,0.787,0.0
u_5396,0.0,-1,0.0,,
u_5397,0.0,-1,0.0,,
u_5398,0.0,-1,0.0,,
u_5399,0.0,-1,0.0,,
u_5400,0.0,-1,0.0,,
u_5401,0.0,-1,0.0,,
u_5402,0.02921186341257766,162,0.0,0.276,0.0
u_5403,0.0,-1,0.0,,
u_5404,0.08008566993173996,1672,0.0,0.787,0.0
u_5405,0.00033043597863579834,564,0.0,0.003,0.0
u_5406,0.0,-1,0.0,,
u_5407,0.0,-1,0.0,,
u_5408,0.08237726645734267,2644,0.0,0.787,0.0
u_5409,0.0,-1,0.0,,
u_5410,0.0,-1,0.0,,
u_5411,0.0,-1,0.0,,
u_5412,0.00024965481764068186,225,0.0,0.001,0.0
u_5413,0.0,-1,0.0,,
u_5414,0.0,-1,0.0,,
u_5415,0.0,-1,0.0,,
u_5416,0.005619241481359479,3310,0.0,0.054,0.0
u_5417,0.043034914056465874,4882,0.0,0.787,0.0
u_5418,0.0001347301824866378,656,0.0,0.001,0.0
u_5419,0.0,-1,0.0,,
u_5420,0.0001156930551555395,174,0.0,0.002,0.0
u_5421,0.0,-1,0.0,,
u_5422,0.043034914056465874,1680,0.0,0.787,0.0
u_5423,0.04102355588939665,55,0.0,0.787,0.0
u_5424,0.010119524460530518,1848,0.0,0.197,0.0
u_5425,0.04105665132678549,1487,0.0,0.787,0.0
u_5426,0.0005569142175607302,1886,0.0,0.011,0.0
u_5427,0.0059532619139773665,3685,0.0,0.106,0.0
u_5428,4.4569724141548963e-05,129,0.0,0.001,0.0
u_5429,0.08228644551076589,1379,0.0,0.787,0.0
u_5430,0.00030400455244834957,37,0.0,0.003,0.0
u_5431,0.040630472819287985,475,0.0,0.787,0.0
u_5432,0.08388289738616092,4342,0.0,0.787,0.0
u_5433,0.0030226774520569983,283,0.0,0.014,0.0
u_5434,0.0,-1,0.0,,
u_5435,0.04590069209241736,825,0.0,0.901,0.0
u_5436,0.0,-1,0.0,,
u_5437,0.0,-1,0.0,,
u_5438,0.0006146141870366755,2367,0.0,0.011,0.0
u_5439,8.885605579110433e-05,159,0.0,0.002,0.0
u_5440,0.010683391146026176,2290,0.0,0.068,0.0
u_5441,0.0,-1,0.0,,
u_5442,7.437738554361665e-05,722,0.0,0.001,0.0
u_5443,0.0,-1,0.0,,
u_5444,0.0007686709612933185,2506,0.0,0.014,0.0
u_5445,0.0,-1,0.0,,
u_5446,0.0,-1,0.0,,
u_5447,0.0,-1,0.0,,
u_5448,0.0,-1,0.0,,
u_5449,0.0,-1,0.0,,
u_5450,0.0,-1,0.0,,
u_5451,0.0,-1,0.0,,
u_5452,0.043034914056465874,4883,0.0,0.787,0.0
u_5453,0.0,-1,0.0,,
u_5454,0.0,-1,0.0,,
u_5455,0.0,-1,0.0,,
u_5456,0.0,-1,0.0,,
u_5457,0.0,-1,0.0,,
u_5458,0.00056539955896244,567,0.0,0.01,0.0
u_5459,0.0,-1,0.0,,
u_5460,0.0,-1,0.0,,
u_5461,0.0,-1,0.0,,
u_5462,0.0051218735908917165,2441,0.0,0.048,0.0
u_5463,0.0,-1,0.0,,
u_5464,0.043034914056465874,852,0.0,0.787,0.0
u_5465,0.0,-1,0.0,,
u_5466,0.0,-1,0.0,,
u_5467,0.0,-1,0.0,,
u_5468,0.08417531978986129,4544,0.0,0.787,0.0
u_5469,0.043034914056465874,1926,0.0,0.787,0.0
u_5470,0.03988817695097835,49,0.0,0.787,0.0
u_5471,0.0,-1,0.0,,
u_5472,0.0,-1,0.0,,
u_5473,0.0029730410683896755,2957,0.0,0.028,0.0
u_5474,0.00022870032743665787,650,0.0,0.001,0.0
u_5475,0.0054619644202516865,89,0.0,0.052,0.0
u_5476,0.049022210446257375,4674,0.0,0.869,0.0
u_5477,0.00013082370687800632,457,0.0,0.002,0.0
u_5478,0.0,-1,0.0,,
u_5479,0.0,-1,0.0,,
u_5480,0.0404600734379351,1481,0.0,0.381,0.0
u_5481,4.223212564979763e-05,51,0.0,0.001,0.0
u_5482,0.0,-1,0.0,,
u_5483,0.0,-1,0.0,,
u_5484,0.0,-1,0.0,,
u_5485,0.043034914056465874,1745,0.0,0.787,0.0
u_5486,0.028910295675215972,4448,0.0,0.513,0.0
u_5487,0.0,-1,0.0,,
u_5488,0.0,-1,0.0,,
u_5489,0.041152971623552075,1166,0.0,0.787,0.0
u_5490,0.043034914056465874,4884,0.0,0.787,0.0
u_5491,0.0,-1,0.0,,
u_5492,0.04336326856941611,3168,0.0,0.787,0.0
u_5493,0.0,-1,0.0,,
u_5494,0.0,-1,0.0,,
u_5495,0.0010984760780090753,2727,0.0,0.02,0.0
u_5496,0.0,-1,0.0,,
u_5497,0.00014294200333833125,704,0.0,0.001,0.0
u_5498,0.09050272769034075,2789,0.0,0.341,0.0
u_5499,0.0,-1,0.0,,
u_5500,0.0,-1,0.0,,
u_5501,0.0,-1,0.0,,
u_5502,0.0,-1,0.0,,
u_5503,0.0,-1,0.0,,
u_5504,0.0014480070957124745,1371,0.0,0.014,0.0
u_5505,0.00254838685667884,3223,0.0,0.047,0.0
u_5506,0.04325008726017175,5,0.0,0.787,0.0
u_5507,0.042130407716432006,5183,0.0,0.787,0.0
u_5508,0.0,-1,0.0,,
u_5509,0.00017359107910025443,488,0.0,0.001,0.0
u_5510,0.04203006717648225,1326,0.0,0.787,0.0
u_5511,0.0,-1,0.0,,
u_5512,0.0,-1,0.0,,
u_5513,0.04107057062332411,679,0.0,0.787,0.0
u_5514,0.03988761952273737,1179,0.0,0.787,0.0
u_5515,0.0052663525285182675,333,0.0,0.09,0.0
u_5516,0.0,-1,0.0,,
u_5517,0.0,-1,0.0,,
u_5518,0.043034914056465874,4885,0.0,0.787,0.0
u_5519,0.041328876569236624,2280,0.0,0.787,0.0
u_5520,0.0,-1,0.0,,
u_5521,0.12092138437988842,447,0.0,0.787,0.0
u_5522,0.0,-1,0.0,,
u_5523,0.0,-1,0.0,,
u_5524,0.0,-1,0.0,,
u_5525,0.0013822840669838734,2463,0.0,0.013,0.0
u_5526,0.00028839916549705817,1832,0.0,0.005,0.0
u_5527,0.00169468155910602,547,0.0,0.011,0.0
u_5528,0.0,-1,0.0,,
u_5529,0.0,-1,0.0,,
u_5530,0.0,-1,0.0,,
u_5531,0.0,-1,0.0,,
u_5532,0.0,-1,0.0,,
u_5533,0.0002875758355067146,1329,0.0,0.003,0.0
u_5534,0.0034613951890267087,771,0.0,0.065,0.0
u_5535,0.0,-1,0.0,,
u_5536,0.0,-1,0.0,,
u_5537,0.043034914056465874,2007,0.0,0.787,0.0
u_5538,0.03989269864645829,4327,0.0,0.787,0.0
u_5539,0.0,-1,0.0,,
u_5540,0.043034914056465874,5877,0.0,0.787,0.0
u_5541,0.042130407716432006,5792,0.0,0.787,0.0
u_5542,0.028507424412345658,87,0.0,0.274,0.0
u_5543,0.0,-1,0.0,,
u_5544,0.0,-1,0.0,,
u_5545,0.0,-1,0.0,,
u_5546,0.0,-1,0.0,,
u_5547,0.043034914056465874,4547,0.0,0.787,0.0
u_5548,0.0,-1,0.0,,
u_5549,8.077352230045009e-05,806,0.0,0.001,0.0
u_5550,0.0,-1,0.0,,
u_5551,0.0,-1,0.0,,
u_5552,0.08417531978986129,3871,0.0,0.787,0.0
u_5553,0.043034914056465874,5835,0.0,0.787,0.0
u_5554,0.0,-1,0.0,,
u_5555,0.08223999033627945,797,0.0,0.787,0.0
u_5556,0.0,-1,0.0,,
u_5557,0.043034914056465874,3432,0.0,0.787,0.0
u_5558,0.0,-1,0.0,,
u_5559,0.013776887582983658,2680,0.0,0.134,0.0
u_5560,0.006467572314509478,3390,0.0,0.06,0.0
u_5561,0.0,-1,0.0,,
u_5562,0.0,-1,0.0,,
u_5563,0.0,-1,0.0,,
u_5564,0.04055114464428237,88,0.0,0.787,0.0
u_5565,0.0,-1,0.0,,
u_5566,0.043034914056465874,4886,0.0,0.787,0.0
u_5567,0.043034914056465874,4077,0.0,0.787,0.0
u_5568,0.0,-1,0.0,,
u_5569,0.004710477210227066,168,0.0,0.092,0.0
u_5570,0.0,-1,0.0,,
u_5571,0.039887989816068066,702,0.0,0.787,0.0
u_5572,0.0,-1,0.0,,
u_5573,0.0,-1,0.0,,
u_5574,0.0,-1,0.0,,
u_5575,0.0,-1,0.0,,
u_5576,0.0,-1,0.0,,
u_5577,0.0,-1,0.0,,
u_5578,0.0,-1,0.0,,
u_5579,0.0,-1,0.0,,
u_5580,0.007362753466282188,3815,0.0,0.135,0.0
u_5581,0.040309751769863116,1228,0.0,0.787,0.0
u_5582,0.10617169856608252,1275,0.0,0.502,0.0
u_5583,0.0,-1,0.0,,
u_5584,0.040430838116313,309,0.0,0.787,0.0
u_5585,0.042033610838747834,278,0.0,0.787,0.0
u_5586,0.03989046831377492,757,0.0,0.787,0.0
u_5587,0.0006472663717439428,2142,0.0,0.012,0.0
u_5588,0.0,-1,0.0,,
u_5589,0.042901664625640455,132,0.0,0.787,0.0
u_5590,0.0,-1,0.0,,
u_5591,0.0,-1,0.0,,
u_5592,0.0,-1,0.0,,
u_5593,0.043034914056465874,1230,0.0,0.787,0.0
u_5594,0.0,-1,0.0,,
u_5595,0.0,-1,0.0,,
u_5596,0.0,-1,0.0,,
u_5597,0.0002737297958922872,1277,0.0,0.003,0.0
u_5598,0.043034914056465874,3342,0.0,0.787,0.0
u_5599,0.0,-1,0.0,,
u_5600,0.0005049045765203854,96,0.0,0.009,0.0
u_5601,0.0005421553841839725,1806,0.0,0.005,0.0
u_5602,0.013721502171506594,889,0.0,0.064,0.0
u_5603,0.00033492669634595403,1939,0.0,0.006,0.0
u_5604,0.0,-1,0.0,,
u_5605,0.08721952908486207,378,0.0,0.787,0.0
u_5606,0.0,-1,0.0,,
u_5607,0.0431046710013398,631,0.0,0.787,0.0
u_5608,0.008245248926309965,1134,0.0,0.077,0.0
u_5609,0.003438759565518588,3413,0.0,0.063,0.0
u_5610,0.00048270691863184763,74,0.0,0.009,0.0
u_5611,0.0,-1,0.0,,
u_5612,0.1253157255232567,717,0.0,0.787,0.0
u_5613,0.0,-1,0.0,,
u_5614,0.0,-1,0.0,,
u_5615,0.0,-1,0.0,,
u_5616,0.0,-1,0.0,,
u_5617,0.0005991174923272345,2349,0.0,0.011,0.0
u_5618,0.0,-1,0.0,,
u_5619,0.019013979539211932,73,0.0,0.364,0.0
u_5620,0.043034914056465874,2225,0.0,0.787,0.0
u_5621,0.0,-1,0.0,,
u_5622,0.0005168808728560962,1779,0.0,0.005,0.0
u_5623,0.08551190898588408,4650,0.0,0.787,0.0
u_5624,0.2346929304157312,197,0.0,0.913,0.0
u_5625,0.0,-1,0.0,,
u_5626,0.0,-1,0.0,,
u_5627,0.0,-1,0.0,,
u_5628,0.0,-1,0.0,,
u_5629,0.08417531978986129,3138,0.0,0.787,0.0
u_5630,0.043442904945159386,770,0.0,0.787,0.0
u_5631,0.0,-1,0.0,,
u_5632,0.043034914056465874,4887,0.0,0.787,0.0
u_5633,0.0,-1,0.0,,
u_5634,0.08236630710979355,5863,0.0,0.787,0.0
u_5635,0.0,-1,0.0,,
u_5636,0.043034914056465874,4888,0.0,0.787,0.0
u_5637,0.0,-1,0.0,,
u_5638,0.0,-1,0.0,,
u_5639,0.043034914056465874,4889,0.0,0.787,0.0
u_5640,0.0792210797604275,337,0.0,0.787,0.0
u_5641,0.04026621120405828,4607,0.0,0.741,0.0
u_5642,0.043034914056465874,921,0.0,0.787,0.0
u_5643,0.0,-1,0.0,,
u_5644,0.039325084098858806,2673,0.0,0.379,0.0
u_5645,0.03988920179890435,1104,0.0,0.787,0.0
u_5646,0.0,-1,0.0,,
u_5647,0.043034914056465874,4890,0.0,0.787,0.0
u_5648,0.0,-1,0.0,,
u_5649,0.0410246041143423,27,0.0,0.388,0.0
u_5650,0.0,-1,0.0,,
u_5651,0.0,-1,0.0,,
u_5652,0.05007491635991022,127,0.0,0.476,0.0
u_5653,0.08417531978986129,974,0.0,0.787,0.0
u_5654,0.0,-1,0.0,,
u_5655,0.0,-1,0.0,,
u_5656,0.043034914056465874,4891,0.0,0.787,0.0
u_5657,0.04329419107505909,513,0.0,0.787,0.0
u_5658,0.0004914419697438957,2220,0.0,0.009,0.0
u_5659,0.0,-1,0.0,,
u_5660,0.0,-1,0.0,,
u_5661,0.004616168308310217,3575,0.0,0.084,0.0
u_5662,0.0,-1,0.0,,
u_5663,0.0004331528592947568,2131,0.0,0.008,0.0
u_5664,0.0,-1,0.0,,
u_5665,0.0,-1,0.0,,
u_5666,0.011959833590617709,1023,0.0,0.211,0.0
u_5667,0.0,-1,0.0,,
u_5668,0.0,-1,0.0,,
u_5669,0.0,-1,0.0,,
u_5670,0.0,-1,0.0,,
u_5671,0.0,-1,0.0,,
u_5672,0.002790908388376201,3284,0.0,0.051,0.0
u_5673,0.0,-1,0.0,,
u_5674,0.00018884806445982935,1505,0.0,0.003,0.0
u_5675,7.870955908108985e-05,781,0.0,0.001,0.0
u_5676,0.04045051446343107,2682,0.0,0.787,0.0
u_5677,0.043034914056465874,4892,0.0,0.787,0.0
u_5678,0.0024371638197587275,627,0.0,0.023,0.0
u_5679,0.040794381734082015,1000,0.0,0.787,0.0
u_5680,0.0,-1,0.0,,
u_5681,0.0,-1,0.0,,
u_5682,0.039887185179815404,2105,0.0,0.787,0.0
u_5683,0.0,-1,0.0,,
u_5684,0.043034914056465874,2415,0.0,0.787,0.0
u_5685,0.043034914056465874,5878,0.0,0.787,0.0
u_5686,0.08445444345435926,1524,0.0,0.787,0.0
u_5687,0.0,-1,0.0,,
u_5688,0.0,-1,0.0,,
u_5689,0.0,-1,0.0,,
u_5690,0.0,-1,0.0,,
u_5691,0.0,-1,0.0,,
u_5692,0.042030697166533716,89,0.0,0.787,0.0
u_5693,0.004306476048265093,3136,0.0,0.04,0.0
u_5694,0.040555489219371625,222,0.0,0.787,0.0
u_5695,0.04305024383069976,978,0.0,0.787,0.0
u_5696,0.0008345517666365847,933,0.0,0.008,0.0
u_5697,0.0,-1,0.0,,
u_5698,0.04120277567802942,900,0.0,0.787,0.0
u_5699,0.0008956558905138213,101,0.0,0.008,0.0
u_5700,0.0,-1,0.0,,
u_5701,0.0,-1,0.0,,
u_5702,0.0,-1,0.0,,
u_5703,0.0,-1,0.0,,
u_5704,0.0,-1,0.0,,
u_5705,0.0,-1,0.0,,
u_5706,0.0,-1,0.0,,
u_5707,0.043034914056465874,4893,0.0,0.787,0.0
u_5708,0.0003456426594625547,1969,0.0,0.006,0.0
u_5709,0.00030486606769051643,1866,0.0,0.006,0.0
u_5710,7.295366907487853e-05,738,0.0,0.001,0.0
u_5711,0.08443747727687749,471,0.0,0.787,0.0
u_5712,0.0,-1,0.0,,
u_5713,0.0,-1,0.0,,
u_5714,0.0,-1,0.0,,
u_5715,0.0,-1,0.0,,
u_5716,0.0023505982347922206,2541,0.0,0.015,0.0
u_5717,0.04296132689971285,374,0.0,0.787,0.0
u_5718,0.0,-1,0.0,,
u_5719,0.04014769117884405,797,0.0,0.787,0.0
u_5720,0.0,-1,0.0,,
u_5721,0.0398908726792966,2310,0.0,0.787,0.0
u_5722,0.0,-1,0.0,,
u_5723,0.0,-1,0.0,,
u_5724,0.03305232386535453,1605,0.0,0.626,0.0
u_5725,0.0,-1,0.0,,
u_5726,0.0,-1,0.0,,
u_5727,0.0,-1,0.0,,
u_5728,0.043034914056465874,3251,0.0,0.787,0.0
u_5729,0.004115158993522619,3515,0.0,0.075,0.0
u_5730,0.0,-1,0.0,,
u_5731,0.16530213652532164,162,0.0,0.787,0.0
u_5732,0.0004891047596918854,2216,0.0,0.009,0.0
u_5733,0.043034914056465874,4485,0.0,0.787,0.0
u_5734,0.003212491356977991,3368,0.0,0.059,0.0
u_5735,0.009149803014025298,447,0.0,0.086,0.0
u_5736,0.0015878488389658653,1100,0.0,0.03,0.0
u_5737,0.0,-1,0.0,,
u_5738,0.0,-1,0.0,,
u_5739,0.00404637381640749,3505,0.0,0.074,0.0
u_5740,0.043034914056465874,2506,0.0,0.787,0.0
u_5741,0.004119332975412012,3516,0.0,0.075,0.0
u_5742,0.0,-1,0.0,,
u_5743,0.0,-1,0.0,,
u_5744,0.011639858149131153,765,0.0,0.106,0.0
u_5745,0.0,-1,0.0,,
u_5746,0.043034914056465874,1186,0.0,0.787,0.0
u_5747,0.043034914056465874,1489,0.0,0.787,0.0
u_5748,0.0,-1,0.0,,
u_5749,0.0005809539007824369,446,0.0,0.011,0.0
u_5750,0.1242370691991373,725,0.0,0.787,0.0
u_5751,0.043034914056465874,5879,0.0,0.787,0.0
u_5752,0.00036572783482034706,168,0.0,0.003,0.0
u_5753,0.0,-1,0.0,,
u_5754,0.0,-1,0.0,,
u_5755,0.009393894497526199,3035,0.0,0.17,0.0
u_5756,0.0,-1,0.0,,
u_5757,0.042285985580687156,986,0.0,0.787,0.0
u_5758,0.043034914056465874,5880,0.0,0.787,0.0
u_5759,0.04085417550467382,222,0.0,0.787,0.0
u_5760,0.043034914056465874,3603,0.0,0.787,0.0
u_5761,0.004303734871428011,1705,0.0,0.027,0.0
u_5762,0.0,-1,0.0,,
u_5763,0.043034914056465874,4894,0.0,0.787,0.0
u_5764,0.041022595492465105,405,0.0,0.787,0.0
u_5765,0.0,-1,0.0,,
u_5766,0.0,-1,0.0,,
u_5767,0.0,-1,0.0,,
u_5768,0.00043884253094696125,1040,0.0,0.004,0.0
u_5769,0.0,-1,0.0,,
u_5770,0.0,-1,0.0,,
u_5771,0.0,-1,0.0,,
u_5772,0.029739645593842068,53,0.0,0.578,0.0
u_5773,0.00038250864561052505,222,0.0,0.002,0.0
u_5774,0.0,-1,0.0,,
u_5775,0.0,-1,0.0,,
u_5776,0.0,-1,0.0,,
u_5777,0.0,-1,0.0,,
u_5778,0.0,-1,0.0,,
u_5779,0.00017601109899323788,1475,0.0,0.003,0.0
u_5780,0.0,-1,0.0,,
u_5781,4.996155758510946e-05,332,0.0,0.001,0.0
u_5782,0.0,-1,0.0,,
u_5783,5.260618163021679e-05,330,0.0,0.001,0.0
u_5784,0.0008947705678733484,926,0.0,0.009,0.0
u_5785,0.0,-1,0.0,,
u_5786,0.0,-1,0.0,,
u_5787,0.12260617751088834,919,0.0,0.787,0.0
u_5788,0.0,-1,0.0,,
u_5789,0.08361090062846886,881,0.0,0.787,0.0
u_5790,0.08467478983648188,665,0.0,0.787,0.0
u_5791,0.0,-1,0.0,,
u_5792,0.0,-1,0.0,,
u_5793,0.043034914056465874,3922,0.0,0.787,0.0
u_5794,0.0,-1,0.0,,
u_5795,0.00023971291091111707,1701,0.0,0.004,0.0
u_5796,0.043034914056465874,2419,0.0,0.787,0.0
u_5797,0.043034914056465874,4426,0.0,0.787,0.0
u_5798,0.0,-1,0.0,,
u_5799,0.0004160831340458261,5,0.0,0.007,0.0
u_5800,0.0,-1,0.0,,
u_5801,0.000244884042764616,297,0.0,0.002,0.0
u_5802,0.0,-1,0.0,,
u_5803,0.0,-1,0.0,,
u_5804,0.043034914056465874,3965,0.0,0.787,0.0
u_5805,0.0,-1,0.0,,
u_5806,0.03995081457313674,419,0.0,0.787,0.0
u_5807,0.0,-1,0.0,,
u_5808,0.043034914056465874,4744,0.0,0.787,0.0
u_5809,0.0,-1,0.0,,
u_5810,0.0,-1,0.0,,
u_5811,0.000276048327245346,1316,0.0,0.003,0.0
u_5812,0.043034914056465874,3144,0.0,0.787,0.0
u_5813,0.043034914056465874,3885,0.0,0.787,0.0
u_5814,0.0,-1,0.0,,
u_5815,0.040945055878118114,371,0.0,0.787,0.0
u_5816,0.0,-1,0.0,,
u_5817,0.00029223680540731574,698,0.0,0.003,0.0
u_5818,0.043034914056465874,135,0.0,0.787,0.0
u_5819,0.0051757062702464645,33,0.0,0.049,0.0
u_5820,0.039888568977934656,3191,0.0,0.787,0.0
u_5821,0.04248461650262754,89,0.0,0.787,0.0
u_5822,0.018322878522923376,2309,0.0,0.349,0.0
u_5823,0.0,-1,0.0,,
u_5824,0.043290795010680005,473,0.0,0.787,0.0
u_5825,0.04281119280439376,1486,0.0,0.787,0.0
u_5826,0.043034914056465874,780,0.0,0.787,0.0
u_5827,0.08260616265208859,1802,0.0,0.787,0.0
u_5828,0.043034914056465874,4895,0.0,0.787,0.0
u_5829,0.003605024952185557,2773,0.0,0.067,0.0
u_5830,0.0,-1,0.0,,
u_5831,0.0,-1,0.0,,
u_5832,0.0,-1,0.0,,
u_5833,0.036241324267662064,4575,0.0,0.662,0.0
u_5834,0.08236630710979355,4896,0.0,0.787,0.0
u_5835,0.0,-1,0.0,,
u_5836,0.0,-1,0.0,,
u_5837,0.06821688974442548,4168,0.0,0.637,0.0
u_5838,0.043034914056465874,4897,0.0,0.787,0.0
u_5839,0.0,-1,0.0,,
u_5840,0.043034914056465874,3654,0.0,0.787,0.0
u_5841,0.029636652957524944,13,0.0,0.574,0.0
u_5842,0.0023041962361834314,2787,0.0,0.022,0.0
u_5843,0.08501540885763856,3077,0.0,0.787,0.0
u_5844,0.0,-1,0.0,,
u_5845,0.0,-1,0.0,,
u_5846,0.08087557548037706,89,0.0,0.787,0.0
u_5847,0.0,-1,0.0,,
u_5848,0.0,-1,0.0,,
u_5849,0.0,-1,0.0,,
u_5850,0.0,-1,0.0,,
u_5851,0.023460064838013987,89,0.0,0.222,0.0
u_5852,0.0005393865281406644,572,0.0,0.005,0.0
u_5853,0.003065953951233401,1403,0.0,0.058,0.0
u_5854,0.0,-1,0.0,,
u_5855,0.043034914056465874,4898,0.0,0.787,0.0
u_5856,0.025282830285286967,4393,0.0,0.462,0.0
u_5857,0.0,-1,0.0,,
u_5858,0.0,-1,0.0,,
u_5859,0.0,-1,0.0,,
u_5860,0.043034914056465874,4899,0.0,0.787,0.0
u_5861,0.00028480702964397053,1001,0.0,0.002,0.0
u_5862,0.043034914056465874,3638,0.0,0.787,0.0
u_5863,0.0,-1,0.0,,
u_5864,0.005183404542335934,3245,0.0,0.048,0.0
u_5865,0.0,-1,0.0,,
u_5866,0.0,-1,0.0,,
u_5867,0.043034914056465874,2876,0.0,0.787,0.0
u_5868,0.0,-1,0.0,,
u_5869,0.0008262833444290896,847,0.0,0.008,0.0
u_5870,0.0,-1,0.0,,
u_5871,0.0,-1,0.0,,
u_5872,0.03145735278092943,4509,0.0,0.575,0.0
u_5873,0.000252943179786558,1725,0.0,0.005,0.0
u_5874,0.047501018276245345,3161,0.0,0.444,0.0
u_5875,0.043034914056465874,3684,0.0,0.787,0.0
u_5876,4.605785801750885e-05,108,0.0,0.001,0.0
u_5877,0.0,-1,0.0,,
u_5878,0.0,-1,0.0,,
u_5879,0.00014695640633169874,337,0.0,0.003,0.0
u_5880,0.00015035220186889752,1376,0.0,0.003,0.0
u_5881,0.0,-1,0.0,,
u_5882,0.009419053768042111,3944,0.0,0.167,0.0
u_5883,0.039887517730856956,1095,0.0,0.787,0.0
u_5884,0.0,-1,0.0,,
u_5885,0.03991523382423349,3944,0.0,0.787,0.0
u_5886,0.0,-1,0.0,,
u_5887,0.043034914056465874,591,0.0,0.787,0.0
u_5888,0.0,-1,0.0,,
u_5889,0.0007576193599535871,2473,0.0,0.013,0.0
u_5890,0.0,-1,0.0,,
u_5891,0.043034914056465874,3028,0.0,0.787,0.0
u_5892,0.0,-1,0.0,,
u_5893,0.0010363121474453365,174,0.0,0.02,0.0
u_5894,0.0,-1,0.0,,
u_5895,0.0,-1,0.0,,
u_5896,0.043034914056465874,3835,0.0,0.787,0.0
u_5897,0.0,-1,0.0,,
u_5898,0.04039488359796246,2923,0.0,0.787,0.0
u_5899,0.12061699926505813,1011,0.0,0.787,0.0
u_5900,0.0,-1,0.0,,
u_5901,0.0,-1,0.0,,
u_5902,0.0,-1,0.0,,
u_5903,0.0,-1,0.0,,
u_5904,0.043034914056465874,4900,0.0,0.787,0.0
u_5905,0.043034914056465874,883,0.0,0.787,0.0
u_5906,0.0,-1,0.0,,
u_5907,0.043034914056465874,4901,0.0,0.787,0.0
u_5908,0.0,-1,0.0,,
u_5909,0.0,-1,0.0,,
u_5910,0.0,-1,0.0,,
u_5911,0.043034914056465874,1595,0.0,0.787,0.0
u_5912,0.043034914056465874,5881,0.0,0.787,0.0
u_5913,0.043034914056465874,5882,0.0,0.787,0.0
u_5914,0.0,-1,0.0,,
u_5915,0.00119972000224903,1983,0.0,0.008,0.0
u_5916,0.0,-1,0.0,,
u_5917,0.00013873993336306143,119,0.0,0.001,0.0
u_5918,0.0,-1,0.0,,
u_5919,0.01671469875359707,485,0.0,0.106,0.0
u_5920,0.043034914056465874,2679,0.0,0.787,0.0
u_5921,0.0,-1,0.0,,
u_5922,0.043034914056465874,4902,0.0,0.787,0.0
u_5923,0.043034914056465874,2029,0.0,0.787,0.0
u_5924,0.0,-1,0.0,,
u_5925,0.043034914056465874,3917,0.0,0.787,0.0
u_5926,0.08397442339402059,1107,0.0,0.787,0.0
u_5927,0.0,-1,0.0,,
u_5928,0.0,-1,0.0,,
u_5929,0.0,-1,0.0,,
u_5930,0.0,-1,0.0,,
u_5931,0.039888552489383305,4163,0.0,0.787,0.0
u_5932,0.018137405718858978,176,0.0,0.177,0.0
u_5933,0.0,-1,0.0,,
u_5934,0.0,-1,0.0,,
u_5935,0.02028325202364066,4292,0.0,0.371,0.0
u_5936,0.0,-1,0.0,,
u_5937,0.04353240092906874,523,0.0,0.787,0.0
u_5938,0.01067286260819715,2968,0.0,0.19,0.0
u_5939,0.043034914056465874,2823,0.0,0.787,0.0
u_5940,0.0006375030423304489,1913,0.0,0.006,0.0
u_5941,0.00232012658634132,3163,0.0,0.042,0.0
u_5942,0.043034914056465874,4322,0.0,0.787,0.0
u_5943,0.0,-1,0.0,,
u_5944,0.011658178079747804,1299,0.0,0.073,0.0
u_5945,0.04436280869373908,2973,0.0,0.787,0.0
u_5946,0.01112665399555069,952,0.0,0.072,0.0
u_5947,0.0008125914182758028,2548,0.0,0.015,0.0
u_5948,0.0,-1,0.0,,
u_5949,0.0,-1,0.0,,
u_5950,0.0007802830991230691,2520,0.0,0.014,0.0
u_5951,0.04096599285935217,1920,0.0,0.787,0.0
u_5952,0.0,-1,0.0,,
u_5953,0.0,-1,0.0,,
u_5954,0.0010744294709104478,2715,0.0,0.02,0.0
u_5955,0.0,-1,0.0,,
u_5956,0.043034914056465874,705,0.0,0.787,0.0
u_5957,0.009339439016141352,3953,0.0,0.171,0.0
u_5958,0.04165959389382337,349,0.0,0.787,0.0
u_5959,0.043034914056465874,4795,0.0,0.787,0.0
u_5960,0.0,-1,0.0,,
u_5961,0.0,-1,0.0,,
u_5962,0.0,-1,0.0,,
u_5963,0.02905788192080778,1272,0.0,0.186,0.0
u_5964,0.0,-1,0.0,,
u_5965,0.0,-1,0.0,,
u_5966,0.0,-1,0.0,,
u_5967,0.0008054771501522027,2538,0.0,0.015,0.0
u_5968,0.0,-1,0.0,,
u_5969,0.0,-1,0.0,,
u_5970,0.043034914056465874,4903,0.0,0.787,0.0
u_5971,0.0,-1,0.0,,
u_5972,0.0,-1,0.0,,
u_5973,0.0004291689717676421,736,0.0,0.008,0.0
u_5974,0.0823712272253873,2339,0.0,0.787,0.0
u_5975,0.001531884005825511,2073,0.0,0.007,0.0
u_5976,0.0012223435228783965,332,0.0,0.024,0.0
u_5977,0.0,-1,0.0,,
u_5978,0.0421216532621302,118,0.0,0.787,0.0
u_5979,0.00014344804143272868,721,0.0,0.001,0.0
u_5980,0.0,-1,0.0,,
u_5981,0.043034914056465874,1887,0.0,0.787,0.0
u_5982,0.0032996636758239927,861,0.0,0.031,0.0
u_5983,0.0030846900190996717,1426,0.0,0.029,0.0
u_5984,0.0,-1,0.0,,
u_5985,0.0,-1,0.0,,
u_5986,0.0005799346815882273,1864,0.0,0.006,0.0
u_5987,0.08469491137270073,3226,0.0,0.787,0.0
u_5988,0.0002156477915171968,1093,0.0,0.002,0.0
u_5989,0.0,-1,0.0,,
u_5990,0.04288447645336967,671,0.0,0.787,0.0
u_5991,0.0,-1,0.0,,
u_5992,0.0,-1,0.0,,
u_5993,0.0,-1,0.0,,
u_5994,0.00014220742768568666,1305,0.0,0.003,0.0
u_5995,0.019611506779259196,254,0.0,0.379,0.0
u_5996,0.018492756657082096,853,0.0,0.118,0.0
u_5997,0.005157496598230885,2445,0.0,0.049,0.0
u_5998,0.0,-1,0.0,,
u_5999,0.0,-1,0.0,,
u_6000,0.043034914056465874,4904,0.0,0.787,0.0
u_6001,0.0023681660838620745,3176,0.0,0.044,0.0
u_6002,0.0,-1,0.0,,
u_6003,0.0,-1,0.0,,
u_6004,0.0,-1,0.0,,
u_6005,0.000637789511801785,2440,0.0,0.012,0.0
u_6006,0.0,-1,0.0,,
u_6007,0.015246640094003077,3928,0.0,0.293,0.0
u_6008,0.0,-1,0.0,,
u_6009,0.0,-1,0.0,,
u_6010,0.012938033362525136,260,0.0,0.081,0.0
u_6011,0.043034914056465874,3233,0.0,0.787,0.0
u_6012,0.00031714234323769057,168,0.0,0.003,0.0
u_6013,0.0,-1,0.0,,
u_6014,0.0,-1,0.0,,
u_6015,0.0,-1,0.0,,
u_6016,0.0006024821920044552,33,0.0,0.012,0.0
u_6017,0.0,-1,0.0,,
u_6018,0.04265230284865391,3779,0.0,0.787,0.0
u_6019,0.0,-1,0.0,,
u_6020,0.043034914056465874,3239,0.0,0.787,0.0
u_6021,0.04063625212219476,1200,0.0,0.787,0.0
u_6022,0.04197622194329078,3862,0.0,0.787,0.0
u_6023,0.043034914056465874,2895,0.0,0.787,0.0
u_6024,0.0,-1,0.0,,
u_6025,0.0,-1,0.0,,
u_6026,0.043034914056465874,5883,0.0,0.787,0.0
u_6027,0.0,-1,0.0,,
u_6028,0.0,-1,0.0,,
u_6029,0.0,-1,0.0,,
u_6030,0.0,-1,0.0,,
u_6031,0.0034120244190881557,278,0.0,0.033,0.0
u_6032,0.0,-1,0.0,,
u_6033,0.0,-1,0.0,,
u_6034,0.0,-1,0.0,,
u_6035,0.0,-1,0.0,,
u_6036,0.0,-1,0.0,,
u_6037,0.0,-1,0.0,,
u_6038,0.0,-1,0.0,,
u_6039,0.0,-1,0.0,,
u_6040,0.0,-1,0.0,,
u_6041,0.021448891850407433,4021,0.0,0.197,0.0
u_6042,0.0,-1,0.0,,
u_6043,0.0,-1,0.0,,
u_6044,0.00844006647088843,161,0.0,0.081,0.0
u_6045,0.0,-1,0.0,,
u_6046,0.08417531978986129,3355,0.0,0.787,0.0
u_6047,0.0,-1,0.0,,
u_6048,0.0,-1,0.0,,
u_6049,0.06182222647496181,1526,0.0,0.399,0.0
u_6050,0.08200615099360166,4628,0.0,0.766,0.0
u_6051,0.0,-1,0.0,,
u_6052,0.043034914056465874,5884,0.0,0.787,0.0
u_6053,0.0,-1,0.0,,
u_6054,9.463257640043412e-05,220,0.0,0.001,0.0
u_6055,0.04005440936172527,1493,0.0,0.787,0.0
u_6056,0.0,-1,0.0,,
u_6057,0.042130407716432006,5568,0.0,0.787,0.0
u_6058,0.0005676400925037062,105,0.0,0.011,0.0
u_6059,0.040916991746883694,1818,0.0,0.787,0.0
u_6060,0.0,-1,0.0,,
u_6061,0.000296861657860495,446,0.0,0.006,0.0
u_6062,0.08485251372761272,1865,0.0,0.787,0.0
u_6063,0.0,-1,0.0,,
u_6064,0.0,-1,0.0,,
u_6065,0.0,-1,0.0,,
u_6066,0.00011103748300299067,1108,0.0,0.002,0.0
u_6067,0.04437029596908253,1681,0.0,0.787,0.0
u_6068,0.043034914056465874,5885,0.0,0.787,0.0
u_6069,0.005918044142538518,829,0.0,0.028,0.0
u_6070,0.043034914056465874,4905,0.0,0.787,0.0
u_6071,0.0,-1,0.0,,
u_6072,0.0,-1,0.0,,
u_6073,0.0,-1,0.0,,
u_6074,0.043034914056465874,3316,0.0,0.787,0.0
u_6075,0.0,-1,0.0,,
u_6076,0.0,-1,0.0,,
u_6077,0.08237069721528963,3818,0.0,0.787,0.0
u_6078,0.044372504266231044,1056,0.0,0.787,0.0
u_6079,0.04242986182958879,693,0.0,0.787,0.0
u_6080,0.0,-1,0.0,,
u_6081,0.042334214501138216,2359,0.0,0.787,0.0
u_6082,0.039890561251397956,2401,0.0,0.787,0.0
u_6083,0.0,-1,0.0,,
u_6084,0.0,-1,0.0,,
u_6085,4.786961984534334e-05,258,0.0,0.001,0.0
u_6086,0.0,-1,0.0,,
u_6087,0.0,-1,0.0,,
u_6088,0.0,-1,0.0,,
u_6089,0.0,-1,0.0,,
u_6090,0.0,-1,0.0,,
u_6091,0.08370493847647459,1265,0.0,0.787,0.0
u_6092,0.01487510479199549,3838,0.0,0.139,0.0
u_6093,0.0,-1,0.0,,
u_6094,0.0,-1,0.0,,
u_6095,0.043034914056465874,3655,0.0,0.787,0.0
u_6096,0.03998003338775647,454,0.0,0.787,0.0
u_6097,0.0,-1,0.0,,
u_6098,0.04269081516913118,1179,0.0,0.787,0.0
u_6099,0.001985047015591704,2018,0.0,0.019,0.0
u_6100,0.0,-1,0.0,,
u_6101,0.0,-1,0.0,,
u_6102,0.0,-1,0.0,,
u_6103,0.0,-1,0.0,,
u_6104,0.026895023051246515,4413,0.0,0.477,0.0
u_6105,0.043034914056465874,2385,0.0,0.787,0.0
u_6106,0.000511065733809586,1925,0.0,0.01,0.0
u_6107,0.08069006960603772,351,0.0,0.787,0.0
u_6108,0.0,-1,0.0,,
u_6109,0.0,-1,0.0,,
u_6110,0.0,-1,0.0,,
u_6111,0.0,-1,0.0,,
u_6112,0.0,-1,0.0,,
u_6113,0.043034914056465874,4906,0.0,0.787,0.0
u_6114,0.052247401856187224,2035,0.0,0.488,0.0
u_6115,0.0,-1,0.0,,
u_6116,0.0,-1,0.0,,
u_6117,0.03988754926293269,1686,0.0,0.787,0.0
u_6118,0.0,-1,0.0,,
u_6119,0.01169354601047932,474,0.0,0.111,0.0
u_6120,0.0,-1,0.0,,
u_6121,0.04045231860774408,1066,0.0,0.787,0.0
u_6122,0.03240243931006041,4521,0.0,0.596,0.0
u_6123,0.0,-1,0.0,,
u_6124,0.0407664176972763,189,0.0,0.787,0.0
u_6125,0.0,-1,0.0,,
u_6126,0.0,-1,0.0,,
u_6127,0.043034914056465874,3549,0.0,0.787,0.0
u_6128,0.0002126679257594851,1113,0.0,0.002,0.0
u_6129,0.0,-1,0.0,,
u_6130,0.03988784313013448,416,0.0,0.787,0.0
u_6131,0.0,-1,0.0,,
u_6132,0.0020742455267238344,363,0.0,0.01,0.0
u_6133,0.0,-1,0.0,,
u_6134,0.042156700782390054,4630,0.0,0.771,0.0
u_6135,0.0,-1,0.0,,
u_6136,0.0,-1,0.0,,
u_6137,0.08417531978986129,1874,0.0,0.787,0.0
u_6138,0.0,-1,0.0,,
u_6139,0.0037189038030688002,1097,0.0,0.036,0.0
u_6140,0.0,-1,0.0,,
u_6141,0.016915266632629863,3323,0.0,0.157,0.0
u_6142,0.0,-1,0.0,,
u_6143,0.0,-1,0.0,,
u_6144,0.0,-1,0.0,,
u_6145,0.0,-1,0.0,,
u_6146,0.0012746639744181459,1222,0.0,0.012,0.0
u_6147,9.218930451545965e-05,944,0.0,0.002,0.0
u_6148,0.041568911364782565,23,0.0,0.787,0.0
u_6149,0.0,-1,0.0,,
u_6150,0.043034914056465874,1174,0.0,0.787,0.0
u_6151,0.0,-1,0.0,,
u_6152,0.0,-1,0.0,,
u_6153,0.07014107876159244,2713,0.0,0.655,0.0
u_6154,0.043034914056465874,2919,0.0,0.787,0.0
u_6155,0.08417531978986129,1706,0.0,0.787,0.0
u_6156,0.043034914056465874,1759,0.0,0.787,0.0
u_6157,0.0,-1,0.0,,
u_6158,0.0,-1,0.0,,
u_6159,0.0,-1,0.0,,
u_6160,0.0,-1,0.0,,
u_6161,0.0,-1,0.0,,
u_6162,0.0,-1,0.0,,
u_6163,0.0,-1,0.0,,
u_6164,0.039893601353253254,1706,0.0,0.787,0.0
u_6165,0.01428334977573872,4129,0.0,0.261,0.0
u_6166,0.08218097394467105,578,0.0,0.777,0.0
u_6167,0.0,-1,0.0,,
u_6168,0.0,-1,0.0,,
u_6169,0.0,-1,0.0,,
u_6170,0.0,-1,0.0,,
u_6171,0.0,-1,0.0,,
u_6172,0.0,-1,0.0,,
u_6173,0.08384408889752532,582,0.0,0.787,0.0
u_6174,0.01510559783289721,4155,0.0,0.276,0.0
u_6175,0.0,-1,0.0,,
u_6176,0.0,-1,0.0,,
u_6177,0.00043721953412335067,277,0.0,0.002,0.0
u_6178,0.03990417164257752,1055,0.0,0.787,0.0
u_6179,0.0,-1,0.0,,
u_6180,0.0,-1,0.0,,
u_6181,0.0,-1,0.0,,
u_6182,0.0,-1,0.0,,
u_6183,0.0,-1,0.0,,
u_6184,0.0,-1,0.0,,
u_6185,0.0,-1,0.0,,
u_6186,0.0,-1,0.0,,
u_6187,0.0,-1,0.0,,
u_6188,0.0,-1,0.0,,
u_6189,0.040958392618621206,280,0.0,0.787,0.0
u_6190,0.0002284411946090468,1696,0.0,0.004,0.0
u_6191,0.0,-1,0.0,,
u_6192,0.0030838520494034997,3338,0.0,0.057,0.0
u_6193,0.04490937290326271,4641,0.0,0.796,0.0
u_6194,0.002472302853140591,131,0.0,0.047,0.0
u_6195,9.514189532835642e-05,222,0.0,0.001,0.0
u_6196,0.0,-1,0.0,,
u_6197,0.005375135947055055,2962,0.0,0.051,0.0
u_6198,0.04589917036935201,2140,0.0,0.441,0.0
u_6199,0.04570335484854379,3694,0.0,0.787,0.0
u_6200,0.00039357668485366973,148,0.0,0.004,0.0
u_6201,0.0,-1,0.0,,
u_6202,0.043034914056465874,5886,0.0,0.787,0.0
u_6203,0.0003354676539515015,1642,0.0,0.006,0.0
u_6204,0.016842450188510206,2410,0.0,0.16,0.0
u_6205,0.08417531978986129,4261,0.0,0.787,0.0
u_6206,0.0,-1,0.0,,
u_6207,0.043034914056465874,1331,0.0,0.787,0.0
u_6208,0.043034914056465874,5887,0.0,0.787,0.0
u_6209,0.0,-1,0.0,,
u_6210,0.043034914056465874,3699,0.0,0.787,0.0
u_6211,0.04049150095503233,103,0.0,0.787,0.0
u_6212,0.043034914056465874,2380,0.0,0.787,0.0
u_6213,0.0,-1,0.0,,
u_6214,0.08417531978986129,4907,0.0,0.787,0.0
u_6215,0.04437038964599465,4628,0.0,0.787,0.0
u_6216,0.0,-1,0.0,,
u_6217,0.043034914056465874,3060,0.0,0.787,0.0
u_6218,0.0,-1,0.0,,
u_6219,0.0,-1,0.0,,
u_6220,0.0,-1,0.0,,
u_6221,0.0007043079137398364,2460,0.0,0.013,0.0
u_6222,0.0009404858581225146,907,0.0,0.018,0.0
u_6223,0.0,-1,0.0,,
u_6224,0.042605659880225695,358,0.0,0.787,0.0
u_6225,0.041242912118754936,2673,0.0,0.787,0.0
u_6226,0.08417531978986129,4908,0.0,0.787,0.0
u_6227,0.0,-1,0.0,,
u_6228,0.007744224771590337,3847,0.0,0.142,0.0
u_6229,0.043034914056465874,3929,0.0,0.787,0.0
u_6230,0.0,-1,0.0,,
u_6231,0.004900967126930061,537,0.0,0.091,0.0
u_6232,0.0004444886835985782,2154,0.0,0.008,0.0
u_6233,9.994482615745673e-05,1070,0.0,0.002,0.0
u_6234,0.043034914056465874,1402,0.0,0.787,0.0
u_6235,0.0,-1,0.0,,
u_6236,0.05095658295162811,4709,0.0,0.931,0.0
u_6237,0.0,-1,0.0,,
u_6238,0.001783849126096108,2619,0.0,0.017,0.0
u_6239,0.008056121016524111,1788,0.0,0.157,0.0
u_6240,0.035022968615812354,24,0.0,0.334,0.0
u_6241,0.0,-1,0.0,,
u_6242,0.043034914056465874,4661,0.0,0.787,0.0
u_6243,0.04935715214184617,280,0.0,0.461,0.0
u_6244,0.0008297221520304748,2116,0.0,0.008,0.0
u_6245,0.0,-1,0.0,,
u_6246,0.03173164202094212,4514,0.0,0.58,0.0
u_6247,0.0,-1,0.0,,
u_6248,0.0,-1,0.0,,
u_6249,0.043034914056465874,4909,0.0,0.787,0.0
u_6250,0.0,-1,0.0,,
u_6251,0.0841665480426329,3788,0.0,0.787,0.0
u_6252,0.00023621593910430508,1168,0.0,0.002,0.0
u_6253,0.043034914056465874,3833,0.0,0.787,0.0
u_6254,0.000468956722087511,358,0.0,0.009,0.0
u_6255,0.040273101568285036,720,0.0,0.787,0.0
u_6256,0.08236630710979355,4910,0.0,0.787,0.0
u_6257,0.0,-1,0.0,,
u_6258,0.05273972427687483,1683,0.0,0.978,0.0
u_6259,0.12157571076058524,965,0.0,0.787,0.0
u_6260,0.0,-1,0.0,,
u_6261,0.043034914056465874,3073,0.0,0.787,0.0
u_6262,0.0,-1,0.0,,
u_6263,0.00011859443861470759,1162,0.0,0.002,0.0
u_6264,0.0008546885962357178,1794,0.0,0.008,0.0
u_6265,0.0,-1,0.0,,
u_6266,0.0,-1,0.0,,
u_6267,4.629531472579206e-05,175,0.0,0.001,0.0
u_6268,6.930318107535168e-05,636,0.0,0.001,0.0
u_6269,8.443685890734716e-05,137,0.0,0.002,0.0
u_6270,0.0005147961436823454,280,0.0,0.005,0.0
u_6271,0.043034914056465874,1556,0.0,0.787,0.0
u_6272,4.115808826347865e-05,10,0.0,0.001,0.0
u_6273,0.043034914056465874,4101,0.0,0.787,0.0
u_6274,0.002016281574786012,3095,0.0,0.037,0.0
u_6275,0.043034914056465874,4911,0.0,0.787,0.0
u_6276,0.0,-1,0.0,,
u_6277,0.011691335499839311,4057,0.0,0.214,0.0
u_6278,0.004467239337445925,3556,0.0,0.082,0.0
u_6279,0.0,-1,0.0,,
u_6280,0.0,-1,0.0,,
u_6281,0.043034914056465874,5888,0.0,0.787,0.0
u_6282,0.0,-1,0.0,,
u_6283,0.0007042904125477254,2459,0.0,0.013,0.0
u_6284,0.003973046442417029,523,0.0,0.025,0.0
u_6285,0.0,-1,0.0,,
u_6286,0.0,-1,0.0,,
u_6287,0.04147069678299114,3338,0.0,0.787,0.0
u_6288,0.043034914056465874,4912,0.0,0.787,0.0
u_6289,0.0034693631936403334,3416,0.0,0.063,0.0
u_6290,0.0,-1,0.0,,
u_6291,0.043034914056465874,4913,0.0,0.787,0.0
u_6292,0.0,-1,0.0,,
u_6293,0.043034914056465874,5889,0.0,0.787,0.0
u_6294,0.0,-1,0.0,,
u_6295,0.0,-1,0.0,,
u_6296,0.01071695701435944,7,0.0,0.103,0.0
u_6297,0.0,-1,0.0,,
u_6298,0.043781756779354725,118,0.0,0.787,0.0
u_6299,0.0,-1,0.0,,
u_6300,0.042506380873159194,1212,0.0,0.787,0.0
u_6301,0.0592318205621924,3633,0.0,0.558,0.0
u_6302,0.0,-1,0.0,,
u_6303,0.0,-1,0.0,,
u_6304,0.0,-1,0.0,,
u_6305,0.08236630710979355,4914,0.0,0.787,0.0
u_6306,0.0,-1,0.0,,
u_6307,0.043034914056465874,4915,0.0,0.787,0.0
u_6308,0.0,-1,0.0,,
u_6309,0.0,-1,0.0,,
u_6310,0.00013499721326338033,1257,0.0,0.002,0.0
u_6311,0.043034914056465874,992,0.0,0.787,0.0
u_6312,0.03989080934975639,3087,0.0,0.787,0.0
u_6313,0.0003017869492468058,87,0.0,0.003,0.0
u_6314,0.0,-1,0.0,,
u_6315,0.0025137896641345735,1524,0.0,0.024,0.0
u_6316,0.0,-1,0.0,,
u_6317,0.0,-1,0.0,,
u_6318,0.08619698038695132,629,0.0,0.787,0.0
u_6319,0.044445503772596415,2363,0.0,0.787,0.0
u_6320,0.03872167363706369,1247,0.0,0.704,0.0
u_6321,0.04476028453697448,1040,0.0,0.787,0.0
u_6322,0.002436386878374009,168,0.0,0.016,0.0
u_6323,0.0,-1,0.0,,
u_6324,0.0030474879953515453,238,0.0,0.014,0.0
u_6325,0.0007865810387728785,2526,0.0,0.014,0.0
u_6326,0.08189385884332225,2111,0.0,0.787,0.0
u_6327,0.002314751760851173,316,0.0,0.044,0.0
u_6328,0.04190335225570898,2233,0.0,0.787,0.0
u_6329,0.004547683869900647,1452,0.0,0.089,0.0
u_6330,0.0009079914528786525,2613,0.0,0.017,0.0
u_6331,0.0,-1,0.0,,
u_6332,0.04302414660149484,3192,0.0,0.787,0.0
u_6333,0.0,-1,0.0,,
u_6334,0.0,-1,0.0,,
u_6335,0.0,-1,0.0,,
u_6336,0.043034914056465874,2050,0.0,0.787,0.0
u_6337,0.0,-1,0.0,,
u_6338,0.0,-1,0.0,,
u_6339,0.03998849613223714,332,0.0,0.787,0.0
u_6340,0.0004681490604610844,2183,0.0,0.009,0.0
u_6341,0.0,-1,0.0,,
u_6342,0.0,-1,0.0,,
u_6343,0.0,-1,0.0,,
u_6344,0.043034914056465874,4573,0.0,0.787,0.0
u_6345,0.0003620086249021247,2012,0.0,0.007,0.0
u_6346,0.0009834252636480932,83,0.0,0.019,0.0
u_6347,0.04403825478723379,2509,0.0,0.787,0.0
u_6348,0.0006113140618699399,61,0.0,0.012,0.0
u_6349,0.0,-1,0.0,,
u_6350,0.043034914056465874,5890,0.0,0.787,0.0
u_6351,0.0,-1,0.0,,
u_6352,0.0,-1,0.0,,
u_6353,0.08417531978986129,2796,0.0,0.787,0.0
u_6354,4.247536331467585e-05,60,0.0,0.001,0.0
u_6355,0.0,-1,0.0,,
u_6356,0.043034914056465874,4906,0.0,0.787,0.0
u_6357,0.0,-1,0.0,,
u_6358,0.019792165861040493,4277,0.0,0.362,0.0
u_6359,0.0,-1,0.0,,
u_6360,0.043034914056465874,3755,0.0,0.787,0.0
u_6361,0.043034914056465874,706,0.0,0.787,0.0
u_6362,0.043034914056465874,4325,0.0,0.787,0.0
u_6363,0.0,-1,0.0,,
u_6364,0.04436848905599671,4159,0.0,0.787,0.0
u_6365,0.0,-1,0.0,,
u_6366,0.0,-1,0.0,,
u_6367,0.0,-1,0.0,,
u_6368,0.0,-1,0.0,,
u_6369,0.08417531978986129,2371,0.0,0.787,0.0
u_6370,0.0013975340306615228,988,0.0,0.027,0.0
u_6371,0.0031081230501684718,2984,0.0,0.029,0.0
u_6372,0.0,-1,0.0,,
u_6373,0.0,-1,0.0,,
u_6374,0.04853723322982856,4689,0.0,0.887,0.0
u_6375,0.04033974529848423,797,0.0,0.787,0.0
u_6376,0.04142594355768969,5331,0.0,0.787,0.0
u_6377,0.043034914056465874,5891,0.0,0.787,0.0
u_6378,0.0,-1,0.0,,
u_6379,0.043034914056465874,1655,0.0,0.787,0.0
u_6380,0.0,-1,0.0,,
u_6381,0.0,-1,0.0,,
u_6382,0.043034914056465874,2756,0.0,0.787,0.0
u_6383,0.043034914056465874,4916,0.0,0.787,0.0
u_6384,0.04277350095433918,2476,0.0,0.787,0.0
u_6385,0.0,-1,0.0,,
u_6386,0.0,-1,0.0,,
u_6387,0.0,-1,0.0,,
u_6388,0.00044420723769978765,1674,0.0,0.004,0.0
u_6389,0.03988756400755338,1332,0.0,0.787,0.0
u_6390,0.0,-1,0.0,,
u_6391,0.0,-1,0.0,,
u_6392,0.043034914056465874,4917,0.0,0.787,0.0
u_6393,0.0,-1,0.0,,
u_6394,0.0012711908058380128,2411,0.0,0.012,0.0
u_6395,0.04332240824044924,695,0.0,0.787,0.0
u_6396,0.0,-1,0.0,,
u_6397,0.00032599480583770014,1879,0.0,0.006,0.0
u_6398,0.08569136386762768,1021,0.0,0.826,0.0
u_6399,0.043034914056465874,1939,0.0,0.787,0.0
u_6400,0.04306303291005001,1775,0.0,0.787,0.0
u_6401,0.08347086653733046,4918,0.0,0.787,0.0
u_6402,0.0,-1,0.0,,
u_6403,0.08417531978986129,4187,0.0,0.787,0.0
u_6404,0.043034914056465874,2598,0.0,0.787,0.0
u_6405,0.00014422120270765398,564,0.0,0.001,0.0
u_6406,0.0,-1,0.0,,
u_6407,0.010599665360873306,4013,0.0,0.194,0.0
u_6408,0.0,-1,0.0,,
u_6409,0.042130407716432006,4919,0.0,0.787,0.0
u_6410,0.043034914056465874,5892,0.0,0.787,0.0
u_6411,0.0,-1,0.0,,
u_6412,0.0,-1,0.0,,
u_6413,0.040220034350477996,1071,0.0,0.787,0.0
u_6414,0.0,-1,0.0,,
u_6415,0.043034914056465874,1544,0.0,0.787,0.0
u_6416,0.0,-1,0.0,,
u_6417,0.0,-1,0.0,,
u_6418,0.043034914056465874,3761,0.0,0.787,0.0
u_6419,0.08250457211640486,1032,0.0,0.787,0.0
u_6420,0.0022985301233208535,574,0.0,0.021,0.0
u_6421,0.0,-1,0.0,,
u_6422,0.0,-1,0.0,,
u_6423,0.03988799566598756,619,0.0,0.787,0.0
u_6424,0.08239587732982918,2898,0.0,0.787,0.0
u_6425,0.0,-1,0.0,,
u_6426,0.001887844564268638,2658,0.0,0.018,0.0
u_6427,0.0,-1,0.0,,
u_6428,0.0,-1,0.0,,
u_6429,0.0,-1,0.0,,
u_6430,0.03989124023135184,1972,0.0,0.787,0.0
u_6431,0.0,-1,0.0,,
u_6432,0.043034914056465874,4920,0.0,0.787,0.0
u_6433,0.0,-1,0.0,,
u_6434,0.0,-1,0.0,,
u_6435,0.0,-1,0.0,,
u_6436,0.00018040831630441822,1107,0.0,0.003,0.0
u_6437,0.0,-1,0.0,,
u_6438,0.049509056239659996,4698,0.0,0.905,0.0
u_6439,0.0,-1,0.0,,
u_6440,9.921308316416788e-05,1018,0.0,0.002,0.0
u_6441,0.0,-1,0.0,,
u_6442,0.0409682504142259,7,0.0,0.798,0.0
u_6443,0.03989969585198692,2787,0.0,0.787,0.0
u_6444,0.0,-1,0.0,,
u_6445,0.0,-1,0.0,,
u_6446,0.0,-1,0.0,,
u_6447,0.0,-1,0.0,,
u_6448,0.0,-1,0.0,,
u_6449,0.0,-1,0.0,,
u_6450,0.04353698988673789,113,0.0,0.787,0.0
u_6451,0.0,-1,0.0,,
u_6452,0.0,-1,0.0,,
u_6453,0.0,-1,0.0,,
u_6454,0.043034914056465874,5893,0.0,0.787,0.0
u_6455,0.0,-1,0.0,,
u_6456,0.0,-1,0.0,,
u_6457,0.0,-1,0.0,,
u_6458,0.0,-1,0.0,,
u_6459,0.0,-1,0.0,,
u_6460,0.043034914056465874,4921,0.0,0.787,0.0
u_6461,0.05321102860253294,168,0.0,0.787,0.0
u_6462,0.043034914056465874,4062,0.0,0.787,0.0
u_6463,0.0,-1,0.0,,
u_6464,0.08545208140238007,318,0.0,0.787,0.0
u_6465,0.0010392560859048168,2698,0.0,0.019,0.0
u_6466,0.01165332336490976,4054,0.0,0.213,0.0
u_6467,0.0,-1,0.0,,
u_6468,0.0,-1,0.0,,
u_6469,0.0,-1,0.0,,
u_6470,0.04045219967332849,99,0.0,0.787,0.0
u_6471,0.0,-1,0.0,,
u_6472,0.0,-1,0.0,,
u_6473,0.04289701589192418,1164,0.0,0.787,0.0
u_6474,0.003918065477337093,3481,0.0,0.072,0.0
u_6475,0.043034914056465874,4922,0.0,0.787,0.0
u_6476,0.04308556035146689,2880,0.0,0.787,0.0
u_6477,0.042901296901328746,395,0.0,0.787,0.0
u_6478,0.0,-1,0.0,,
u_6479,0.0,-1,0.0,,
u_6480,0.0,-1,0.0,,
u_6481,0.043034914056465874,1612,0.0,0.787,0.0
u_6482,0.041371180894577135,2026,0.0,0.787,0.0
u_6483,9.67217563922219e-05,1043,0.0,0.002,0.0
u_6484,0.0,-1,0.0,,
u_6485,0.0,-1,0.0,,
u_6486,0.043034914056465874,2169,0.0,0.787,0.0
u_6487,0.0,-1,0.0,,
u_6488,0.0,-1,0.0,,
u_6489,0.0,-1,0.0,,
u_6490,0.0,-1,0.0,,
u_6491,0.043635055287926286,95,0.0,0.787,0.0
u_6492,0.043034914056465874,891,0.0,0.787,0.0
u_6493,0.0,-1,0.0,,
u_6494,0.0,-1,0.0,,
u_6495,0.0,-1,0.0,,
u_6496,0.0,-1,0.0,,
u_6497,0.0,-1,0.0,,
u_6498,0.043034914056465874,4778,0.0,0.787,0.0
u_6499,0.04362280858642207,1702,0.0,0.787,0.0
u_6500,0.007042366784344352,161,0.0,0.137,0.0
u_6501,0.0,-1,0.0,,
u_6502,0.0005986754608942598,1426,0.0,0.006,0.0
u_6503,0.0,-1,0.0,,
u_6504,0.0,-1,0.0,,
u_6505,0.0,-1,0.0,,
u_6506,0.043034914056465874,5894,0.0,0.787,0.0
u_6507,0.0,-1,0.0,,
u_6508,0.0,-1,0.0,,
u_6509,0.0,-1,0.0,,
u_6510,0.0,-1,0.0,,
u_6511,0.0,-1,0.0,,
u_6512,0.0,-1,0.0,,
u_6513,0.043034914056465874,4923,0.0,0.787,0.0
u_6514,0.0,-1,0.0,,
u_6515,0.008535251921083203,3901,0.0,0.156,0.0
u_6516,0.043034914056465874,4680,0.0,0.787,0.0
u_6517,0.001211777690364299,2792,0.0,0.022,0.0
u_6518,0.0,-1,0.0,,
u_6519,0.0,-1,0.0,,
u_6520,0.0,-1,0.0,,
u_6521,0.0,-1,0.0,,
u_6522,0.009052906683369551,2819,0.0,0.083,0.0
u_6523,0.0,-1,0.0,,
u_6524,0.0,-1,0.0,,
u_6525,0.0,-1,0.0,,
u_6526,0.0,-1,0.0,,
u_6527,0.0,-1,0.0,,
u_6528,0.0,-1,0.0,,
u_6529,0.009289502097160384,3949,0.0,0.17,0.0
u_6530,0.0,-1,0.0,,
u_6531,0.04199690329576529,441,0.0,0.787,0.0
u_6532,0.0028316539642622898,118,0.0,0.018,0.0
u_6533,0.023574718224746882,4356,0.0,0.431,0.0
u_6534,0.00011011765238496228,112,0.0,0.001,0.0
u_6535,0.00016284374886841045,919,0.0,0.003,0.0
u_6536,0.0,-1,0.0,,
u_6537,0.0,-1,0.0,,
u_6538,0.042130407716432006,4924,0.0,0.787,0.0
u_6539,0.043034914056465874,2151,0.0,0.787,0.0
u_6540,0.043034914056465874,5895,0.0,0.787,0.0
u_6541,0.0,-1,0.0,,
u_6542,0.043034914056465874,3446,0.0,0.787,0.0
u_6543,0.0004875090013424738,1122,0.0,0.003,0.0
u_6544,0.009553240611922788,3610,0.0,0.089,0.0
u_6545,0.0002110739983121287,678,0.0,0.001,0.0
u_6546,0.0,-1,0.0,,
u_6547,0.0014973235131861846,784,0.0,0.028,0.0
u_6548,0.0,-1,0.0,,
u_6549,0.03988757233550506,564,0.0,0.787,0.0
u_6550,0.0,-1,0.0,,
u_6551,0.0,-1,0.0,,
u_6552,0.0,-1,0.0,,
u_6553,0.0,-1,0.0,,
u_6554,0.0398877348482557,991,0.0,0.787,0.0
u_6555,0.0,-1,0.0,,
u_6556,0.043034914056465874,5896,0.0,0.787,0.0
u_6557,0.043034914056465874,5897,0.0,0.787,0.0
u_6558,0.0,-1,0.0,,
u_6559,0.013503898503038559,4112,0.0,0.247,0.0
u_6560,0.0,-1,0.0,,
u_6561,0.043034914056465874,4925,0.0,0.787,0.0
u_6562,0.043034914056465874,4215,0.0,0.787,0.0
u_6563,0.043034914056465874,3426,0.0,0.787,0.0
u_6564,0.043034914056465874,2248,0.0,0.787,0.0
u_6565,0.0,-1,0.0,,
u_6566,0.00010705343470404749,61,0.0,0.002,0.0
u_6567,0.0008083383928998016,2565,0.0,0.015,0.0
u_6568,0.0,-1,0.0,,
u_6569,0.043034914056465874,5898,0.0,0.787,0.0
u_6570,0.0,-1,0.0,,
u_6571,0.04075283706574413,4462,0.0,0.787,0.0
u_6572,0.0,-1,0.0,,
u_6573,0.03988794851792398,75,0.0,0.787,0.0
u_6574,0.0,-1,0.0,,
u_6575,0.0,-1,0.0,,
u_6576,0.0,-1,0.0,,
u_6577,0.04102539807446836,350,0.0,0.787,0.0
u_6578,0.04512757710424398,3799,0.0,0.787,0.0
u_6579,0.0,-1,0.0,,
u_6580,0.0,-1,0.0,,
u_6581,0.0,-1,0.0,,
u_6582,0.0,-1,0.0,,
u_6583,0.04138146854959543,1371,0.0,0.787,0.0
u_6584,0.08417531978986129,1700,0.0,0.787,0.0
u_6585,0.08163903206831999,2926,0.0,0.787,0.0
u_6586,0.07922036669995317,919,0.0,0.787,0.0
u_6587,0.0,-1,0.0,,
u_6588,0.0,-1,0.0,,
u_6589,0.0,-1,0.0,,
u_6590,0.043034914056465874,4926,0.0,0.787,0.0
u_6591,0.043034914056465874,3811,0.0,0.787,0.0
u_6592,0.0011751565291129363,1332,0.0,0.008,0.0
u_6593,0.0007893023694596885,2528,0.0,0.014,0.0
u_6594,0.007384446385408758,1115,0.0,0.132,0.0
u_6595,0.0008576884432368611,1537,0.0,0.016,0.0
u_6596,0.0,-1,0.0,,
u_6597,0.042323034579291575,222,0.0,0.787,0.0
u_6598,0.07922008085251417,53,0.0,0.787,0.0
u_6599,0.0,-1,0.0,,
u_6600,0.0,-1,0.0,,
u_6601,0.04672678924770414,176,0.0,0.787,0.0
u_6602,0.0,-1,0.0,,
u_6603,0.043034914056465874,4927,0.0,0.787,0.0
u_6604,0.00017328656566176212,902,0.0,0.002,0.0
u_6605,0.0,-1,0.0,,
u_6606,0.0,-1,0.0,,
u_6607,0.024301533781544225,4371,0.0,0.444,0.0
u_6608,0.043034914056465874,4928,0.0,0.787,0.0
u_6609,0.0014151863634360323,2915,0.0,0.026,0.0
u_6610,0.12310396149917356,222,0.0,0.787,0.0
u_6611,0.00275877085422545,3271,0.0,0.05,0.0
u_6612,0.0,-1,0.0,,
u_6613,0.03988777731136235,867,0.0,0.787,0.0
u_6614,0.0,-1,0.0,,
u_6615,0.000820854958108555,2110,0.0,0.008,0.0
u_6616,0.1253157255232567,4454,0.0,0.787,0.0
u_6617,0.0,-1,0.0,,
u_6618,0.0413232783485376,1166,0.0,0.787,0.0
u_6619,0.0,-1,0.0,,
u_6620,0.0020822643962445453,980,0.0,0.02,0.0
u_6621,0.043034914056465874,4929,0.0,0.787,0.0
u_6622,0.0,-1,0.0,,
u_6623,0.043034914056465874,4774,0.0,0.787,0.0
u_6624,0.04030916806686358,4606,0.0,0.737,0.0
u_6625,0.0,-1,0.0,,
u_6626,0.008900648197684647,3924,0.0,0.163,0.0
u_6627,0.0,-1,0.0,,
u_6628,0.0,-1,0.0,,
u_6629,0.08177306157044384,222,0.0,0.787,0.0
u_6630,0.08170077131712558,963,0.0,0.787,0.0
u_6631,0.001881407966595053,3039,0.0,0.033,0.0
u_6632,0.029522754202630487,797,0.0,0.281,0.0
u_6633,0.0,-1,0.0,,
u_6634,0.0,-1,0.0,,
u_6635,0.00010678382782331537,373,0.0,0.001,0.0
u_6636,0.048459296504438344,332,0.0,0.309,0.0
u_6637,0.08393951082698911,307,0.0,0.785,0.0
u_6638,0.035326767383326754,4563,0.0,0.646,0.0
u_6639,0.0,-1,0.0,,
u_6640,0.043034914056465874,5899,0.0,0.787,0.0
u_6641,0.0,-1,0.0,,
u_6642,0.0,-1,0.0,,
u_6643,0.043034914056465874,751,0.0,0.787,0.0
u_6644,0.0030051048624050764,477,0.0,0.029,0.0
u_6645,0.0433537214594222,391,0.0,0.787,0.0
u_6646,0.0,-1,0.0,,
u_6647,0.0009534932422502362,2688,0.0,0.019,0.0
u_6648,0.043034914056465874,2036,0.0,0.787,0.0
u_6649,0.0,-1,0.0,,
u_6650,0.08417531978986129,784,0.0,0.787,0.0
u_6651,0.040864108492563854,3954,0.0,0.787,0.0
u_6652,0.0,-1,0.0,,
u_6653,0.0,-1,0.0,,
u_6654,0.0,-1,0.0,,
u_6655,0.0,-1,0.0,,
u_6656,9.203855709008041e-05,975,0.0,0.002,0.0
u_6657,0.01436534916991662,212,0.0,0.09,0.0
u_6658,0.04006745219556688,22,0.0,0.787,0.0
u_6659,0.0,-1,0.0,,
u_6660,0.043034914056465874,5900,0.0,0.787,0.0
u_6661,0.0,-1,0.0,,
u_6662,0.0,-1,0.0,,
u_6663,0.08417531978986129,2751,0.0,0.787,0.0
u_6664,0.043034914056465874,257,0.0,0.787,0.0
u_6665,4.916932141547808e-05,243,0.0,0.001,0.0
u_6666,0.0,-1,0.0,,
u_6667,0.04436808259272443,4346,0.0,0.787,0.0
u_6668,0.0,-1,0.0,,
u_6669,0.0,-1,0.0,,
u_6670,0.08417531978986129,3400,0.0,0.787,0.0
u_6671,0.043034914056465874,4930,0.0,0.787,0.0
u_6672,0.006504173399670044,861,0.0,0.06,0.0
u_6673,0.0,-1,0.0,,
u_6674,0.08417531978986129,750,0.0,0.787,0.0
u_6675,0.043034914056465874,3753,0.0,0.787,0.0
u_6676,6.93448052498237e-05,642,0.0,0.001,0.0
u_6677,0.0,-1,0.0,,
u_6678,0.0,-1,0.0,,
u_6679,0.042130407716432006,4931,0.0,0.787,0.0
u_6680,0.0,-1,0.0,,
u_6681,0.0,-1,0.0,,
u_6682,0.043623940981607226,30,0.0,0.787,0.0
u_6683,0.03448028556626065,2166,0.0,0.163,0.0
u_6684,0.013492761220766652,4104,0.0,0.239,0.0
u_6685,0.08236432953754912,1423,0.0,0.787,0.0
u_6686,0.0005220891727356933,4,0.0,0.01,0.0
u_6687,0.008973952831919402,2191,0.0,0.163,0.0
u_6688,0.08220311608447085,668,0.0,0.787,0.0
u_6689,0.0,-1,0.0,,
u_6690,0.00019316726857888402,475,0.0,0.001,0.0
u_6691,0.0,-1,0.0,,
u_6692,0.0,-1,0.0,,
u_6693,0.0,-1,0.0,,
u_6694,0.0002658438606563181,1788,0.0,0.005,0.0
u_6695,0.0,-1,0.0,,
u_6696,0.043034914056465874,3830,0.0,0.787,0.0
u_6697,0.0036957217095459115,1144,0.0,0.036,0.0
u_6698,0.0,-1,0.0,,
u_6699,0.0036885705151889652,168,0.0,0.07,0.0
u_6700,0.0,-1,0.0,,
u_6701,0.0,-1,0.0,,
u_6702,0.04217313413562241,1107,0.0,0.771,0.0
u_6703,0.0032042917601786186,3366,0.0,0.059,0.0
u_6704,4.719567823451382e-05,188,0.0,0.001,0.0
u_6705,0.07917565969444335,807,0.0,0.74,0.0
u_6706,0.042908966906274396,650,0.0,0.787,0.0
u_6707,0.0,-1,0.0,,
u_6708,0.043034914056465874,4527,0.0,0.787,0.0
u_6709,0.0,-1,0.0,,
u_6710,0.0,-1,0.0,,
u_6711,0.043034914056465874,3025,0.0,0.787,0.0
u_6712,0.0,-1,0.0,,
u_6713,0.001199281586423378,1763,0.0,0.011,0.0
u_6714,0.08267523768121662,49,0.0,0.787,0.0
u_6715,0.0,-1,0.0,,
u_6716,0.0,-1,0.0,,
u_6717,0.00024674913245729523,1628,0.0,0.005,0.0
u_6718,0.0,-1,0.0,,
u_6719,0.0,-1,0.0,,
u_6720,0.0,-1,0.0,,
u_6721,0.017606788760087918,3823,0.0,0.325,0.0
u_6722,0.04301064237691096,1266,0.0,0.787,0.0
u_6723,0.12170209108215528,925,0.0,0.787,0.0
u_6724,0.0,-1,0.0,,
u_6725,0.00024304320460405277,1707,0.0,0.004,0.0
u_6726,0.0008274566109417421,1446,0.0,0.016,0.0
u_6727,0.0,-1,0.0,,
u_6728,0.0,-1,0.0,,
u_6729,0.0,-1,0.0,,
u_6730,0.0,-1,0.0,,
u_6731,0.043034914056465874,2515,0.0,0.787,0.0
u_6732,0.043034914056465874,3031,0.0,0.787,0.0
u_6733,0.0,-1,0.0,,
u_6734,0.0034980385074064773,916,0.0,0.066,0.0
u_6735,0.0,-1,0.0,,
u_6736,0.0,-1,0.0,,
u_6737,0.02166224382212732,4318,0.0,0.39,0.0
u_6738,0.00012695808574622098,4,0.0,0.001,0.0
u_6739,0.0014178798954885606,2475,0.0,0.013,0.0
u_6740,0.08417531978986129,4932,0.0,0.787,0.0
u_6741,0.043034914056465874,4933,0.0,0.787,0.0
u_6742,0.0014042163389226061,89,0.0,0.009,0.0
u_6743,0.08417531978986129,3809,0.0,0.787,0.0
u_6744,0.0,-1,0.0,,
u_6745,0.03989059156362322,2067,0.0,0.787,0.0
u_6746,0.043034914056465874,340,0.0,0.787,0.0
u_6747,0.0,-1,0.0,,
u_6748,0.0001700939573628005,1444,0.0,0.003,0.0
u_6749,0.043034914056465874,5901,0.0,0.787,0.0
u_6750,0.043034914056465874,448,0.0,0.787,0.0
u_6751,0.0,-1,0.0,,
u_6752,0.0,-1,0.0,,
u_6753,0.0,-1,0.0,,
u_6754,0.043034914056465874,4723,0.0,0.787,0.0
u_6755,0.08236630710979355,4856,0.0,0.787,0.0
u_6756,0.039900312481462294,2214,0.0,0.787,0.0
u_6757,0.039888945739276746,77,0.0,0.787,0.0
u_6758,0.001457933859696747,25,0.0,0.014,0.0
u_6759,0.0,-1,0.0,,
u_6760,0.15053965210197534,3234,0.0,0.945,0.0
u_6761,0.03988881711318746,4576,0.0,0.787,0.0
u_6762,0.0017053765007843942,162,0.0,0.034,0.0
u_6763,0.043034914056465874,4934,0.0,0.787,0.0
u_6764,0.043034914056465874,4935,0.0,0.787,0.0
u_6765,0.0,-1,0.0,,
u_6766,0.0035402114287177836,3433,0.0,0.065,0.0
u_6767,0.0,-1,0.0,,
u_6768,0.08417531978986129,1804,0.0,0.787,0.0
u_6769,0.01891301181264728,3974,0.0,0.177,0.0
u_6770,0.04171161546907227,2754,0.0,0.787,0.0
u_6771,0.0,-1,0.0,,
u_6772,0.0,-1,0.0,,
u_6773,0.0015659258202501978,2527,0.0,0.014,0.0
u_6774,0.0,-1,0.0,,
u_6775,0.0,-1,0.0,,
u_6776,0.0,-1,0.0,,
u_6777,0.12412025924391244,173,0.0,0.787,0.0
u_6778,0.043058286338041034,2009,0.0,0.787,0.0
u_6779,0.015826304427674,1788,0.0,0.294,0.0
u_6780,0.043034914056465874,5902,0.0,0.787,0.0
u_6781,0.0,-1,0.0,,
u_6782,0.0,-1,0.0,,
u_6783,0.04313326501836367,32,0.0,0.403,0.0
u_6784,0.0,-1,0.0,,
u_6785,0.0018681261385458693,829,0.0,0.009,0.0
u_6786,0.0003368110489199745,1453,0.0,0.003,0.0
u_6787,0.00014331211152691933,551,0.0,0.002,0.0
u_6788,0.043034914056465874,2568,0.0,0.787,0.0
u_6789,0.0,-1,0.0,,
u_6790,0.0,-1,0.0,,
u_6791,0.08236630710979355,4849,0.0,0.787,0.0
u_6792,0.043034914056465874,3567,0.0,0.787,0.0
u_6793,0.0,-1,0.0,,
u_6794,0.0,-1,0.0,,
u_6795,0.12321119571411564,964,0.0,0.787,0.0
u_6796,0.042130407716432006,4936,0.0,0.787,0.0
u_6797,0.0008440037908417395,377,0.0,0.016,0.0
u_6798,0.0,-1,0.0,,
u_6799,0.0017427397976286418,1214,0.0,0.032,0.0
u_6800,0.04084955209187162,449,0.0,0.787,0.0
u_6801,0.0,-1,0.0,,
u_6802,0.043034914056465874,3950,0.0,0.787,0.0
u_6803,0.03988939090030089,1130,0.0,0.787,0.0
u_6804,0.0,-1,0.0,,
u_6805,0.008292858185573772,3883,0.0,0.152,0.0
u_6806,0.008535553513487105,3902,0.0,0.156,0.0
u_6807,0.0,-1,0.0,,
u_6808,0.0,-1,0.0,,
u_6809,0.0022083658594412654,1309,0.0,0.014,0.0
u_6810,0.0014786734925240417,2934,0.0,0.027,0.0
u_6811,0.043034914056465874,3519,0.0,0.787,0.0
u_6812,0.0,-1,0.0,,
u_6813,0.034042148876874734,89,0.0,0.164,0.0
u_6814,0.0,-1,0.0,,
u_6815,0.0,-1,0.0,,
u_6816,0.0,-1,0.0,,
u_6817,0.0,-1,0.0,,
u_6818,0.0,-1,0.0,,
u_6819,0.040715182542946995,223,0.0,0.787,0.0
u_6820,0.0,-1,0.0,,
u_6821,0.0,-1,0.0,,
u_6822,0.03988754304953351,678,0.0,0.787,0.0
u_6823,0.0,-1,0.0,,
u_6824,0.060709909983457384,5,0.0,0.57,0.0
u_6825,0.043034914056465874,5903,0.0,0.787,0.0
u_6826,0.0,-1,0.0,,
u_6827,0.0005576496681393518,419,0.0,0.01,0.0
u_6828,0.043034914056465874,2706,0.0,0.787,0.0
u_6829,0.0534779050321004,4734,0.0,0.978,0.0
u_6830,0.08417531978986129,520,0.0,0.787,0.0
u_6831,0.043034914056465874,1826,0.0,0.787,0.0
u_6832,0.0028431935872271466,207,0.0,0.054,0.0
u_6833,0.08238764858035276,896,0.0,0.787,0.0
u_6834,0.0,-1,0.0,,
u_6835,0.0,-1,0.0,,
u_6836,0.04043595201108846,225,0.0,0.787,0.0
u_6837,0.0,-1,0.0,,
u_6838,0.023332064316836952,2805,0.0,0.421,0.0
u_6839,0.043034914056465874,4937,0.0,0.787,0.0
u_6840,0.0,-1,0.0,,
u_6841,0.0,-1,0.0,,
u_6842,0.02788430799145297,21,0.0,0.273,0.0
u_6843,0.0,-1,0.0,,
u_6844,0.08112295321621121,2259,0.0,0.787,0.0
u_6845,0.043034914056465874,4439,0.0,0.787,0.0
u_6846,0.0,-1,0.0,,
u_6847,0.0,-1,0.0,,
u_6848,0.0018178116971719214,3037,0.0,0.033,0.0
u_6849,0.0,-1,0.0,,
u_6850,0.04409007423151994,2871,0.0,0.787,0.0
u_6851,0.0,-1,0.0,,
u_6852,0.00012884211437567584,1215,0.0,0.002,0.0
u_6853,0.0,-1,0.0,,
u_6854,0.0,-1,0.0,,
u_6855,0.0,-1,0.0,,
u_6856,0.004793576176060336,853,0.0,0.045,0.0
u_6857,0.043034914056465874,4938,0.0,0.787,0.0
u_6858,0.043034914056465874,3413,0.0,0.787,0.0
u_6859,0.0,-1,0.0,,
u_6860,0.0,-1,0.0,,
u_6861,0.0,-1,0.0,,
u_6862,0.007059644656443852,3798,0.0,0.129,0.0
u_6863,0.04855898069261584,4690,0.0,0.888,0.0
u_6864,0.004890922826672858,2622,0.0,0.088,0.0
u_6865,0.0,-1,0.0,,
u_6866,0.0,-1,0.0,,
u_6867,0.04463268593056977,363,0.0,0.787,0.0
u_6868,0.0,-1,0.0,,
u_6869,0.0,-1,0.0,,
u_6870,0.0,-1,0.0,,
u_6871,0.043034914056465874,783,0.0,0.787,0.0
u_6872,0.042935643520375745,4168,0.0,0.787,0.0
u_6873,0.043034914056465874,3360,0.0,0.787,0.0
u_6874,0.044743763680939935,2019,0.0,0.281,0.0
u_6875,0.0,-1,0.0,,
u_6876,4.898803133331733e-05,240,0.0,0.001,0.0
u_6877,0.043034914056465874,5904,0.0,0.787,0.0
u_6878,0.04077172684248775,1626,0.0,0.787,0.0
u_6879,0.0004939562735836083,358,0.0,0.005,0.0
u_6880,0.0,-1,0.0,,
u_6881,0.0,-1,0.0,,
u_6882,0.0,-1,0.0,,
u_6883,0.0,-1,0.0,,
u_6884,0.043034914056465874,4939,0.0,0.787,0.0
u_6885,0.0,-1,0.0,,
u_6886,0.041378634534854616,995,0.0,0.787,0.0
u_6887,0.0,-1,0.0,,
u_6888,0.03664112610706862,1524,0.0,0.348,0.0
u_6889,0.0,-1,0.0,,
u_6890,0.0,-1,0.0,,
u_6891,0.0,-1,0.0,,
u_6892,0.04296201490295371,22,0.0,0.787,0.0
u_6893,0.00829062837488784,1214,0.0,0.161,0.0
u_6894,0.0,-1,0.0,,
u_6895,0.0,-1,0.0,,
u_6896,0.043034914056465874,4940,0.0,0.787,0.0
u_6897,0.0,-1,0.0,,
u_6898,0.15275851875799076,341,0.0,0.732,0.0
u_6899,0.0,-1,0.0,,
u_6900,0.0,-1,0.0,,
u_6901,0.043034914056465874,3594,0.0,0.787,0.0
u_6902,0.043034914056465874,4941,0.0,0.787,0.0
u_6903,0.08236630710979355,5905,0.0,0.787,0.0
u_6904,0.0,-1,0.0,,
u_6905,0.0,-1,0.0,,
u_6906,0.0007573274834052827,1760,0.0,0.005,0.0
u_6907,5.5827550240286466e-05,470,0.0,0.001,0.0
u_6908,0.0,-1,0.0,,
u_6909,0.0013335662894141888,629,0.0,0.013,0.0
u_6910,0.0,-1,0.0,,
u_6911,0.0398910680144828,3224,0.0,0.787,0.0
u_6912,0.0012258563212329226,2398,0.0,0.012,0.0
u_6913,0.06840681156260628,4176,0.0,0.629,0.0
u_6914,0.0,-1,0.0,,
u_6915,0.0085201429584626,3543,0.0,0.08,0.0
u_6916,0.00431201660566149,1626,0.0,0.021,0.0
u_6917,0.0,-1,0.0,,
u_6918,0.0,-1,0.0,,
u_6919,0.0,-1,0.0,,
u_6920,0.00725260749664944,1122,0.0,0.141,0.0
u_6921,0.043034914056465874,3850,0.0,0.787,0.0
u_6922,0.0,-1,0.0,,
u_6923,0.0,-1,0.0,,
u_6924,0.0,-1,0.0,,
u_6925,0.12350720829192792,214,0.0,0.787,0.0
u_6926,0.0,-1,0.0,,
u_6927,0.03988838599737014,1943,0.0,0.787,0.0
u_6928,0.0794198952796261,168,0.0,0.787,0.0
u_6929,0.0,-1,0.0,,
u_6930,0.0,-1,0.0,,
u_6931,0.005523133002864841,3313,0.0,0.054,0.0
u_6932,0.0,-1,0.0,,
u_6933,0.0,-1,0.0,,
u_6934,0.0,-1,0.0,,
u_6935,0.0,-1,0.0,,
u_6936,0.0,-1,0.0,,
u_6937,0.0,-1,0.0,,
u_6938,0.08313714410111228,3616,0.0,0.787,0.0
u_6939,0.03988807157357395,174,0.0,0.787,0.0
u_6940,0.0,-1,0.0,,
u_6941,0.0,-1,0.0,,
u_6942,0.0,-1,0.0,,
u_6943,0.0,-1,0.0,,
u_6944,0.0,-1,0.0,,
u_6945,0.043034914056465874,3479,0.0,0.787,0.0
u_6946,0.0,-1,0.0,,
u_6947,0.0,-1,0.0,,
u_6948,0.0034656104583666745,3400,0.0,0.061,0.0
u_6949,0.0796294637234158,998,0.0,0.787,0.0
u_6950,0.08417531978986129,2911,0.0,0.787,0.0
u_6951,0.0,-1,0.0,,
u_6952,0.04139953893023755,222,0.0,0.787,0.0
u_6953,0.043280212398403115,2270,0.0,0.787,0.0
u_6954,0.0,-1,0.0,,
u_6955,0.000676982734140337,1971,0.0,0.006,0.0
u_6956,0.048203033490536965,377,0.0,0.301,0.0
u_6957,0.08417531978986129,2523,0.0,0.787,0.0
u_6958,0.0,-1,0.0,,
u_6959,0.03904399187095826,2375,0.0,0.359,0.0
u_6960,0.08230581136137691,4942,0.0,0.787,0.0
u_6961,0.0,-1,0.0,,
u_6962,0.0003498369587682243,1984,0.0,0.006,0.0
u_6963,0.0,-1,0.0,,
u_6964,0.04039226896516574,1343,0.0,0.787,0.0
u_6965,0.0,-1,0.0,,
u_6966,0.0,-1,0.0,,
u_6967,0.0,-1,0.0,,
u_6968,0.043034914056465874,3453,0.0,0.787,0.0
u_6969,0.08417531978986129,3729,0.0,0.787,0.0
u_6970,0.0,-1,0.0,,
u_6971,0.0,-1,0.0,,
u_6972,0.01950719497056546,243,0.0,0.369,0.0
u_6973,0.07922312178232167,391,0.0,0.787,0.0
u_6974,0.0009681237713108007,1388,0.0,0.019,0.0
u_6975,0.0,-1,0.0,,
u_6976,0.0,-1,0.0,,
u_6977,0.03988859796120596,2966,0.0,0.787,0.0
u_6978,0.07395116463910507,255,0.0,0.691,0.0
u_6979,0.0,-1,0.0,,
u_6980,0.0,-1,0.0,,
u_6981,0.08323337480169433,922,0.0,0.787,0.0
u_6982,0.043034914056465874,4943,0.0,0.787,0.0
u_6983,0.043034914056465874,3705,0.0,0.787,0.0
u_6984,0.0,-1,0.0,,
u_6985,0.0,-1,0.0,,
u_6986,0.08551358074182219,1530,0.0,0.787,0.0
u_6987,0.043034914056465874,3886,0.0,0.787,0.0
u_6988,0.0010979467348993892,88,0.0,0.011,0.0
u_6989,0.044373108006190695,3184,0.0,0.787,0.0
u_6990,0.0,-1,0.0,,
u_6991,0.0013135915140471072,2855,0.0,0.024,0.0
u_6992,0.0,-1,0.0,,
u_6993,0.0,-1,0.0,,
u_6994,0.08354241264437644,217,0.0,0.787,0.0
u_6995,0.0,-1,0.0,,
u_6996,0.043034914056465874,4720,0.0,0.787,0.0
u_6997,0.00014099366114190306,1296,0.0,0.003,0.0
u_6998,0.043034914056465874,5906,0.0,0.787,0.0
u_6999,0.04073622190221068,2607,0.0,0.787,0.0
u_7000,0.0,-1,0.0,,
u_7001,0.0,-1,0.0,,
u_7002,0.0,-1,0.0,,
u_7003,0.042563084110704454,2158,0.0,0.787,0.0
u_7004,0.043034914056465874,4944,0.0,0.787,0.0
u_7005,0.043402871426435216,807,0.0,0.787,0.0
u_7006,0.0,-1,0.0,,
u_7007,0.043034914056465874,535,0.0,0.787,0.0
u_7008,0.08551185357808545,233,0.0,0.787,0.0
u_7009,0.00014095448734789817,74,0.0,0.003,0.0
u_7010,0.042449150837521966,2953,0.0,0.787,0.0
u_7011,0.043034914056465874,4945,0.0,0.787,0.0
u_7012,0.0009958946663042548,904,0.0,0.01,0.0
u_7013,0.0,-1,0.0,,
u_7014,0.02303171868686411,4350,0.0,0.421,0.0
u_7015,0.0,-1,0.0,,
u_7016,0.0,-1,0.0,,
u_7017,0.043034914056465874,1485,0.0,0.787,0.0
u_7018,0.0,-1,0.0,,
u_7019,0.08331502687427972,222,0.0,0.787,0.0
u_7020,0.0,-1,0.0,,
u_7021,0.0,-1,0.0,,
u_7022,0.0,-1,0.0,,
u_7023,0.0,-1,0.0,,
u_7024,0.0843130144366954,409,0.0,0.787,0.0
u_7025,0.0,-1,0.0,,
u_7026,0.0,-1,0.0,,
u_7027,0.010746375902189626,2268,0.0,0.1,0.0
u_7028,0.11938451970325854,3288,0.0,0.787,0.0
u_7029,0.043034914056465874,5907,0.0,0.787,0.0
u_7030,0.0,-1,0.0,,
u_7031,0.004788564822288123,332,0.0,0.047,0.0
u_7032,0.0,-1,0.0,,
u_7033,0.0,-1,0.0,,
u_7034,0.0,-1,0.0,,
u_7035,0.0,-1,0.0,,
u_7036,0.0014523442218773175,2928,0.0,0.027,0.0
u_7037,0.0,-1,0.0,,
u_7038,0.08698338839692299,1006,0.0,0.822,0.0
u_7039,0.004904675079469084,3612,0.0,0.09,0.0
u_7040,0.0,-1,0.0,,
u_7041,0.043034914056465874,4946,0.0,0.787,0.0
u_7042,0.043034914056465874,5908,0.0,0.787,0.0
u_7043,0.0,-1,0.0,,
u_7044,0.0,-1,0.0,,
u_7045,0.0,-1,0.0,,
u_7046,0.0,-1,0.0,,
u_7047,0.0,-1,0.0,,
u_7048,0.0003570432782277176,547,0.0,0.007,0.0
u_7049,0.041705745915257636,74,0.0,0.787,0.0
u_7050,0.0835011658028318,1880,0.0,0.787,0.0
u_7051,0.012270892254334054,4061,0.0,0.218,0.0
u_7052,0.010145435716136951,2848,0.0,0.064,0.0
u_7053,0.0,-1,0.0,,
u_7054,0.10338967597047981,162,0.0,0.499,0.0
u_7055,0.0,-1,0.0,,
u_7056,0.04128657006370165,234,0.0,0.787,0.0
u_7057,0.0,-1,0.0,,
u_7058,0.0003068947848195375,1873,0.0,0.006,0.0
u_7059,0.010107373109918374,3633,0.0,0.093,0.0
u_7060,0.043034914056465874,4947,0.0,0.787,0.0
u_7061,0.0,-1,0.0,,
u_7062,0.0,-1,0.0,,
u_7063,0.008483479037804643,2696,0.0,0.052,0.0
u_7064,0.043034914056465874,5909,0.0,0.787,0.0
u_7065,0.0,-1,0.0,,
u_7066,0.040397930725530516,2462,0.0,0.787,0.0
u_7067,0.0,-1,0.0,,
u_7068,0.039888338813246306,965,0.0,0.787,0.0
u_7069,0.08287720147399652,332,0.0,0.787,0.0
u_7070,0.0,-1,0.0,,
u_7071,0.00029379440858487974,1841,0.0,0.005,0.0
u_7072,0.0,-1,0.0,,
u_7073,0.0,-1,0.0,,
u_7074,0.1253157255232567,2722,0.0,0.787,0.0
u_7075,0.0002716677314227856,714,0.0,0.003,0.0
u_7076,0.0,-1,0.0,,
u_7077,0.0,-1,0.0,,
u_7078,0.0,-1,0.0,,
u_7079,0.0,-1,0.0,,
u_7080,0.0012764890904976213,2829,0.0,0.023,0.0
u_7081,0.0,-1,0.0,,
u_7082,0.03988937967167904,22,0.0,0.787,0.0
u_7083,0.0,-1,0.0,,
u_7084,0.0398906663341011,77,0.0,0.787,0.0
u_7085,0.0,-1,0.0,,
u_7086,0.042130407716432006,4948,0.0,0.787,0.0
u_7087,0.043034914056465874,4949,0.0,0.787,0.0
u_7088,0.08362827632555501,168,0.0,0.787,0.0
u_7089,0.0,-1,0.0,,
u_7090,0.0,-1,0.0,,
u_7091,0.0,-1,0.0,,
u_7092,0.0370409657986065,4583,0.0,0.677,0.0
u_7093,0.0,-1,0.0,,
u_7094,0.0,-1,0.0,,
u_7095,0.018413555975917224,222,0.0,0.352,0.0
u_7096,0.0,-1,0.0,,
u_7097,0.043034914056465874,5910,0.0,0.787,0.0
u_7098,0.0,-1,0.0,,
u_7099,0.0,-1,0.0,,
u_7100,0.06791855358762425,1107,0.0,0.661,0.0
u_7101,0.043034914056465874,5911,0.0,0.787,0.0
u_7102,0.043034914056465874,4773,0.0,0.787,0.0
u_7103,0.015332646198926972,4163,0.0,0.279,0.0
u_7104,0.043034914056465874,2766,0.0,0.787,0.0
u_7105,0.043034914056465874,412,0.0,0.787,0.0
u_7106,0.0,-1,0.0,,
u_7107,0.040393105872192955,222,0.0,0.787,0.0
u_7108,0.08487395580392411,588,0.0,0.787,0.0
u_7109,0.0,-1,0.0,,
u_7110,0.043034914056465874,1359,0.0,0.787,0.0
u_7111,0.0,-1,0.0,,
u_7112,0.00955356489099855,797,0.0,0.176,0.0
u_7113,0.0798333180326975,1673,0.0,0.787,0.0
u_7114,0.015011668595625593,2143,0.0,0.14,0.0
u_7115,0.043034914056465874,4950,0.0,0.787,0.0
u_7116,0.0,-1,0.0,,
u_7117,0.0,-1,0.0,,
u_7118,0.12149035949372862,2791,0.0,0.787,0.0
u_7119,0.03518608116630119,4232,0.0,0.329,0.0
u_7120,0.00020473803452450954,1569,0.0,0.004,0.0
u_7121,0.0,-1,0.0,,
u_7122,0.04138149835291018,402,0.0,0.787,0.0
u_7123,0.0,-1,0.0,,
u_7124,0.0,-1,0.0,,
u_7125,0.003119765620758381,3345,0.0,0.057,0.0
u_7126,0.09219462451539592,2981,0.0,0.87,0.0
u_7127,0.0,-1,0.0,,
u_7128,0.0,-1,0.0,,
u_7129,0.0,-1,0.0,,
u_7130,0.04124877278373586,1815,0.0,0.787,0.0
u_7131,0.0,-1,0.0,,
u_7132,0.0005080423541067665,2267,0.0,0.01,0.0
u_7133,0.00016156987979144537,277,0.0,0.001,0.0
u_7134,0.0,-1,0.0,,
u_7135,0.0,-1,0.0,,
u_7136,0.043034914056465874,4362,0.0,0.787,0.0
u_7137,0.0,-1,0.0,,
u_7138,0.0,-1,0.0,,
u_7139,0.0,-1,0.0,,
u_7140,0.0,-1,0.0,,
u_7141,0.043034914056465874,4951,0.0,0.787,0.0
u_7142,0.0,-1,0.0,,
u_7143,0.09306188958634254,4677,0.0,0.87,0.0
u_7144,0.013086522983524347,1348,0.0,0.251,0.0
u_7145,0.028448829146745177,2989,0.0,0.27,0.0
u_7146,0.011141743156766632,4033,0.0,0.204,0.0
u_7147,0.0,-1,0.0,,
u_7148,0.0,-1,0.0,,
u_7149,0.00014684147567349014,1335,0.0,0.003,0.0
u_7150,0.10087755995299141,675,0.0,0.92,0.0
u_7151,0.0,-1,0.0,,
u_7152,0.043034914056465874,2241,0.0,0.787,0.0
u_7153,0.0,-1,0.0,,
u_7154,0.0,-1,0.0,,
u_7155,0.08417531978986129,955,0.0,0.787,0.0
u_7156,7.121983941698102e-05,694,0.0,0.001,0.0
u_7157,0.0,-1,0.0,,
u_7158,0.0,-1,0.0,,
u_7159,0.03989416273788278,670,0.0,0.787,0.0
u_7160,0.005809975944571629,3691,0.0,0.106,0.0
u_7161,0.00043904826148046026,1661,0.0,0.004,0.0
u_7162,0.04057263963538048,342,0.0,0.787,0.0
u_7163,0.0,-1,0.0,,
u_7164,0.043034914056465874,905,0.0,0.787,0.0
u_7165,0.003486108052257431,2187,0.0,0.034,0.0
u_7166,0.0,-1,0.0,,
u_7167,0.0,-1,0.0,,
u_7168,0.043034914056465874,3786,0.0,0.787,0.0
u_7169,0.043034914056465874,3902,0.0,0.787,0.0
u_7170,0.0,-1,0.0,,
u_7171,0.0,-1,0.0,,
u_7172,0.0,-1,0.0,,
u_7173,0.000387767579283979,892,0.0,0.007,0.0
u_7174,0.0,-1,0.0,,
u_7175,0.0,-1,0.0,,
u_7176,0.0,-1,0.0,,
u_7177,0.0,-1,0.0,,
u_7178,0.0,-1,0.0,,
u_7179,0.0,-1,0.0,,
u_7180,0.07303601804328434,267,0.0,0.454,0.0
u_7181,0.0,-1,0.0,,
u_7182,0.08417531978986129,2736,0.0,0.787,0.0
u_7183,0.0030852832855054837,3332,0.0,0.056,0.0
u_7184,8.900152258061506e-05,931,0.0,0.002,0.0
u_7185,0.01894820797470626,1776,0.0,0.118,0.0
u_7186,0.0,-1,0.0,,
u_7187,0.043034914056465874,4952,0.0,0.787,0.0
u_7188,0.0027788752484564833,2905,0.0,0.026,0.0
u_7189,0.0,-1,0.0,,
u_7190,0.0,-1,0.0,,
u_7191,0.039888577285016664,1157,0.0,0.787,0.0
u_7192,0.00022647246206970137,1126,0.0,0.004,0.0
u_7193,0.00024939044699411446,1728,0.0,0.005,0.0
u_7194,0.0,-1,0.0,,
u_7195,0.0,-1,0.0,,
u_7196,0.026839078448877507,4427,0.0,0.491,0.0
u_7197,0.043034914056465874,4953,0.0,0.787,0.0
u_7198,0.043034914056465874,5907,0.0,0.787,0.0
u_7199,0.0,-1,0.0,,
u_7200,0.0,-1,0.0,,
u_7201,0.00023280199238380275,1680,0.0,0.004,0.0
u_7202,0.04021850131067993,266,0.0,0.787,0.0
u_7203,0.0,-1,0.0,,
u_7204,0.0,-1,0.0,,
u_7205,0.07996266193725628,83,0.0,0.787,0.0
u_7206,0.040622802192446954,2656,0.0,0.787,0.0
u_7207,0.0818733266003093,358,0.0,0.787,0.0
u_7208,0.00021041708027710277,1606,0.0,0.004,0.0
u_7209,0.00032353559578147516,1754,0.0,0.006,0.0
u_7210,0.0,-1,0.0,,
u_7211,0.0,-1,0.0,,
u_7212,0.0,-1,0.0,,
u_7213,0.0,-1,0.0,,
u_7214,0.00017996363219878407,714,0.0,0.002,0.0
u_7215,0.0,-1,0.0,,
u_7216,0.0,-1,0.0,,
u_7217,0.0,-1,0.0,,
u_7218,0.0,-1,0.0,,
u_7219,0.0,-1,0.0,,
u_7220,0.0,-1,0.0,,
u_7221,0.0,-1,0.0,,
u_7222,0.043034914056465874,779,0.0,0.787,0.0
u_7223,0.0,-1,0.0,,
u_7224,0.043034914056465874,4396,0.0,0.787,0.0
u_7225,0.0,-1,0.0,,
u_7226,0.00018773204688048143,37,0.0,0.002,0.0
u_7227,0.0,-1,0.0,,
u_7228,0.0,-1,0.0,,
u_7229,0.043034914056465874,3842,0.0,0.787,0.0
u_7230,0.04437296233288149,2355,0.0,0.787,0.0
u_7231,0.0,-1,0.0,,
u_7232,0.0,-1,0.0,,
u_7233,0.0,-1,0.0,,
u_7234,7.86305031995286e-05,699,0.0,0.001,0.0
u_7235,0.0,-1,0.0,,
u_7236,0.0,-1,0.0,,
u_7237,0.042130407716432006,4954,0.0,0.787,0.0
u_7238,0.0,-1,0.0,,
u_7239,0.0,-1,0.0,,
u_7240,0.0,-1,0.0,,
u_7241,0.00030289498263346446,1375,0.0,0.003,0.0
u_7242,0.0,-1,0.0,,
u_7243,0.08417531978986129,2936,0.0,0.787,0.0
u_7244,0.04181571727708839,222,0.0,0.787,0.0
u_7245,0.0,-1,0.0,,
u_7246,0.0,-1,0.0,,
u_7247,5.931731567886604e-05,429,0.0,0.001,0.0
u_7248,0.043034914056465874,5912,0.0,0.787,0.0
u_7249,0.0,-1,0.0,,
u_7250,0.08236630710979355,4955,0.0,0.787,0.0
u_7251,0.0,-1,0.0,,
u_7252,0.03141548088869176,4508,0.0,0.574,0.0
u_7253,0.000449146883987254,1266,0.0,0.004,0.0
u_7254,0.004183328400614789,378,0.0,0.038,0.0
u_7255,0.0,-1,0.0,,
u_7256,0.0,-1,0.0,,
u_7257,0.0,-1,0.0,,
u_7258,0.0005040184347044346,278,0.0,0.009,0.0
u_7259,0.0,-1,0.0,,
u_7260,0.0,-1,0.0,,
u_7261,0.0,-1,0.0,,
u_7262,0.0,-1,0.0,,
u_7263,0.0023304738068328033,761,0.0,0.022,0.0
u_7264,0.00043653900640971884,631,0.0,0.003,0.0
u_7265,0.04264381152451789,2569,0.0,0.787,0.0
u_7266,0.0,-1,0.0,,
u_7267,0.0,-1,0.0,,
u_7268,0.0,-1,0.0,,
u_7269,8.924494488392811e-05,914,0.0,0.002,0.0
u_7270,0.0017555080650230826,3024,0.0,0.032,0.0
u_7271,0.0430385459664989,1416,0.0,0.787,0.0
u_7272,0.043034914056465874,2689,0.0,0.787,0.0
u_7273,0.00044999012233657007,2164,0.0,0.008,0.0
u_7274,0.043034914056465874,4420,0.0,0.787,0.0
u_7275,0.0,-1,0.0,,
u_7276,0.0,-1,0.0,,
u_7277,0.0,-1,0.0,,
u_7278,0.0013515421621627768,168,0.0,0.026,0.0
u_7279,0.043034914056465874,1643,0.0,0.787,0.0
u_7280,0.0,-1,0.0,,
u_7281,6.921234378695654e-05,630,0.0,0.001,0.0
u_7282,0.04014787489631994,89,0.0,0.787,0.0
u_7283,0.0052518662667532376,1504,0.0,0.101,0.0
u_7284,0.0,-1,0.0,,
u_7285,0.03988828038058556,288,0.0,0.787,0.0
u_7286,0.0,-1,0.0,,
u_7287,0.08386860170977675,2018,0.0,0.787,0.0
u_7288,0.0010645110462029256,1362,0.0,0.005,0.0
u_7289,0.0,-1,0.0,,
u_7290,0.0,-1,0.0,,
u_7291,0.027365276485532147,4435,0.0,0.5,0.0
u_7292,0.0005147668282099505,2256,0.0,0.009,0.0
u_7293,0.0,-1,0.0,,
u_7294,0.0,-1,0.0,,
u_7295,0.0,-1,0.0,,
u_7296,0.0001648624266388089,1423,0.0,0.003,0.0
u_7297,0.0,-1,0.0,,
u_7298,0.0,-1,0.0,,
u_7299,0.12472635909527163,11,0.0,0.787,0.0
u_7300,0.0,-1,0.0,,
u_7301,0.04273705397488562,1854,0.0,0.787,0.0
u_7302,0.043034914056465874,5913,0.0,0.787,0.0
u_7303,0.043034914056465874,4463,0.0,0.787,0.0
u_7304,0.0,-1,0.0,,
u_7305,0.01177200997359707,89,0.0,0.23,0.0
u_7306,0.003376674373159974,46,0.0,0.064,0.0
u_7307,0.00251237676310502,1918,0.0,0.047,0.0
u_7308,0.08417531978986129,2570,0.0,0.787,0.0
u_7309,0.0,-1,0.0,,
u_7310,0.021325884893967716,1427,0.0,0.418,0.0
u_7311,0.0,-1,0.0,,
u_7312,0.0,-1,0.0,,
u_7313,0.04103158690350816,93,0.0,0.787,0.0
u_7314,0.00013741997749964384,1274,0.0,0.003,0.0
u_7315,0.0,-1,0.0,,
u_7316,0.0,-1,0.0,,
u_7317,0.0,-1,0.0,,
u_7318,0.007028228704016268,3035,0.0,0.066,0.0
u_7319,0.0,-1,0.0,,
u_7320,0.0,-1,0.0,,
u_7321,0.08016044287547845,889,0.0,0.787,0.0
u_7322,0.0,-1,0.0,,
u_7323,0.0133939969520241,3117,0.0,0.245,0.0
u_7324,0.06068442220499764,904,0.0,0.589,0.0
u_7325,0.0,-1,0.0,,
u_7326,0.04119698747065794,350,0.0,0.787,0.0
u_7327,0.042752166052650684,441,0.0,0.787,0.0
u_7328,0.0,-1,0.0,,
u_7329,0.00021524305219708964,74,0.0,0.004,0.0
u_7330,0.0,-1,0.0,,
u_7331,0.04313262532512625,681,0.0,0.787,0.0
u_7332,0.0023003137068520387,940,0.0,0.022,0.0
u_7333,0.04114448967347603,2386,0.0,0.787,0.0
u_7334,0.04507668138043661,197,0.0,0.787,0.0
u_7335,0.0,-1,0.0,,
u_7336,0.0,-1,0.0,,
u_7337,0.0,-1,0.0,,
u_7338,0.07963099358020591,274,0.0,0.787,0.0
u_7339,0.0,-1,0.0,,
u_7340,0.00016082298530028393,370,0.0,0.001,0.0
u_7341,0.043034914056465874,3308,0.0,0.787,0.0
u_7342,0.0032866177124710183,3385,0.0,0.06,0.0
u_7343,0.00026518815819150126,1262,0.0,0.002,0.0
u_7344,0.0,-1,0.0,,
u_7345,0.0,-1,0.0,,
u_7346,0.043034914056465874,5914,0.0,0.787,0.0
u_7347,0.043034914056465874,5915,0.0,0.787,0.0
u_7348,0.0,-1,0.0,,
u_7349,0.04164908709246705,834,0.0,0.787,0.0
u_7350,0.02816018066085144,4477,0.0,0.537,0.0
u_7351,0.0,-1,0.0,,
u_7352,0.043034914056465874,4441,0.0,0.787,0.0
u_7353,0.0,-1,0.0,,
u_7354,0.04090896288776714,419,0.0,0.787,0.0
u_7355,0.01774281935822456,1179,0.0,0.113,0.0
u_7356,0.0,-1,0.0,,
u_7357,0.007637581290883,3240,0.0,0.048,0.0
u_7358,0.1253157255232567,1290,0.0,0.787,0.0
u_7359,0.0398874062137796,546,0.0,0.787,0.0
u_7360,0.0,-1,0.0,,
u_7361,0.0,-1,0.0,,
u_7362,0.0,-1,0.0,,
u_7363,0.04622271009643131,4659,0.0,0.845,0.0
u_7364,0.0,-1,0.0,,
u_7365,0.0,-1,0.0,,
u_7366,0.04728892232885287,4669,0.0,0.864,0.0
u_7367,0.0024260180160031535,347,0.0,0.045,0.0
u_7368,0.043034914056465874,5916,0.0,0.787,0.0
u_7369,0.00047828196187455467,2202,0.0,0.009,0.0
u_7370,0.01472023854575059,4143,0.0,0.269,0.0
u_7371,0.0,-1,0.0,,
u_7372,0.03610499449267441,1139,0.0,0.352,0.0
u_7373,0.04379941172037073,2338,0.0,0.787,0.0
u_7374,0.0,-1,0.0,,
u_7375,0.0,-1,0.0,,
u_7376,0.04045988237374867,288,0.0,0.787,0.0
u_7377,0.0,-1,0.0,,
u_7378,0.03625878085795603,490,0.0,0.225,0.0
u_7379,0.043034914056465874,36,0.0,0.787,0.0
u_7380,0.039888908156546644,2963,0.0,0.787,0.0
u_7381,0.0,-1,0.0,,
u_7382,0.0,-1,0.0,,
u_7383,0.043034914056465874,4405,0.0,0.787,0.0
u_7384,0.0061472009246195565,634,0.0,0.11,0.0
u_7385,0.010911191096616054,4041,0.0,0.207,0.0
u_7386,0.012912556980120046,3760,0.0,0.121,0.0
u_7387,0.0,-1,0.0,,
u_7388,0.0,-1,0.0,,
u_7389,0.04017577249424197,161,0.0,0.787,0.0
u_7390,0.0,-1,0.0,,
u_7391,0.043034914056465874,4090,0.0,0.787,0.0
u_7392,0.0,-1,0.0,,
u_7393,0.00033234568944260804,1443,0.0,0.003,0.0
u_7394,0.0,-1,0.0,,
u_7395,0.0,-1,0.0,,
u_7396,0.0,-1,0.0,,
u_7397,0.0023668051387417286,3164,0.0,0.042,0.0
u_7398,0.0,-1,0.0,,
u_7399,0.043034914056465874,4956,0.0,0.787,0.0
u_7400,0.0,-1,0.0,,
u_7401,0.0,-1,0.0,,
u_7402,0.04303311731525869,660,0.0,0.787,0.0
u_7403,0.0,-1,0.0,,
u_7404,0.017441500144886605,724,0.0,0.314,0.0
u_7405,0.0,-1,0.0,,
u_7406,0.0,-1,0.0,,
u_7407,0.010245134248663423,4002,0.0,0.187,0.0
u_7408,0.004195821981033319,162,0.0,0.078,0.0
u_7409,0.1253157255232567,3347,0.0,0.787,0.0
u_7410,0.03988853933005582,142,0.0,0.787,0.0
u_7411,0.0,-1,0.0,,
u_7412,0.0,-1,0.0,,
u_7413,0.0,-1,0.0,,
u_7414,0.0,-1,0.0,,
u_7415,0.0,-1,0.0,,
u_7416,0.043034914056465874,5917,0.0,0.787,0.0
u_7417,0.0,-1,0.0,,
u_7418,0.043034914056465874,2306,0.0,0.787,0.0
u_7419,0.043034914056465874,5918,0.0,0.787,0.0
u_7420,0.04089761158875896,1531,0.0,0.787,0.0
u_7421,0.08274695672510844,27,0.0,0.787,0.0
u_7422,0.08148227963271075,5,0.0,0.787,0.0
u_7423,0.1253157255232567,3521,0.0,0.787,0.0
u_7424,0.041139781778044386,2097,0.0,0.787,0.0
u_7425,0.043034914056465874,1796,0.0,0.787,0.0
u_7426,0.0,-1,0.0,,
u_7427,0.0,-1,0.0,,
u_7428,0.009904856390320979,3985,0.0,0.181,0.0
u_7429,0.013414754739590364,930,0.0,0.085,0.0
u_7430,0.001969524178682431,2033,0.0,0.036,0.0
u_7431,0.0,-1,0.0,,
u_7432,0.0,-1,0.0,,
u_7433,0.0,-1,0.0,,
u_7434,0.027187021435989712,1691,0.0,0.263,0.0
u_7435,0.0007874096172311117,61,0.0,0.015,0.0
u_7436,0.029296811889438733,1166,0.0,0.574,0.0
u_7437,0.03988785489817312,296,0.0,0.787,0.0
u_7438,0.041265932957204314,547,0.0,0.787,0.0
u_7439,0.0006199192037268881,350,0.0,0.012,0.0
u_7440,0.0,-1,0.0,,
u_7441,0.043034914056465874,4957,0.0,0.787,0.0
u_7442,0.0,-1,0.0,,
u_7443,0.0,-1,0.0,,
u_7444,0.0,-1,0.0,,
u_7445,0.04029682011555351,168,0.0,0.787,0.0
u_7446,0.0,-1,0.0,,
u_7447,0.0,-1,0.0,,
u_7448,0.0,-1,0.0,,
u_7449,0.03182931158196674,5,0.0,0.198,0.0
u_7450,0.23102006850753853,197,0.0,0.735,0.0
u_7451,0.0,-1,0.0,,
u_7452,0.0,-1,0.0,,
u_7453,0.043034914056465874,3293,0.0,0.787,0.0
u_7454,0.0,-1,0.0,,
u_7455,0.0,-1,0.0,,
u_7456,0.0431714110847681,1870,0.0,0.787,0.0
u_7457,0.0005687831126421999,2316,0.0,0.01,0.0
u_7458,0.0,-1,0.0,,
u_7459,6.727800521194142e-05,612,0.0,0.001,0.0
u_7460,0.0,-1,0.0,,
u_7461,0.0,-1,0.0,,
u_7462,0.0006685972346292148,1944,0.0,0.006,0.0
u_7463,0.0304398557709262,4494,0.0,0.556,0.0
u_7464,0.0,-1,0.0,,
u_7465,0.07921964461318642,1698,0.0,0.787,0.0
u_7466,0.0,-1,0.0,,
u_7467,0.019859151302655045,4261,0.0,0.352,0.0
u_7468,0.0,-1,0.0,,
u_7469,0.1247187228396166,1678,0.0,0.787,0.0
u_7470,0.010935733418837511,4024,0.0,0.199,0.0
u_7471,0.00023677219911527855,168,0.0,0.002,0.0
u_7472,0.0,-1,0.0,,
u_7473,0.043034914056465874,4442,0.0,0.787,0.0
u_7474,0.08371462428553868,254,0.0,0.787,0.0
u_7475,0.0,-1,0.0,,
u_7476,0.0,-1,0.0,,
u_7477,0.0044019753408625194,904,0.0,0.084,0.0
u_7478,0.0,-1,0.0,,
u_7479,0.0,-1,0.0,,
u_7480,0.0,-1,0.0,,
u_7481,0.0,-1,0.0,,
u_7482,0.0001213555215685735,168,0.0,0.001,0.0
u_7483,0.043034914056465874,3006,0.0,0.787,0.0
u_7484,0.0,-1,0.0,,
u_7485,0.0,-1,0.0,,
u_7486,0.0,-1,0.0,,
u_7487,0.04192939092743349,953,0.0,0.787,0.0
u_7488,0.0,-1,0.0,,
u_7489,0.007381575816351985,3819,0.0,0.135,0.0
u_7490,0.12116778047194952,217,0.0,0.787,0.0
u_7491,0.0,-1,0.0,,
u_7492,0.0814115238330057,1157,0.0,0.787,0.0
u_7493,0.0,-1,0.0,,
u_7494,0.03988885762019668,1876,0.0,0.787,0.0
u_7495,0.043034914056465874,3652,0.0,0.787,0.0
u_7496,0.0,-1,0.0,,
u_7497,0.04042406295141932,3807,0.0,0.787,0.0
u_7498,0.0,-1,0.0,,
u_7499,0.0,-1,0.0,,
u_7500,0.0,-1,0.0,,
u_7501,0.0,-1,0.0,,
u_7502,0.043034914056465874,5919,0.0,0.787,0.0
u_7503,0.043034914056465874,4958,0.0,0.787,0.0
u_7504,0.043034914056465874,444,0.0,0.787,0.0
u_7505,9.301382943815013e-05,954,0.0,0.002,0.0
u_7506,0.0,-1,0.0,,
u_7507,0.0,-1,0.0,,
u_7508,0.0,-1,0.0,,
u_7509,0.0,-1,0.0,,
u_7510,0.082384195670799,254,0.0,0.787,0.0
u_7511,0.0,-1,0.0,,
u_7512,0.07990802473644155,4,0.0,0.787,0.0
u_7513,0.1259680253346399,275,0.0,0.787,0.0
u_7514,0.0,-1,0.0,,
u_7515,0.0,-1,0.0,,
u_7516,0.00012512126386216113,1192,0.0,0.002,0.0
u_7517,0.0,-1,0.0,,
u_7518,0.0008568029882526629,2144,0.0,0.008,0.0
u_7519,0.043034914056465874,3744,0.0,0.787,0.0
u_7520,0.023742587523398185,87,0.0,0.228,0.0
u_7521,0.043034914056465874,752,0.0,0.787,0.0
u_7522,0.0,-1,0.0,,
u_7523,0.002009579736906699,3091,0.0,0.037,0.0
u_7524,6.319154023932361e-05,567,0.0,0.001,0.0
u_7525,0.08417531978986129,3928,0.0,0.787,0.0
u_7526,0.0,-1,0.0,,
u_7527,0.0,-1,0.0,,
u_7528,0.00027890160960204144,1352,0.0,0.003,0.0
u_7529,0.00010429976986083372,379,0.0,0.001,0.0
u_7530,0.0,-1,0.0,,
u_7531,0.0,-1,0.0,,
u_7532,0.0,-1,0.0,,
u_7533,0.0,-1,0.0,,
u_7534,0.0,-1,0.0,,
u_7535,0.00015722710114996017,1363,0.0,0.003,0.0
u_7536,0.0,-1,0.0,,
u_7537,0.040317462478492695,1221,0.0,0.787,0.0
u_7538,0.0,-1,0.0,,
u_7539,0.043034914056465874,4959,0.0,0.787,0.0
u_7540,0.0,-1,0.0,,
u_7541,0.0,-1,0.0,,
u_7542,0.0,-1,0.0,,
u_7543,0.0002715909247350689,1789,0.0,0.005,0.0
u_7544,0.043034914056465874,5920,0.0,0.787,0.0
u_7545,0.07963105505586318,926,0.0,0.787,0.0
u_7546,0.03988779687853459,5,0.0,0.787,0.0
u_7547,0.0003273999570192712,367,0.0,0.006,0.0
u_7548,0.0,-1,0.0,,
u_7549,0.0,-1,0.0,,
u_7550,0.0,-1,0.0,,
u_7551,0.0,-1,0.0,,
u_7552,0.0,-1,0.0,,
u_7553,0.005289662111348351,3259,0.0,0.049,0.0
u_7554,0.0,-1,0.0,,
u_7555,0.0,-1,0.0,,
u_7556,0.0,-1,0.0,,
u_7557,0.0,-1,0.0,,
u_7558,0.043034914056465874,4960,0.0,0.787,0.0
u_7559,0.0,-1,0.0,,
u_7560,0.0,-1,0.0,,
u_7561,0.0432247567255026,12,0.0,0.787,0.0
u_7562,0.0,-1,0.0,,
u_7563,0.08551300284775673,1574,0.0,0.787,0.0
u_7564,0.04095137672157021,636,0.0,0.787,0.0
u_7565,0.0,-1,0.0,,
u_7566,0.0,-1,0.0,,
u_7567,0.0,-1,0.0,,
u_7568,0.0,-1,0.0,,
u_7569,0.0,-1,0.0,,
u_7570,0.0,-1,0.0,,
u_7571,0.043034914056465874,1597,0.0,0.787,0.0
u_7572,0.0003343623000016011,1467,0.0,0.003,0.0
u_7573,0.0,-1,0.0,,
u_7574,0.12584368072190324,797,0.0,0.787,0.0
u_7575,0.08393393873702272,2428,0.0,0.787,0.0
u_7576,0.0,-1,0.0,,
u_7577,0.043034914056465874,4444,0.0,0.787,0.0
u_7578,0.0,-1,0.0,,
u_7579,0.0,-1,0.0,,
u_7580,0.0,-1,0.0,,
u_7581,0.0,-1,0.0,,
u_7582,0.0,-1,0.0,,
u_7583,0.0006587878305031079,2415,0.0,0.012,0.0
u_7584,0.0,-1,0.0,,
u_7585,0.0,-1,0.0,,
u_7586,0.0,-1,0.0,,
u_7587,0.039899255740847926,2619,0.0,0.787,0.0
u_7588,0.043034914056465874,5921,0.0,0.787,0.0
u_7589,0.0,-1,0.0,,
u_7590,0.0,-1,0.0,,
u_7591,0.0,-1,0.0,,
u_7592,0.0,-1,0.0,,
u_7593,0.0,-1,0.0,,
u_7594,0.0,-1,0.0,,
u_7595,0.0,-1,0.0,,
u_7596,0.04095130569221807,805,0.0,0.787,0.0
u_7597,0.0,-1,0.0,,
u_7598,0.0,-1,0.0,,
u_7599,0.020769525808895312,168,0.0,0.406,0.0
u_7600,0.04187092132218359,4249,0.0,0.787,0.0
u_7601,0.0189528292952134,712,0.0,0.348,0.0
u_7602,0.0,-1,0.0,,
u_7603,0.0,-1,0.0,,
u_7604,0.043034914056465874,10,0.0,0.787,0.0
u_7605,0.04303377399532058,1298,0.0,0.787,0.0
u_7606,0.0,-1,0.0,,
u_7607,0.0,-1,0.0,,
u_7608,0.0,-1,0.0,,
u_7609,0.04097213750999914,738,0.0,0.787,0.0
u_7610,0.0,-1,0.0,,
u_7611,0.0,-1,0.0,,
u_7612,0.043034914056465874,3976,0.0,0.787,0.0
u_7613,0.08141561532363605,197,0.0,0.787,0.0
u_7614,0.0,-1,0.0,,
u_7615,0.0,-1,0.0,,
u_7616,0.04436995974984517,2078,0.0,0.787,0.0
u_7617,0.0,-1,0.0,,
u_7618,0.043034914056465874,4961,0.0,0.787,0.0
u_7619,0.0,-1,0.0,,
u_7620,0.08239856873848354,1685,0.0,0.787,0.0
u_7621,0.08105291517264229,410,0.0,0.787,0.0
u_7622,0.043034914056465874,2041,0.0,0.787,0.0
u_7623,0.0,-1,0.0,,
u_7624,0.0,-1,0.0,,
u_7625,0.0,-1,0.0,,
u_7626,0.0,-1,0.0,,
u_7627,0.00011561757328255187,477,0.0,0.001,0.0
u_7628,0.0,-1,0.0,,
u_7629,0.043034914056465874,3110,0.0,0.787,0.0
u_7630,0.03989103415841738,1636,0.0,0.787,0.0
u_7631,0.0002809377206230033,1825,0.0,0.005,0.0
u_7632,0.0,-1,0.0,,
u_7633,0.08417531978986129,4116,0.0,0.787,0.0
u_7634,0.039888195988042406,1372,0.0,0.787,0.0
u_7635,0.0006255163610974745,1273,0.0,0.006,0.0
u_7636,0.003991553430876012,3507,0.0,0.074,0.0
u_7637,0.0,-1,0.0,,
u_7638,0.0,-1,0.0,,
u_7639,0.08387571553672188,1786,0.0,0.787,0.0
u_7640,0.0,-1,0.0,,
u_7641,0.0,-1,0.0,,
u_7642,0.0,-1,0.0,,
u_7643,0.0,-1,0.0,,
u_7644,0.08237158630604642,4520,0.0,0.787,0.0
u_7645,0.003870510489108376,1914,0.0,0.036,0.0
u_7646,0.12531646084199627,1105,0.0,0.787,0.0
u_7647,0.0,-1,0.0,,
u_7648,0.0,-1,0.0,,
u_7649,0.0,-1,0.0,,
u_7650,0.026784111296863162,4425,0.0,0.49,0.0
u_7651,0.0,-1,0.0,,
u_7652,0.009642802992428827,3971,0.0,0.176,0.0
u_7653,0.0,-1,0.0,,
u_7654,0.043034914056465874,210,0.0,0.787,0.0
u_7655,0.0,-1,0.0,,
u_7656,0.0,-1,0.0,,
u_7657,0.043034914056465874,4622,0.0,0.787,0.0
u_7658,0.0,-1,0.0,,
u_7659,0.0,-1,0.0,,
u_7660,0.0,-1,0.0,,
u_7661,0.039888242756165045,3358,0.0,0.787,0.0
u_7662,0.04335951758219782,22,0.0,0.787,0.0
u_7663,0.014880247218482376,4147,0.0,0.272,0.0
u_7664,0.043034914056465874,2764,0.0,0.787,0.0
u_7665,0.0013882641083486375,2888,0.0,0.025,0.0
u_7666,0.0,-1,0.0,,
u_7667,0.04207983758788843,447,0.0,0.787,0.0
u_7668,0.0,-1,0.0,,
u_7669,0.0,-1,0.0,,
u_7670,0.004006555296024648,167,0.0,0.038,0.0
u_7671,0.0,-1,0.0,,
u_7672,0.011658098701313986,1480,0.0,0.073,0.0
u_7673,0.0,-1,0.0,,
u_7674,0.0,-1,0.0,,
u_7675,0.0,-1,0.0,,
u_7676,0.0,-1,0.0,,
u_7677,0.0,-1,0.0,,
u_7678,0.039893485146739426,3329,0.0,0.787,0.0
u_7679,0.0,-1,0.0,,
u_7680,0.0,-1,0.0,,
u_7681,0.0,-1,0.0,,
u_7682,0.043697376122989046,666,0.0,0.787,0.0
u_7683,0.0,-1,0.0,,
u_7684,0.0,-1,0.0,,
u_7685,0.041429242359337204,161,0.0,0.787,0.0
u_7686,0.0,-1,0.0,,
u_7687,0.0,-1,0.0,,
u_7688,0.0,-1,0.0,,
u_7689,0.0,-1,0.0,,
u_7690,0.0,-1,0.0,,
u_7691,0.0,-1,0.0,,
u_7692,0.0800889952066388,679,0.0,0.787,0.0
u_7693,0.0,-1,0.0,,
u_7694,0.0829127651597301,1006,0.0,0.787,0.0
u_7695,0.0,-1,0.0,,
u_7696,0.0,-1,0.0,,
u_7697,0.0,-1,0.0,,
u_7698,0.0,-1,0.0,,
u_7699,0.0,-1,0.0,,
u_7700,0.08417531978986129,3618,0.0,0.787,0.0
u_7701,0.0,-1,0.0,,
u_7702,0.0,-1,0.0,,
u_7703,0.0,-1,0.0,,
u_7704,0.0404120452604991,867,0.0,0.787,0.0
u_7705,0.0,-1,0.0,,
u_7706,0.0,-1,0.0,,
u_7707,0.04356703441686192,259,0.0,0.787,0.0
u_7708,0.0,-1,0.0,,
u_7709,0.0,-1,0.0,,
u_7710,0.04308303893060928,506,0.0,0.787,0.0
u_7711,0.0,-1,0.0,,
u_7712,0.0,-1,0.0,,
u_7713,0.08607174249172916,1027,0.0,0.787,0.0
u_7714,0.0,-1,0.0,,
u_7715,0.043034914056465874,3067,0.0,0.787,0.0
u_7716,0.0,-1,0.0,,
u_7717,0.04437223132931895,4207,0.0,0.787,0.0
u_7718,0.0,-1,0.0,,
u_7719,0.004267268632730985,2630,0.0,0.08,0.0
u_7720,0.0,-1,0.0,,
u_7721,0.0,-1,0.0,,
u_7722,0.0,-1,0.0,,
u_7723,0.0,-1,0.0,,
u_7724,0.12169770016312123,4962,0.0,0.787,0.0
u_7725,0.041186700003090465,161,0.0,0.787,0.0
u_7726,0.0012365741074912768,2382,0.0,0.012,0.0
u_7727,0.0,-1,0.0,,
u_7728,0.0,-1,0.0,,
u_7729,0.03547105947482222,4529,0.0,0.61,0.0
u_7730,0.0,-1,0.0,,
u_7731,0.0,-1,0.0,,
u_7732,0.0,-1,0.0,,
u_7733,0.0,-1,0.0,,
u_7734,0.0,-1,0.0,,
u_7735,0.0,-1,0.0,,
u_7736,0.08283835714855645,742,0.0,0.787,0.0
u_7737,0.0,-1,0.0,,
u_7738,0.0,-1,0.0,,
u_7739,0.043034914056465874,387,0.0,0.787,0.0
u_7740,6.692768313152596e-05,601,0.0,0.001,0.0
u_7741,0.0,-1,0.0,,
u_7742,0.043355019159121544,1401,0.0,0.787,0.0
u_7743,0.03112203865607675,266,0.0,0.301,0.0
u_7744,0.0,-1,0.0,,
u_7745,0.0,-1,0.0,,
u_7746,0.0,-1,0.0,,
u_7747,0.0,-1,0.0,,
u_7748,0.0,-1,0.0,,
u_7749,0.0,-1,0.0,,
u_7750,0.001523513319292597,217,0.0,0.03,0.0
u_7751,0.08236630710979355,5825,0.0,0.787,0.0
u_7752,0.14377823017691851,332,0.0,0.937,0.0
u_7753,0.0,-1,0.0,,
u_7754,0.0,-1,0.0,,
u_7755,0.10862735644412926,940,0.0,0.988,0.0
u_7756,0.04357986906151049,2140,0.0,0.787,0.0
u_7757,0.008179664107481496,3875,0.0,0.15,0.0
u_7758,0.0,-1,0.0,,
u_7759,0.043034914056465874,1201,0.0,0.787,0.0
u_7760,0.02093119006460675,2167,0.0,0.099,0.0
u_7761,0.0,-1,0.0,,
u_7762,0.0,-1,0.0,,
u_7763,0.0,-1,0.0,,
u_7764,0.043034914056465874,4963,0.0,0.787,0.0
u_7765,0.003655497850701297,1810,0.0,0.07,0.0
u_7766,0.04982780982126988,4701,0.0,0.911,0.0
u_7767,0.0,-1,0.0,,
u_7768,0.0,-1,0.0,,
u_7769,0.0,-1,0.0,,
u_7770,0.0,-1,0.0,,
u_7771,0.000787900428975018,2561,0.0,0.015,0.0
u_7772,8.713070117252828e-05,935,0.0,0.002,0.0
u_7773,0.0,-1,0.0,,
u_7774,0.0,-1,0.0,,
u_7775,0.0,-1,0.0,,
u_7776,0.0,-1,0.0,,
u_7777,0.0,-1,0.0,,
u_7778,0.039829311999966734,534,0.0,0.747,0.0
u_7779,0.007036474521200546,3797,0.0,0.129,0.0
u_7780,4.519523619075559e-05,138,0.0,0.001,0.0
u_7781,0.0014260647951244703,2371,0.0,0.026,0.0
u_7782,0.0,-1,0.0,,
u_7783,0.0,-1,0.0,,
u_7784,0.0,-1,0.0,,
u_7785,0.0,-1,0.0,,
u_7786,0.0,-1,0.0,,
u_7787,0.01751425256772817,4217,0.0,0.32,0.0
u_7788,0.043034914056465874,722,0.0,0.787,0.0
u_7789,0.0010980594821219589,2710,0.0,0.019,0.0
u_7790,0.0,-1,0.0,,
u_7791,0.043034914056465874,3010,0.0,0.787,0.0
u_7792,0.0,-1,0.0,,
u_7793,0.0,-1,0.0,,
u_7794,0.0,-1,0.0,,
u_7795,0.0,-1,0.0,,
u_7796,0.04098259885846847,599,0.0,0.787,0.0
u_7797,0.09003103930847817,358,0.0,0.867,0.0
u_7798,0.0,-1,0.0,,
u_7799,0.04274302263702532,964,0.0,0.787,0.0
u_7800,0.0,-1,0.0,,
u_7801,0.005035043926425593,168,0.0,0.024,0.0
u_7802,0.0,-1,0.0,,
u_7803,0.08417531978986129,2350,0.0,0.787,0.0
u_7804,0.0,-1,0.0,,
u_7805,0.023513954904467945,3088,0.0,0.223,0.0
u_7806,0.0,-1,0.0,,
u_7807,0.043034914056465874,5922,0.0,0.787,0.0
u_7808,0.0009803441885683898,168,0.0,0.009,0.0
u_7809,0.043034914056465874,5923,0.0,0.787,0.0
u_7810,0.043034914056465874,5924,0.0,0.787,0.0
u_7811,0.0,-1,0.0,,
u_7812,0.0,-1,0.0,,
u_7813,0.0,-1,0.0,,
u_7814,0.0,-1,0.0,,
u_7815,0.011830013836211411,3126,0.0,0.212,0.0
u_7816,0.00458803711584262,3551,0.0,0.081,0.0
u_7817,0.0,-1,0.0,,
u_7818,0.0017305681178790388,3020,0.0,0.032,0.0
u_7819,0.0,-1,0.0,,
u_7820,0.043034914056465874,4964,0.0,0.787,0.0
u_7821,0.0,-1,0.0,,
u_7822,0.0,-1,0.0,,
u_7823,0.06082289390008367,2981,0.0,0.289,0.0
u_7824,0.0,-1,0.0,,
u_7825,0.043034914056465874,4965,0.0,0.787,0.0
u_7826,0.0,-1,0.0,,
u_7827,0.025031238756459424,4388,0.0,0.458,0.0
u_7828,0.0,-1,0.0,,
u_7829,0.0,-1,0.0,,
u_7830,0.0,-1,0.0,,
u_7831,0.04372537479915925,682,0.0,0.787,0.0
u_7832,0.043678480319548664,1320,0.0,0.787,0.0
u_7833,0.0,-1,0.0,,
u_7834,0.043034914056465874,1764,0.0,0.787,0.0
u_7835,0.0,-1,0.0,,
u_7836,0.0,-1,0.0,,
u_7837,0.000837517271222047,2105,0.0,0.008,0.0
u_7838,0.08100737760717568,1134,0.0,0.787,0.0
u_7839,0.0,-1,0.0,,
u_7840,0.0,-1,0.0,,
u_7841,0.043034914056465874,250,0.0,0.787,0.0
u_7842,0.0,-1,0.0,,
u_7843,0.00090472867710955,1882,0.0,0.006,0.0
u_7844,0.0,-1,0.0,,
u_7845,0.0,-1,0.0,,
u_7846,0.0,-1,0.0,,
u_7847,0.0,-1,0.0,,
u_7848,0.0,-1,0.0,,
u_7849,0.0,-1,0.0,,
u_7850,0.0418465612752477,497,0.0,0.787,0.0
u_7851,0.00968983021301979,3628,0.0,0.092,0.0
u_7852,0.04167323114939147,49,0.0,0.787,0.0
u_7853,0.0037881249905611734,904,0.0,0.071,0.0
u_7854,4.3039620543104476e-05,82,0.0,0.001,0.0
u_7855,0.0,-1,0.0,,
u_7856,0.0,-1,0.0,,
u_7857,0.0,-1,0.0,,
u_7858,0.04156253943887031,2711,0.0,0.787,0.0
u_7859,0.0,-1,0.0,,
u_7860,0.0,-1,0.0,,
u_7861,0.0,-1,0.0,,
u_7862,0.040749912282114616,53,0.0,0.787,0.0
u_7863,0.04436523940872424,2417,0.0,0.787,0.0
u_7864,0.040499001510426645,425,0.0,0.787,0.0
u_7865,0.004204438883712149,3524,0.0,0.077,0.0
u_7866,0.0,-1,0.0,,
u_7867,0.03988982294656238,1964,0.0,0.787,0.0
u_7868,0.04377170875259409,4642,0.0,0.8,0.0
u_7869,0.08393208190028542,1390,0.0,0.787,0.0
u_7870,0.08417531978986129,4331,0.0,0.787,0.0
u_7871,0.043034914056465874,1518,0.0,0.787,0.0
u_7872,0.0,-1,0.0,,
u_7873,0.0,-1,0.0,,
u_7874,0.0,-1,0.0,,
u_7875,0.0,-1,0.0,,
u_7876,0.002675082991632904,3232,0.0,0.047,0.0
u_7877,0.0,-1,0.0,,
u_7878,0.0,-1,0.0,,
u_7879,0.0013916437881523823,2889,0.0,0.025,0.0
u_7880,0.0,-1,0.0,,
u_7881,0.0,-1,0.0,,
u_7882,0.0,-1,0.0,,
u_7883,0.0,-1,0.0,,
u_7884,0.0,-1,0.0,,
u_7885,0.005395465099152096,3648,0.0,0.096,0.0
u_7886,0.0,-1,0.0,,
u_7887,0.023133757413847586,218,0.0,0.219,0.0
u_7888,0.043034914056465874,5925,0.0,0.787,0.0
u_7889,0.0,-1,0.0,,
u_7890,0.0,-1,0.0,,
u_7891,0.0032318756750589848,1456,0.0,0.03,0.0
u_7892,0.1235504526653218,162,0.0,0.787,0.0
u_7893,0.043034914056465874,1644,0.0,0.787,0.0
u_7894,0.0,-1,0.0,,
u_7895,0.0,-1,0.0,,
u_7896,0.00014775248659757977,1313,0.0,0.003,0.0
u_7897,0.04364455389992593,1243,0.0,0.787,0.0
u_7898,0.0,-1,0.0,,
u_7899,0.0,-1,0.0,,
u_7900,0.0,-1,0.0,,
u_7901,0.0002522038886476985,1756,0.0,0.005,0.0
u_7902,0.0,-1,0.0,,
u_7903,0.047870421533481484,492,0.0,0.311,0.0
u_7904,0.043034914056465874,4966,0.0,0.787,0.0
u_7905,0.0,-1,0.0,,
u_7906,0.04303281411209013,1828,0.0,0.787,0.0
u_7907,0.0,-1,0.0,,
u_7908,0.007019750918738346,285,0.0,0.135,0.0
u_7909,0.043034914056465874,2705,0.0,0.787,0.0
u_7910,0.0,-1,0.0,,
u_7911,0.043034914056465874,4967,0.0,0.787,0.0
u_7912,0.04133636737904798,238,0.0,0.785,0.0
u_7913,0.0007507580862094385,1049,0.0,0.007,0.0
u_7914,0.0,-1,0.0,,
u_7915,0.0,-1,0.0,,
u_7916,0.0,-1,0.0,,
u_7917,0.0005297277475226059,1089,0.0,0.005,0.0
u_7918,0.08417531978986129,1085,0.0,0.787,0.0
u_7919,0.01506820910269233,280,0.0,0.147,0.0
u_7920,0.0,-1,0.0,,
u_7921,0.0,-1,0.0,,
u_7922,0.0,-1,0.0,,
u_7923,0.0,-1,0.0,,
u_7924,0.02054176118393108,4303,0.0,0.375,0.0
u_7925,0.0,-1,0.0,,
u_7926,0.012427804092028353,636,0.0,0.116,0.0
u_7927,0.0,-1,0.0,,
u_7928,0.0,-1,0.0,,
u_7929,0.0936024698071328,162,0.0,0.448,0.0
u_7930,0.0,-1,0.0,,
u_7931,0.0,-1,0.0,,
u_7932,0.00039456067046047,2069,0.0,0.007,0.0
u_7933,0.04154997405764788,170,0.0,0.787,0.0
u_7934,0.0,-1,0.0,,
u_7935,0.0,-1,0.0,,
u_7936,0.0,-1,0.0,,
u_7937,0.0,-1,0.0,,
u_7938,0.043034914056465874,4968,0.0,0.787,0.0
u_7939,0.043034914056465874,4969,0.0,0.787,0.0
u_7940,0.0002498953545123565,1737,0.0,0.005,0.0
u_7941,5.7443343318788104e-05,222,0.0,0.001,0.0
u_7942,0.043034914056465874,4970,0.0,0.787,0.0
u_7943,0.0,-1,0.0,,
u_7944,0.043034914056465874,2528,0.0,0.787,0.0
u_7945,0.043034914056465874,4971,0.0,0.787,0.0
u_7946,0.043034914056465874,5926,0.0,0.787,0.0
u_7947,0.013266811144797391,77,0.0,0.128,0.0
u_7948,0.043034914056465874,3182,0.0,0.787,0.0
u_7949,0.0001211092596239878,554,0.0,0.001,0.0
u_7950,0.005129364093883025,49,0.0,0.096,0.0
u_7951,0.0001842474336796027,1540,0.0,0.003,0.0
u_7952,0.043034914056465874,2907,0.0,0.787,0.0
u_7953,0.0022243955200830215,2504,0.0,0.014,0.0
u_7954,0.0,-1,0.0,,
u_7955,0.043034914056465874,5927,0.0,0.787,0.0
u_7956,0.0035014696876104596,2399,0.0,0.067,0.0
u_7957,0.0003004473207476159,94,0.0,0.003,0.0
u_7958,0.07440205052842662,168,0.0,0.73,0.0
u_7959,0.0,-1,0.0,,
u_7960,0.0,-1,0.0,,
u_7961,0.0,-1,0.0,,
u_7962,0.0,-1,0.0,,
u_7963,0.005907881075323372,3101,0.0,0.056,0.0
u_7964,0.0,-1,0.0,,
u_7965,0.043034914056465874,2,0.0,0.787,0.0
u_7966,0.0,-1,0.0,,
u_7967,0.0,-1,0.0,,
u_7968,0.0,-1,0.0,,
u_7969,0.0,-1,0.0,,
u_7970,0.0,-1,0.0,,
u_7971,0.0,-1,0.0,,
u_7972,0.0,-1,0.0,,
u_7973,0.043034914056465874,3264,0.0,0.787,0.0
u_7974,0.0,-1,0.0,,
u_7975,0.0,-1,0.0,,
u_7976,0.10568662961371196,341,0.0,0.687,0.0
u_7977,0.0,-1,0.0,,
u_7978,0.0,-1,0.0,,
u_7979,0.0,-1,0.0,,
u_7980,0.0,-1,0.0,,
u_7981,0.08417531978986129,543,0.0,0.787,0.0
u_7982,0.0,-1,0.0,,
u_7983,0.08127686405750255,112,0.0,0.787,0.0
u_7984,0.00030950841170701625,1014,0.0,0.003,0.0
u_7985,0.0,-1,0.0,,
u_7986,0.0,-1,0.0,,
u_7987,0.0,-1,0.0,,
u_7988,0.0,-1,0.0,,
u_7989,0.12471829450845176,509,0.0,0.787,0.0
u_7990,0.04569323244917555,254,0.0,0.442,0.0
u_7991,0.0,-1,0.0,,
u_7992,0.041359265553878526,438,0.0,0.787,0.0
u_7993,0.0,-1,0.0,,
u_7994,0.0,-1,0.0,,
u_7995,0.08366514973806216,2619,0.0,0.787,0.0
u_7996,0.0,-1,0.0,,
u_7997,0.0,-1,0.0,,
u_7998,6.152693633011425e-05,521,0.0,0.001,0.0
u_7999,0.0426043967088087,118,0.0,0.787,0.0
u_8000,0.08210076148958541,81,0.0,0.787,0.0
u_8001,0.0,-1,0.0,,
u_8002,0.08417531978986129,2842,0.0,0.787,0.0
u_8003,0.04262352067248474,1415,0.0,0.787,0.0
u_8004,0.0,-1,0.0,,
u_8005,0.0,-1,0.0,,
u_8006,0.0,-1,0.0,,
u_8007,0.043034914056465874,2053,0.0,0.787,0.0
u_8008,0.0062723944636327,1414,0.0,0.061,0.0
u_8009,0.0,-1,0.0,,
u_8010,0.11235141339365637,71,0.0,0.734,0.0
u_8011,0.043034914056465874,2595,0.0,0.787,0.0
u_8012,0.0,-1,0.0,,
u_8013,0.043034914056465874,4972,0.0,0.787,0.0
u_8014,0.00018533094092673937,1517,0.0,0.003,0.0
u_8015,0.0,-1,0.0,,
u_8016,0.00833990924289201,3887,0.0,0.152,0.0
u_8017,0.0,-1,0.0,,
u_8018,0.00769166960050515,3842,0.0,0.141,0.0
u_8019,0.043034914056465874,3553,0.0,0.787,0.0
u_8020,0.0,-1,0.0,,
u_8021,0.0,-1,0.0,,
u_8022,0.000262575794926,615,0.0,0.005,0.0
u_8023,0.0,-1,0.0,,
u_8024,0.00015807876812851425,1393,0.0,0.003,0.0
u_8025,0.0,-1,0.0,,
u_8026,0.0,-1,0.0,,
u_8027,0.0,-1,0.0,,
u_8028,0.0,-1,0.0,,
u_8029,0.0,-1,0.0,,
u_8030,0.0,-1,0.0,,
u_8031,0.0,-1,0.0,,
u_8032,0.0,-1,0.0,,
u_8033,0.0027782232228898743,3279,0.0,0.051,0.0
u_8034,0.01201056400548134,3714,0.0,0.112,0.0
u_8035,0.040876360346515976,2294,0.0,0.787,0.0
u_8036,0.0,-1,0.0,,
u_8037,0.0,-1,0.0,,
u_8038,0.0,-1,0.0,,
u_8039,0.0058771925589492895,2931,0.0,0.105,0.0
u_8040,0.12349291705291654,707,0.0,0.787,0.0
u_8041,0.0010730815098471912,2714,0.0,0.02,0.0
u_8042,0.03989168482799156,1034,0.0,0.787,0.0
u_8043,0.0,-1,0.0,,
u_8044,0.0,-1,0.0,,
u_8045,0.0,-1,0.0,,
u_8046,0.04386734101306438,338,0.0,0.787,0.0
u_8047,0.0,-1,0.0,,
u_8048,0.08551254699747374,4070,0.0,0.787,0.0
u_8049,0.0,-1,0.0,,
u_8050,0.03819227268869826,1871,0.0,0.719,0.0
u_8051,0.0,-1,0.0,,
u_8052,0.0,-1,0.0,,
u_8053,0.0,-1,0.0,,
u_8054,0.0,-1,0.0,,
u_8055,0.06648959503756734,4542,0.0,0.621,0.0
u_8056,0.0,-1,0.0,,
u_8057,0.0,-1,0.0,,
u_8058,0.03988865234748942,933,0.0,0.787,0.0
u_8059,0.039891678639772186,832,0.0,0.787,0.0
u_8060,0.043034914056465874,4973,0.0,0.787,0.0
u_8061,0.0,-1,0.0,,
u_8062,0.0,-1,0.0,,
u_8063,0.0,-1,0.0,,
u_8064,0.0,-1,0.0,,
u_8065,0.0,-1,0.0,,
u_8066,0.0,-1,0.0,,
u_8067,0.0,-1,0.0,,
u_8068,0.0,-1,0.0,,
u_8069,0.0,-1,0.0,,
u_8070,0.0008127208696003705,2104,0.0,0.008,0.0
u_8071,0.0,-1,0.0,,
u_8072,0.0,-1,0.0,,
u_8073,0.04097125132542419,1868,0.0,0.787,0.0
u_8074,0.04370977228788947,2240,0.0,0.787,0.0
u_8075,0.00046703355069132224,332,0.0,0.009,0.0
u_8076,0.0054710284082422015,3663,0.0,0.1,0.0
u_8077,0.04012964146861249,472,0.0,0.787,0.0
u_8078,0.043034914056465874,4528,0.0,0.787,0.0
u_8079,0.0,-1,0.0,,
u_8080,0.0,-1,0.0,,
u_8081,0.0,-1,0.0,,
u_8082,0.043034914056465874,3076,0.0,0.787,0.0
u_8083,0.0,-1,0.0,,
u_8084,0.05258161767583938,4419,0.0,0.484,0.0
u_8085,0.0,-1,0.0,,
u_8086,0.00032786591133612163,1084,0.0,0.003,0.0
u_8087,0.0743870177758842,2191,0.0,0.353,0.0
u_8088,0.0009342875510862593,1876,0.0,0.006,0.0
u_8089,0.08200346597469517,222,0.0,0.787,0.0
u_8090,0.0,-1,0.0,,
u_8091,0.0,-1,0.0,,
u_8092,0.043034914056465874,792,0.0,0.787,0.0
u_8093,0.0,-1,0.0,,
u_8094,0.02773324870715072,1738,0.0,0.172,0.0
u_8095,0.03887988432659935,3760,0.0,0.746,0.0
u_8096,0.0,-1,0.0,,
u_8097,0.0,-1,0.0,,
u_8098,0.044371176688365314,1956,0.0,0.787,0.0
u_8099,0.0,-1,0.0,,
u_8100,0.009813825755254989,1220,0.0,0.063,0.0
u_8101,0.0,-1,0.0,,
u_8102,0.0003393410675967685,1950,0.0,0.006,0.0
u_8103,0.0,-1,0.0,,
u_8104,0.0,-1,0.0,,
u_8105,0.0,-1,0.0,,
u_8106,0.043034914056465874,4595,0.0,0.787,0.0
u_8107,0.043034914056465874,5928,0.0,0.787,0.0
u_8108,0.0,-1,0.0,,
u_8109,6.163266989240257e-05,169,0.0,0.001,0.0
u_8110,0.0,-1,0.0,,
u_8111,0.0,-1,0.0,,
u_8112,0.0,-1,0.0,,
u_8113,0.0,-1,0.0,,
u_8114,0.0,-1,0.0,,
u_8115,0.0,-1,0.0,,
u_8116,0.00011859830872321438,504,0.0,0.001,0.0
u_8117,0.043034914056465874,1878,0.0,0.787,0.0
u_8118,0.04137262965642234,2798,0.0,0.787,0.0
u_8119,0.043034914056465874,5929,0.0,0.787,0.0
u_8120,0.04280145619734252,1276,0.0,0.787,0.0
u_8121,0.01713507191266034,1931,0.0,0.163,0.0
u_8122,0.0018441018882803177,2290,0.0,0.034,0.0
u_8123,0.03480559001969158,472,0.0,0.669,0.0
u_8124,0.0,-1,0.0,,
u_8125,0.08551327255239245,1239,0.0,0.787,0.0
u_8126,0.0,-1,0.0,,
u_8127,0.014526432755140423,402,0.0,0.141,0.0
u_8128,0.01959110100646023,4273,0.0,0.358,0.0
u_8129,0.0,-1,0.0,,
u_8130,0.040571189825947616,1945,0.0,0.787,0.0
u_8131,0.043034914056465874,3792,0.0,0.787,0.0
u_8132,0.0,-1,0.0,,
u_8133,0.0034034822505443056,1767,0.0,0.032,0.0
u_8134,0.043034914056465874,3434,0.0,0.787,0.0
u_8135,0.0,-1,0.0,,
u_8136,0.0,-1,0.0,,
u_8137,0.0,-1,0.0,,
u_8138,0.0,-1,0.0,,
u_8139,0.03116619860508487,176,0.0,0.598,0.0
u_8140,0.001869040545216577,3053,0.0,0.034,0.0
u_8141,0.043034914056465874,4974,0.0,0.787,0.0
u_8142,0.03988991720946453,4266,0.0,0.787,0.0
u_8143,0.0,-1,0.0,,
u_8144,0.0,-1,0.0,,
u_8145,0.0,-1,0.0,,
u_8146,0.0,-1,0.0,,
u_8147,0.0001838269791617408,174,0.0,0.002,0.0
u_8148,0.001161326699447546,797,0.0,0.011,0.0
u_8149,0.043541213919811556,603,0.0,0.787,0.0
u_8150,0.0,-1,0.0,,
u_8151,0.0,-1,0.0,,
u_8152,0.03988818424934079,321,0.0,0.787,0.0
u_8153,0.0,-1,0.0,,
u_8154,0.00024646202843072275,1198,0.0,0.002,0.0
u_8155,0.0,-1,0.0,,
u_8156,0.0,-1,0.0,,
u_8157,0.0,-1,0.0,,
u_8158,0.0,-1,0.0,,
u_8159,0.08074305849205266,243,0.0,0.787,0.0
u_8160,0.0,-1,0.0,,
u_8161,0.041381503584499275,2486,0.0,0.787,0.0
u_8162,0.0,-1,0.0,,
u_8163,0.01228001562868675,661,0.0,0.115,0.0
u_8164,0.0,-1,0.0,,
u_8165,0.1194296715189112,1308,0.0,0.787,0.0
u_8166,0.00016255871565114879,1413,0.0,0.003,0.0
u_8167,0.043995088082155936,966,0.0,0.787,0.0
u_8168,0.0,-1,0.0,,
u_8169,0.0,-1,0.0,,
u_8170,0.0,-1,0.0,,
u_8171,0.0,-1,0.0,,
u_8172,0.0,-1,0.0,,
u_8173,0.0,-1,0.0,,
u_8174,0.0,-1,0.0,,
u_8175,0.043034914056465874,4229,0.0,0.787,0.0
u_8176,0.03989029829809279,620,0.0,0.787,0.0
u_8177,0.0,-1,0.0,,
u_8178,0.0008152622387849394,162,0.0,0.005,0.0
u_8179,0.0,-1,0.0,,
u_8180,0.05044045604329212,904,0.0,0.976,0.0
u_8181,0.03988825127168464,2372,0.0,0.787,0.0
u_8182,0.0,-1,0.0,,
u_8183,0.04065385614153393,343,0.0,0.787,0.0
u_8184,0.043034914056465874,4638,0.0,0.787,0.0
u_8185,0.0430320528123809,1914,0.0,0.787,0.0
u_8186,0.0,-1,0.0,,
u_8187,0.0005406029550797508,2283,0.0,0.01,0.0
u_8188,0.0,-1,0.0,,
u_8189,0.02412033481657502,4177,0.0,0.468,0.0
u_8190,0.0,-1,0.0,,
u_8191,0.0,-1,0.0,,
u_8192,0.040961762650460386,2264,0.0,0.787,0.0
u_8193,0.0,-1,0.0,,
u_8194,0.0,-1,0.0,,
u_8195,0.0,-1,0.0,,
u_8196,0.0,-1,0.0,,
u_8197,0.0,-1,0.0,,
u_8198,0.0,-1,0.0,,
u_8199,0.0,-1,0.0,,
u_8200,0.0,-1,0.0,,
u_8201,0.0,-1,0.0,,
u_8202,0.0,-1,0.0,,
u_8203,0.0,-1,0.0,,
u_8204,0.004454184621823672,3552,0.0,0.081,0.0
u_8205,0.0,-1,0.0,,
u_8206,0.04117533467505271,322,0.0,0.787,0.0
u_8207,0.0009473174495934869,2643,0.0,0.017,0.0
u_8208,0.0,-1,0.0,,
u_8209,0.0817072274541714,2197,0.0,0.773,0.0
u_8210,0.04434416597114926,1085,0.0,0.801,0.0
u_8211,0.0,-1,0.0,,
u_8212,0.043034914056465874,5930,0.0,0.787,0.0
u_8213,0.0,-1,0.0,,
u_8214,0.00016515649500536465,1424,0.0,0.003,0.0
u_8215,0.08158501797372623,2627,0.0,0.787,0.0
u_8216,0.0,-1,0.0,,
u_8217,0.0,-1,0.0,,
u_8218,0.0,-1,0.0,,
u_8219,0.00016010699915147017,814,0.0,0.001,0.0
u_8220,0.001758436483017783,3025,0.0,0.032,0.0
u_8221,0.00010778397380103175,1078,0.0,0.002,0.0
u_8222,0.0,-1,0.0,,
u_8223,0.0036137189303330547,3442,0.0,0.066,0.0
u_8224,0.0,-1,0.0,,
u_8225,0.0,-1,0.0,,
u_8226,0.017299443740031454,1804,0.0,0.312,0.0
u_8227,0.008756125095004869,3917,0.0,0.16,0.0
u_8228,0.043034914056465874,3279,0.0,0.787,0.0
u_8229,0.007761001896551603,5,0.0,0.144,0.0
u_8230,0.0,-1,0.0,,
u_8231,0.012742204984990672,2631,0.0,0.229,0.0
u_8232,0.0,-1,0.0,,
u_8233,0.00026395159321889426,1252,0.0,0.002,0.0
u_8234,0.024653640963149794,1403,0.0,0.458,0.0
u_8235,0.0,-1,0.0,,
u_8236,0.043034914056465874,5931,0.0,0.787,0.0
u_8237,0.005054062729395401,1531,0.0,0.024,0.0
u_8238,0.043034914056465874,1132,0.0,0.787,0.0
u_8239,0.043034914056465874,4975,0.0,0.787,0.0
u_8240,0.0,-1,0.0,,
u_8241,0.04079737604787805,2018,0.0,0.787,0.0
u_8242,0.0,-1,0.0,,
u_8243,0.043034914056465874,4092,0.0,0.787,0.0
u_8244,0.0019848429398661017,427,0.0,0.019,0.0
u_8245,0.0,-1,0.0,,
u_8246,0.0,-1,0.0,,
u_8247,0.04162112151088541,297,0.0,0.787,0.0
u_8248,0.0035785444825259514,266,0.0,0.07,0.0
u_8249,0.01252985529910655,1893,0.0,0.223,0.0
u_8250,0.0,-1,0.0,,
u_8251,0.0,-1,0.0,,
u_8252,0.0,-1,0.0,,
u_8253,0.0,-1,0.0,,
u_8254,0.0,-1,0.0,,
u_8255,4.65839808283477e-05,224,0.0,0.001,0.0
u_8256,0.003017729349211417,2980,0.0,0.029,0.0
u_8257,0.043034914056465874,4782,0.0,0.787,0.0
u_8258,0.0,-1,0.0,,
u_8259,0.043034914056465874,331,0.0,0.787,0.0
u_8260,0.04089950345609933,49,0.0,0.787,0.0
u_8261,0.07922619236377061,1571,0.0,0.787,0.0
u_8262,0.041730041310198744,3689,0.0,0.787,0.0
u_8263,0.0425946308725843,467,0.0,0.787,0.0
u_8264,0.027224233014901802,4408,0.0,0.512,0.0
u_8265,0.043034914056465874,4976,0.0,0.787,0.0
u_8266,6.305875286735456e-05,541,0.0,0.001,0.0
u_8267,0.0,-1,0.0,,
u_8268,0.0,-1,0.0,,
u_8269,0.043034914056465874,4977,0.0,0.787,0.0
u_8270,0.043034914056465874,2854,0.0,0.787,0.0
u_8271,0.02977748578665347,4482,0.0,0.544,0.0
u_8272,0.018446611825401485,222,0.0,0.361,0.0
u_8273,0.04213985460572332,3011,0.0,0.787,0.0
u_8274,0.015347704458685354,4164,0.0,0.281,0.0
u_8275,0.08236439699483072,2080,0.0,0.787,0.0
u_8276,0.0,-1,0.0,,
u_8277,0.0,-1,0.0,,
u_8278,0.0002039502777082102,5,0.0,0.002,0.0
u_8279,0.013077097480667968,4102,0.0,0.239,0.0
u_8280,0.0,-1,0.0,,
u_8281,9.574857754285644e-05,254,0.0,0.002,0.0
u_8282,0.0,-1,0.0,,
u_8283,0.0,-1,0.0,,
u_8284,0.043034914056465874,741,0.0,0.787,0.0
u_8285,0.043034914056465874,4978,0.0,0.787,0.0
u_8286,0.0,-1,0.0,,
u_8287,0.0823587489431728,4259,0.0,0.787,0.0
u_8288,0.039887425494562936,616,0.0,0.787,0.0
u_8289,0.0,-1,0.0,,
u_8290,0.06425129099331313,1120,0.0,0.615,0.0
u_8291,0.043034914056465874,5932,0.0,0.787,0.0
u_8292,0.043034914056465874,4947,0.0,0.787,0.0
u_8293,0.0,-1,0.0,,
u_8294,0.0,-1,0.0,,
u_8295,0.08417531978986129,4324,0.0,0.787,0.0
u_8296,0.04076676030506167,1338,0.0,0.787,0.0
u_8297,0.0,-1,0.0,,
u_8298,0.08475456652831906,1135,0.0,0.787,0.0
u_8299,0.0002049488455851634,1056,0.0,0.002,0.0
u_8300,0.0,-1,0.0,,
u_8301,0.043034914056465874,4979,0.0,0.787,0.0
u_8302,0.0,-1,0.0,,
u_8303,0.0,-1,0.0,,
u_8304,0.0,-1,0.0,,
u_8305,0.08326057208221031,1571,0.0,0.787,0.0
u_8306,0.0,-1,0.0,,
u_8307,0.0,-1,0.0,,
u_8308,0.00036921949189704865,61,0.0,0.003,0.0
u_8309,0.04531680351932762,4122,0.0,0.787,0.0
u_8310,0.0,-1,0.0,,
u_8311,0.00035867465630985,1849,0.0,0.007,0.0
u_8312,0.08417531978986129,4644,0.0,0.787,0.0
u_8313,0.08369925436827615,357,0.0,0.787,0.0
u_8314,0.043034914056465874,3346,0.0,0.787,0.0
u_8315,0.0,-1,0.0,,
u_8316,0.03407657694951588,4545,0.0,0.623,0.0
u_8317,0.0,-1,0.0,,
u_8318,0.0,-1,0.0,,
u_8319,0.0,-1,0.0,,
u_8320,0.0,-1,0.0,,
u_8321,0.0,-1,0.0,,
u_8322,0.043034914056465874,4980,0.0,0.787,0.0
u_8323,0.043034914056465874,2134,0.0,0.787,0.0
u_8324,0.0009248546405201904,2128,0.0,0.016,0.0
u_8325,0.0,-1,0.0,,
u_8326,0.0,-1,0.0,,
u_8327,0.0,-1,0.0,,
u_8328,0.0,-1,0.0,,
u_8329,0.0,-1,0.0,,
u_8330,0.043034914056465874,4915,0.0,0.787,0.0
u_8331,0.020697156462978643,1352,0.0,0.399,0.0
u_8332,0.0,-1,0.0,,
u_8333,0.006447746353944758,3744,0.0,0.118,0.0
u_8334,0.0,-1,0.0,,
u_8335,0.0,-1,0.0,,
u_8336,0.0,-1,0.0,,
u_8337,0.0,-1,0.0,,
u_8338,0.04305775077555436,1235,0.0,0.787,0.0
u_8339,0.0,-1,0.0,,
u_8340,0.0,-1,0.0,,
u_8341,0.043034914056465874,3276,0.0,0.787,0.0
u_8342,0.0,-1,0.0,,
u_8343,0.0,-1,0.0,,
u_8344,9.032163986172512e-05,923,0.0,0.002,0.0
u_8345,0.0,-1,0.0,,
u_8346,0.043034914056465874,4452,0.0,0.787,0.0
u_8347,0.0018509546762160902,89,0.0,0.012,0.0
u_8348,0.043034914056465874,782,0.0,0.787,0.0
u_8349,0.0,-1,0.0,,
u_8350,0.0008477782982646362,2567,0.0,0.015,0.0
u_8351,0.043034914056465874,4981,0.0,0.787,0.0
u_8352,0.0,-1,0.0,,
u_8353,0.015852405390580856,4181,0.0,0.29,0.0
u_8354,0.0,-1,0.0,,
u_8355,0.03684856939992126,4581,0.0,0.674,0.0
u_8356,0.0,-1,0.0,,
u_8357,0.0,-1,0.0,,
u_8358,0.0,-1,0.0,,
u_8359,0.0,-1,0.0,,
u_8360,0.043034914056465874,4982,0.0,0.787,0.0
u_8361,0.043034914056465874,4983,0.0,0.787,0.0
u_8362,0.08237386937878868,2945,0.0,0.787,0.0
u_8363,0.0,-1,0.0,,
u_8364,0.040100876825992685,3283,0.0,0.787,0.0
u_8365,0.0,-1,0.0,,
u_8366,7.065638847811991e-05,667,0.0,0.001,0.0
u_8367,0.0,-1,0.0,,
u_8368,0.039890805703285875,1269,0.0,0.787,0.0
u_8369,0.0,-1,0.0,,
u_8370,0.0,-1,0.0,,
u_8371,0.0,-1,0.0,,
u_8372,0.043034914056465874,4984,0.0,0.787,0.0
u_8373,0.003588849251535411,3440,0.0,0.066,0.0
u_8374,0.0,-1,0.0,,
u_8375,0.04262557980267271,2019,0.0,0.787,0.0
u_8376,0.0,-1,0.0,,
u_8377,0.0,-1,0.0,,
u_8378,0.0,-1,0.0,,
u_8379,0.0,-1,0.0,,
u_8380,0.0,-1,0.0,,
u_8381,0.0,-1,0.0,,
u_8382,0.04351184610330989,2789,0.0,0.787,0.0
u_8383,0.0,-1,0.0,,
u_8384,0.0,-1,0.0,,
u_8385,0.0,-1,0.0,,
u_8386,0.0,-1,0.0,,
u_8387,0.0,-1,0.0,,
u_8388,0.0,-1,0.0,,
u_8389,0.0,-1,0.0,,
u_8390,0.0,-1,0.0,,
u_8391,0.039888541483440156,1069,0.0,0.787,0.0
u_8392,0.0,-1,0.0,,
u_8393,0.045441112212333566,4645,0.0,0.806,0.0
u_8394,0.039888865110191546,1301,0.0,0.787,0.0
u_8395,0.0,-1,0.0,,
u_8396,0.043034914056465874,4985,0.0,0.787,0.0
u_8397,0.043034914056465874,4986,0.0,0.787,0.0
u_8398,0.0,-1,0.0,,
u_8399,0.043034914056465874,1059,0.0,0.787,0.0
u_8400,0.0,-1,0.0,,
u_8401,0.0018441413269937354,3043,0.0,0.034,0.0
u_8402,0.06734210318545822,1607,0.0,0.619,0.0
u_8403,0.0,-1,0.0,,
u_8404,0.0,-1,0.0,,
u_8405,0.0,-1,0.0,,
u_8406,0.0,-1,0.0,,
u_8407,0.052175803843395006,1976,0.0,0.942,0.0
u_8408,0.03988951887592331,3809,0.0,0.787,0.0
u_8409,0.020489129291614654,4300,0.0,0.375,0.0
u_8410,0.0,-1,0.0,,
u_8411,0.043034914056465874,5933,0.0,0.787,0.0
u_8412,0.07972790492626804,765,0.0,0.787,0.0
u_8413,0.0,-1,0.0,,
u_8414,0.043034914056465874,5934,0.0,0.787,0.0
u_8415,0.043034914056465874,4987,0.0,0.787,0.0
u_8416,0.0,-1,0.0,,
u_8417,0.0,-1,0.0,,
u_8418,0.043034914056465874,4988,0.0,0.787,0.0
u_8419,0.00910581513521463,820,0.0,0.059,0.0
u_8420,0.03989316822337022,2295,0.0,0.787,0.0
u_8421,0.0,-1,0.0,,
u_8422,0.0,-1,0.0,,
u_8423,0.0,-1,0.0,,
u_8424,0.043034914056465874,4128,0.0,0.787,0.0
u_8425,0.0,-1,0.0,,
u_8426,0.043034914056465874,5935,0.0,0.787,0.0
u_8427,0.0,-1,0.0,,
u_8428,0.08417531978986129,156,0.0,0.787,0.0
u_8429,0.043034914056465874,4714,0.0,0.787,0.0
u_8430,0.0015081405461613438,2320,0.0,0.027,0.0
u_8431,0.0,-1,0.0,,
u_8432,0.043034914056465874,4989,0.0,0.787,0.0
u_8433,0.0,-1,0.0,,
u_8434,0.0,-1,0.0,,
u_8435,0.0,-1,0.0,,
u_8436,0.000789346042150872,2529,0.0,0.014,0.0
u_8437,0.0,-1,0.0,,
u_8438,0.0,-1,0.0,,
u_8439,0.02179190897123199,450,0.0,0.202,0.0
u_8440,0.0,-1,0.0,,
u_8441,0.0,-1,0.0,,
u_8442,0.0,-1,0.0,,
u_8443,0.08236630710979355,5936,0.0,0.787,0.0
u_8444,0.0,-1,0.0,,
u_8445,0.0,-1,0.0,,
u_8446,0.0006223285477262364,1000,0.0,0.011,0.0
u_8447,0.08027402391384174,1001,0.0,0.787,0.0
u_8448,0.043034914056465874,2431,0.0,0.787,0.0
u_8449,0.0,-1,0.0,,
u_8450,0.0,-1,0.0,,
u_8451,0.03993471492145582,185,0.0,0.787,0.0
u_8452,0.12259981941594365,2792,0.0,0.787,0.0
u_8453,0.0,-1,0.0,,
u_8454,0.0014930430263062726,7,0.0,0.029,0.0
u_8455,0.0,-1,0.0,,
u_8456,0.08515639925752981,277,0.0,0.787,0.0
u_8457,0.04131397205135917,292,0.0,0.787,0.0
u_8458,0.005903170769496084,1352,0.0,0.055,0.0
u_8459,0.043034914056465874,4990,0.0,0.787,0.0
u_8460,0.04057436002235134,4587,0.0,0.787,0.0
u_8461,0.0,-1,0.0,,
u_8462,0.0,-1,0.0,,
u_8463,0.0,-1,0.0,,
u_8464,0.0,-1,0.0,,
u_8465,0.0009137821790547932,887,0.0,0.006,0.0
u_8466,0.0001812462258171945,888,0.0,0.003,0.0
u_8467,0.0,-1,0.0,,
u_8468,0.07963252622341084,3932,0.0,0.787,0.0
u_8469,0.0,-1,0.0,,
u_8470,0.043034914056465874,4946,0.0,0.787,0.0
u_8471,0.043034914056465874,4991,0.0,0.787,0.0
u_8472,0.0010826059189761388,2719,0.0,0.02,0.0
u_8473,0.043034914056465874,3890,0.0,0.787,0.0
u_8474,0.07922748051247266,588,0.0,0.787,0.0
u_8475,0.0,-1,0.0,,
u_8476,0.0,-1,0.0,,
u_8477,0.0,-1,0.0,,
u_8478,0.0,-1,0.0,,
u_8479,0.0,-1,0.0,,
u_8480,0.0,-1,0.0,,
u_8481,0.0,-1,0.0,,
u_8482,0.0027674020470525164,3275,0.0,0.051,0.0
u_8483,0.03988887514953587,1148,0.0,0.787,0.0
u_8484,0.00010767967870050371,419,0.0,0.001,0.0
u_8485,0.0412831235042909,4617,0.0,0.755,0.0
u_8486,0.043034914056465874,618,0.0,0.787,0.0
u_8487,0.043034914056465874,4089,0.0,0.787,0.0
u_8488,0.0,-1,0.0,,
u_8489,0.08100757787080404,2666,0.0,0.757,0.0
u_8490,0.040723191679289394,118,0.0,0.787,0.0
u_8491,0.0012449969719001345,1905,0.0,0.012,0.0
u_8492,0.0,-1,0.0,,
u_8493,0.0,-1,0.0,,
u_8494,0.0,-1,0.0,,
u_8495,0.03988967961716509,710,0.0,0.787,0.0
u_8496,0.0,-1,0.0,,
u_8497,0.04254650864456509,1377,0.0,0.269,0.0
u_8498,0.0,-1,0.0,,
u_8499,0.08417531978986129,719,0.0,0.787,0.0
u_8500,0.0,-1,0.0,,
u_8501,0.0,-1,0.0,,
u_8502,0.0,-1,0.0,,
u_8503,0.043034914056465874,5937,0.0,0.787,0.0
u_8504,0.0,-1,0.0,,
u_8505,0.0,-1,0.0,,
u_8506,0.0,-1,0.0,,
u_8507,0.0003533547270347654,1493,0.0,0.003,0.0
u_8508,0.0,-1,0.0,,
u_8509,0.0003784620967302786,2043,0.0,0.007,0.0
u_8510,0.0,-1,0.0,,
u_8511,0.02350201402564947,2105,0.0,0.232,0.0
u_8512,0.000279646771106978,1797,0.0,0.005,0.0
u_8513,0.0,-1,0.0,,
u_8514,0.0,-1,0.0,,
u_8515,0.003514334958191883,1212,0.0,0.066,0.0
u_8516,0.0008083323563476805,2523,0.0,0.014,0.0
u_8517,0.08166914021488413,128,0.0,0.787,0.0
u_8518,0.0,-1,0.0,,
u_8519,0.0,-1,0.0,,
u_8520,0.039888697835705304,2473,0.0,0.787,0.0
u_8521,0.0017128532094151051,1418,0.0,0.033,0.0
u_8522,0.0,-1,0.0,,
u_8523,0.0012482366688182757,2802,0.0,0.022,0.0
u_8524,0.06745359727975504,161,0.0,0.669,0.0
u_8525,0.0001323352031659829,1251,0.0,0.002,0.0
u_8526,0.0,-1,0.0,,
u_8527,0.003215007699738243,3370,0.0,0.059,0.0
u_8528,0.0,-1,0.0,,
u_8529,0.03988724510713018,917,0.0,0.787,0.0
u_8530,0.0,-1,0.0,,
u_8531,0.0,-1,0.0,,
u_8532,0.10085698857652854,511,0.0,0.963,0.0
u_8533,0.0,-1,0.0,,
u_8534,0.0,-1,0.0,,
u_8535,0.043034914056465874,4992,0.0,0.787,0.0
u_8536,0.0003451959367214177,1967,0.0,0.006,0.0
u_8537,0.0,-1,0.0,,
u_8538,0.08348770446044691,277,0.0,0.787,0.0
u_8539,0.04045508592630284,222,0.0,0.787,0.0
u_8540,0.0,-1,0.0,,
u_8541,0.00871515226724982,2270,0.0,0.161,0.0
u_8542,0.08128482394236085,297,0.0,0.787,0.0
u_8543,0.043034914056465874,2277,0.0,0.787,0.0
u_8544,0.0,-1,0.0,,
u_8545,0.0,-1,0.0,,
u_8546,0.0,-1,0.0,,
u_8547,0.0,-1,0.0,,
u_8548,0.0,-1,0.0,,
u_8549,0.002511240509252232,358,0.0,0.049,0.0
u_8550,0.008997949398930668,1673,0.0,0.056,0.0
u_8551,0.043034914056465874,4993,0.0,0.787,0.0
u_8552,0.0,-1,0.0,,
u_8553,0.0,-1,0.0,,
u_8554,0.0,-1,0.0,,
u_8555,0.0,-1,0.0,,
u_8556,0.060890412322203255,2680,0.0,0.559,0.0
u_8557,0.0822146094024419,729,0.0,0.787,0.0
u_8558,0.0014236072805474608,2902,0.0,0.026,0.0
u_8559,0.0,-1,0.0,,
u_8560,0.0,-1,0.0,,
u_8561,0.0,-1,0.0,,
u_8562,0.0,-1,0.0,,
u_8563,0.0,-1,0.0,,
u_8564,0.011037781905525457,523,0.0,0.205,0.0
u_8565,0.0,-1,0.0,,
u_8566,0.043034914056465874,2160,0.0,0.787,0.0
u_8567,0.039888792030524416,2064,0.0,0.787,0.0
u_8568,0.043034914056465874,4994,0.0,0.787,0.0
u_8569,0.041150166937456524,1943,0.0,0.787,0.0
u_8570,0.0017931423230927721,3021,0.0,0.032,0.0
u_8571,0.04078850328356066,332,0.0,0.787,0.0
u_8572,0.0426840118651082,3577,0.0,0.787,0.0
u_8573,0.04343698191144944,333,0.0,0.787,0.0
u_8574,0.043034914056465874,5845,0.0,0.787,0.0
u_8575,0.0,-1,0.0,,
u_8576,0.0,-1,0.0,,
u_8577,0.042130407716432006,4995,0.0,0.787,0.0
u_8578,0.003309003215798695,3356,0.0,0.058,0.0
u_8579,0.0,-1,0.0,,
u_8580,0.0,-1,0.0,,
u_8581,0.0,-1,0.0,,
u_8582,0.0,-1,0.0,,
u_8583,0.0,-1,0.0,,
u_8584,0.0,-1,0.0,,
u_8585,0.043034914056465874,5938,0.0,0.787,0.0
u_8586,0.041475677884525365,2282,0.0,0.787,0.0
u_8587,0.0,-1,0.0,,
u_8588,0.0,-1,0.0,,
u_8589,0.025828591834984208,4407,0.0,0.472,0.0
u_8590,0.0,-1,0.0,,
u_8591,0.0,-1,0.0,,
u_8592,0.0,-1,0.0,,
u_8593,0.0,-1,0.0,,
u_8594,0.0,-1,0.0,,
u_8595,0.0,-1,0.0,,
u_8596,0.0019366287741456854,2495,0.0,0.018,0.0
u_8597,0.0,-1,0.0,,
u_8598,0.002557754276608696,1418,0.0,0.025,0.0
u_8599,0.0,-1,0.0,,
u_8600,0.03183765233157395,77,0.0,0.303,0.0
u_8601,0.016489092702171547,3891,0.0,0.154,0.0
u_8602,0.04084377450115562,2996,0.0,0.787,0.0
u_8603,0.0,-1,0.0,,
u_8604,0.0,-1,0.0,,
u_8605,0.04347923205504286,1001,0.0,0.787,0.0
u_8606,0.043034914056465874,4996,0.0,0.787,0.0
u_8607,0.001155234675382278,2765,0.0,0.021,0.0
u_8608,0.042130407716432006,4997,0.0,0.787,0.0
u_8609,0.0,-1,0.0,,
u_8610,0.0,-1,0.0,,
u_8611,0.0,-1,0.0,,
u_8612,0.043034914056465874,4998,0.0,0.787,0.0
u_8613,0.0032145582898271885,3369,0.0,0.059,0.0
u_8614,0.0,-1,0.0,,
u_8615,0.04032920203590218,564,0.0,0.787,0.0
u_8616,0.00033593199328569326,1469,0.0,0.003,0.0
u_8617,0.0,-1,0.0,,
u_8618,0.0,-1,0.0,,
u_8619,0.043034914056465874,1178,0.0,0.787,0.0
u_8620,0.043034914056465874,4999,0.0,0.787,0.0
u_8621,0.0,-1,0.0,,
u_8622,0.0,-1,0.0,,
u_8623,0.0,-1,0.0,,
u_8624,0.0060741004880696895,3240,0.0,0.114,0.0
u_8625,0.0,-1,0.0,,
u_8626,0.043034914056465874,5000,0.0,0.787,0.0
u_8627,7.987861226344475e-05,856,0.0,0.002,0.0
u_8628,0.025355034780859934,4394,0.0,0.463,0.0
u_8629,0.0,-1,0.0,,
u_8630,0.0,-1,0.0,,
u_8631,0.0,-1,0.0,,
u_8632,0.0006640965283897819,53,0.0,0.004,0.0
u_8633,0.03446449676694347,811,0.0,0.212,0.0
u_8634,0.0,-1,0.0,,
u_8635,0.0,-1,0.0,,
u_8636,0.03988750426755616,615,0.0,0.787,0.0
u_8637,0.0,-1,0.0,,
u_8638,0.0,-1,0.0,,
u_8639,0.0004216897460820947,1617,0.0,0.004,0.0
u_8640,0.0,-1,0.0,,
u_8641,0.0,-1,0.0,,
u_8642,0.0,-1,0.0,,
u_8643,0.002773614950973433,3278,0.0,0.051,0.0
u_8644,0.00023132730349697663,1677,0.0,0.004,0.0
u_8645,0.0,-1,0.0,,
u_8646,0.0,-1,0.0,,
u_8647,0.0018451021053595008,1084,0.0,0.018,0.0
u_8648,0.0,-1,0.0,,
u_8649,0.04110893348434864,278,0.0,0.787,0.0
u_8650,0.0,-1,0.0,,
u_8651,0.0,-1,0.0,,
u_8652,0.04437259931571702,3543,0.0,0.787,0.0
u_8653,0.0,-1,0.0,,
u_8654,0.04936665894605982,4696,0.0,0.902,0.0
u_8655,0.0,-1,0.0,,
u_8656,0.0,-1,0.0,,
u_8657,8.097012359405356e-05,795,0.0,0.001,0.0
u_8658,0.0,-1,0.0,,
u_8659,0.0,-1,0.0,,
u_8660,0.04301901473719785,25,0.0,0.787,0.0
u_8661,0.0,-1,0.0,,
u_8662,0.0,-1,0.0,,
u_8663,8.708291208737061e-05,932,0.0,0.002,0.0
u_8664,0.0,-1,0.0,,
u_8665,0.0,-1,0.0,,
u_8666,0.0,-1,0.0,,
u_8667,0.0,-1,0.0,,
u_8668,0.0,-1,0.0,,
u_8669,0.00015253393898699612,811,0.0,0.001,0.0
u_8670,0.0023550902283674792,3158,0.0,0.042,0.0
u_8671,0.0,-1,0.0,,
u_8672,0.0,-1,0.0,,
u_8673,0.0,-1,0.0,,
u_8674,0.0266585914704113,4423,0.0,0.487,0.0
u_8675,0.0,-1,0.0,,
u_8676,0.0,-1,0.0,,
u_8677,0.043034914056465874,1447,0.0,0.787,0.0
u_8678,0.16536543225548925,327,0.0,0.787,0.0
u_8679,0.04236080800315116,266,0.0,0.787,0.0
u_8680,0.0004305737032229655,74,0.0,0.008,0.0
u_8681,0.0,-1,0.0,,
u_8682,0.0,-1,0.0,,
u_8683,0.0,-1,0.0,,
u_8684,0.0,-1,0.0,,
u_8685,0.040222015863649874,22,0.0,0.787,0.0
u_8686,0.044276313876111195,2374,0.0,0.787,0.0
u_8687,0.0,-1,0.0,,
u_8688,0.0,-1,0.0,,
u_8689,0.0,-1,0.0,,
u_8690,0.04087228065844537,523,0.0,0.787,0.0
u_8691,0.006769428990273973,225,0.0,0.126,0.0
u_8692,0.0,-1,0.0,,
u_8693,0.0,-1,0.0,,
u_8694,0.04329733754640704,1586,0.0,0.787,0.0
u_8695,0.0,-1,0.0,,
u_8696,0.0,-1,0.0,,
u_8697,0.0002338867867860487,1148,0.0,0.002,0.0
u_8698,0.0,-1,0.0,,
u_8699,0.0,-1,0.0,,
u_8700,0.0,-1,0.0,,
u_8701,0.0,-1,0.0,,
u_8702,0.043034914056465874,59,0.0,0.787,0.0
u_8703,0.043034914056465874,5939,0.0,0.787,0.0
u_8704,0.0,-1,0.0,,
u_8705,6.89665642211844e-05,637,0.0,0.001,0.0
u_8706,0.0,-1,0.0,,
u_8707,0.0,-1,0.0,,
u_8708,0.0,-1,0.0,,
u_8709,0.04013865225187368,193,0.0,0.787,0.0
u_8710,0.04415418266121857,942,0.0,0.787,0.0
u_8711,0.08551247665379878,2976,0.0,0.787,0.0
u_8712,0.0,-1,0.0,,
u_8713,0.0,-1,0.0,,
u_8714,0.043034914056465874,1413,0.0,0.787,0.0
u_8715,0.0,-1,0.0,,
u_8716,0.0,-1,0.0,,
u_8717,0.0,-1,0.0,,
u_8718,0.0,-1,0.0,,
u_8719,0.0,-1,0.0,,
u_8720,0.0,-1,0.0,,
u_8721,0.0,-1,0.0,,
u_8722,0.043034914056465874,1713,0.0,0.787,0.0
u_8723,0.0,-1,0.0,,
u_8724,0.0,-1,0.0,,
u_8725,0.0,-1,0.0,,
u_8726,0.0,-1,0.0,,
u_8727,0.0291154799610072,213,0.0,0.268,0.0
u_8728,0.043034914056465874,4224,0.0,0.787,0.0
u_8729,0.0,-1,0.0,,
u_8730,0.01389283661867234,1497,0.0,0.271,0.0
u_8731,0.04065658092222186,223,0.0,0.787,0.0
u_8732,0.004497129483974678,3544,0.0,0.08,0.0
u_8733,0.0,-1,0.0,,
u_8734,0.0,-1,0.0,,
u_8735,0.08652188882071427,457,0.0,0.787,0.0
u_8736,0.004671556304074683,3568,0.0,0.083,0.0
u_8737,0.0,-1,0.0,,
u_8738,0.0,-1,0.0,,
u_8739,0.0,-1,0.0,,
u_8740,0.0,-1,0.0,,
u_8741,0.0017894590602611528,3031,0.0,0.033,0.0
u_8742,0.0,-1,0.0,,
u_8743,0.0005535745836715285,1299,0.0,0.01,0.0
u_8744,0.0,-1,0.0,,
u_8745,0.0,-1,0.0,,
u_8746,0.00032771778499771786,1433,0.0,0.003,0.0
u_8747,0.040669787003000876,89,0.0,0.787,0.0
u_8748,0.0,-1,0.0,,
u_8749,0.0,-1,0.0,,
u_8750,0.0,-1,0.0,,
u_8751,0.02344244028891999,473,0.0,0.15,0.0
u_8752,0.0,-1,0.0,,
u_8753,0.00013091933217995513,1290,0.0,0.003,0.0
u_8754,0.043034914056465874,1121,0.0,0.787,0.0
u_8755,0.0,-1,0.0,,
u_8756,0.043034914056465874,3970,0.0,0.787,0.0
u_8757,0.00012469487550678126,1186,0.0,0.002,0.0
u_8758,0.0,-1,0.0,,
u_8759,0.0,-1,0.0,,
u_8760,0.0,-1,0.0,,
u_8761,0.0,-1,0.0,,
u_8762,0.0,-1,0.0,,
u_8763,5.032347873721369e-05,273,0.0,0.001,0.0
u_8764,0.0,-1,0.0,,
u_8765,0.03988887278674261,539,0.0,0.787,0.0
u_8766,0.015133062343016227,4158,0.0,0.277,0.0
u_8767,0.006477931758009025,3748,0.0,0.118,0.0
u_8768,0.0,-1,0.0,,
u_8769,0.08238254777861916,2690,0.0,0.787,0.0
u_8770,0.12171276945836022,481,0.0,0.787,0.0
u_8771,0.043034914056465874,5940,0.0,0.787,0.0
u_8772,0.002471238543756834,391,0.0,0.045,0.0
u_8773,0.002874611957711304,87,0.0,0.028,0.0
u_8774,0.04291137384860675,644,0.0,0.787,0.0
u_8775,0.0017868524255524989,633,0.0,0.017,0.0
u_8776,0.04199956176912052,845,0.0,0.787,0.0
u_8777,0.00021122280412034746,1096,0.0,0.002,0.0
u_8778,0.0,-1,0.0,,
u_8779,0.0,-1,0.0,,
u_8780,0.08236683609477086,2321,0.0,0.787,0.0
u_8781,0.0,-1,0.0,,
u_8782,0.0,-1,0.0,,
u_8783,0.0,-1,0.0,,
u_8784,0.002691459217847617,2898,0.0,0.026,0.0
u_8785,0.0,-1,0.0,,
u_8786,6.90487573508175e-05,638,0.0,0.001,0.0
u_8787,0.0,-1,0.0,,
u_8788,0.043034914056465874,4197,0.0,0.787,0.0
u_8789,0.04952021501233109,795,0.0,0.463,0.0
u_8790,0.0,-1,0.0,,
u_8791,0.0,-1,0.0,,
u_8792,0.04045274315851724,1095,0.0,0.787,0.0
u_8793,0.0,-1,0.0,,
u_8794,0.004277542713255981,3534,0.0,0.078,0.0
u_8795,0.043034914056465874,5001,0.0,0.787,0.0
u_8796,0.0,-1,0.0,,
u_8797,0.004401648136337873,74,0.0,0.043,0.0
u_8798,0.0,-1,0.0,,
u_8799,0.0070393471062028135,2003,0.0,0.135,0.0
u_8800,0.043034914056465874,4200,0.0,0.787,0.0
u_8801,0.028944493611346375,1379,0.0,0.277,0.0
u_8802,0.00520737435947631,3629,0.0,0.092,0.0
u_8803,0.0001787314565901843,1484,0.0,0.003,0.0
u_8804,0.0,-1,0.0,,
u_8805,0.00010665770539985706,383,0.0,0.001,0.0
u_8806,0.0,-1,0.0,,
u_8807,0.0,-1,0.0,,
u_8808,0.042819294787314666,157,0.0,0.787,0.0
u_8809,0.0,-1,0.0,,
u_8810,0.0,-1,0.0,,
u_8811,0.0,-1,0.0,,
u_8812,0.06698929239856227,2926,0.0,0.635,0.0
u_8813,0.043034914056465874,560,0.0,0.787,0.0
u_8814,0.043034914056465874,1843,0.0,0.787,0.0
u_8815,0.0,-1,0.0,,
u_8816,0.0,-1,0.0,,
u_8817,0.0,-1,0.0,,
u_8818,0.0,-1,0.0,,
u_8819,0.00028890957758835573,266,0.0,0.006,0.0
u_8820,0.023094717122903854,2796,0.0,0.437,0.0
u_8821,0.0,-1,0.0,,
u_8822,0.043034914056465874,5941,0.0,0.787,0.0
u_8823,0.0,-1,0.0,,
u_8824,0.0,-1,0.0,,
u_8825,0.0,-1,0.0,,
u_8826,0.0,-1,0.0,,
u_8827,0.03988798799511054,447,0.0,0.787,0.0
u_8828,0.0,-1,0.0,,
u_8829,0.0,-1,0.0,,
u_8830,0.0,-1,0.0,,
u_8831,0.03444935305137755,4531,0.0,0.611,0.0
u_8832,0.000869966212006103,2564,0.0,0.015,0.0
u_8833,0.0,-1,0.0,,
u_8834,0.0,-1,0.0,,
u_8835,0.09194354578512696,4629,0.0,0.859,0.0
u_8836,0.043034914056465874,3741,0.0,0.787,0.0
u_8837,0.0,-1,0.0,,
u_8838,0.08032927075505354,168,0.0,0.787,0.0
u_8839,0.04387727261545243,1904,0.0,0.787,0.0
u_8840,0.0003506773313041274,1170,0.0,0.002,0.0
u_8841,0.0,-1,0.0,,
u_8842,0.0,-1,0.0,,
u_8843,0.043034914056465874,5942,0.0,0.787,0.0
u_8844,0.00034982054789867395,33,0.0,0.006,0.0
u_8845,0.03988740157860556,2048,0.0,0.787,0.0
u_8846,0.0,-1,0.0,,
u_8847,5.5907859317543946e-05,428,0.0,0.001,0.0
u_8848,0.021354083646098223,488,0.0,0.402,0.0
u_8849,0.0,-1,0.0,,
u_8850,0.0,-1,0.0,,
u_8851,0.043034914056465874,4290,0.0,0.787,0.0
u_8852,0.0,-1,0.0,,
u_8853,0.0,-1,0.0,,
u_8854,0.0398877898557638,4652,0.0,0.787,0.0
u_8855,0.0,-1,0.0,,
u_8856,0.00010540022451450104,1062,0.0,0.002,0.0
u_8857,0.043034914056465874,5002,0.0,0.787,0.0
u_8858,0.006534173258378348,2667,0.0,0.128,0.0
u_8859,0.0,-1,0.0,,
u_8860,0.04057174794413322,2507,0.0,0.787,0.0
u_8861,0.0004844266537059935,1722,0.0,0.005,0.0
u_8862,0.041563944971974395,162,0.0,0.787,0.0
u_8863,0.0,-1,0.0,,
u_8864,0.10210288779084688,3399,0.0,0.927,0.0
u_8865,0.0,-1,0.0,,
u_8866,0.0,-1,0.0,,
u_8867,0.0029892227818617257,3317,0.0,0.055,0.0
u_8868,0.00024499320292379603,1713,0.0,0.004,0.0
u_8869,0.043034914056465874,5003,0.0,0.787,0.0
u_8870,0.0,-1,0.0,,
u_8871,0.0,-1,0.0,,
u_8872,0.11999586503669041,1945,0.0,0.787,0.0
u_8873,0.048616257636847245,217,0.0,0.456,0.0
u_8874,0.0,-1,0.0,,
u_8875,0.0,-1,0.0,,
u_8876,0.0,-1,0.0,,
u_8877,0.0,-1,0.0,,
u_8878,0.0,-1,0.0,,
u_8879,0.0,-1,0.0,,
u_8880,0.0,-1,0.0,,
u_8881,0.0,-1,0.0,,
u_8882,0.0,-1,0.0,,
u_8883,0.0008033560652614712,472,0.0,0.015,0.0
u_8884,0.03989808053303641,4657,0.0,0.787,0.0
u_8885,0.08417531978986129,3796,0.0,0.787,0.0
u_8886,0.08188578634715094,897,0.0,0.787,0.0
u_8887,0.0,-1,0.0,,
u_8888,0.002612360348930915,3238,0.0,0.048,0.0
u_8889,0.043034914056465874,2684,0.0,0.787,0.0
u_8890,0.0,-1,0.0,,
u_8891,0.0,-1,0.0,,
u_8892,0.07978275298088265,755,0.0,0.787,0.0
u_8893,0.043034914056465874,4264,0.0,0.787,0.0
u_8894,0.0006437781642436318,2373,0.0,0.011,0.0
u_8895,0.0,-1,0.0,,
u_8896,0.0,-1,0.0,,
u_8897,0.0,-1,0.0,,
u_8898,0.19053102298377772,61,0.0,0.726,0.0
u_8899,0.0,-1,0.0,,
u_8900,0.0,-1,0.0,,
u_8901,0.043034914056465874,5004,0.0,0.787,0.0
u_8902,0.0,-1,0.0,,
u_8903,0.0010179885524632436,141,0.0,0.019,0.0
u_8904,0.0,-1,0.0,,
u_8905,0.0,-1,0.0,,
u_8906,0.017814838066820576,4222,0.0,0.326,0.0
u_8907,0.04114135073729885,33,0.0,0.787,0.0
u_8908,0.0,-1,0.0,,
u_8909,0.02022694349765699,4290,0.0,0.37,0.0
u_8910,0.0415624335614842,968,0.0,0.787,0.0
u_8911,0.0,-1,0.0,,
u_8912,0.043034914056465874,880,0.0,0.787,0.0
u_8913,8.439697020696544e-05,86,0.0,0.001,0.0
u_8914,0.0,-1,0.0,,
u_8915,0.039889195664329816,1074,0.0,0.787,0.0
u_8916,0.0,-1,0.0,,
u_8917,0.040640557135735556,297,0.0,0.787,0.0
u_8918,0.0,-1,0.0,,
u_8919,0.0,-1,0.0,,
u_8920,0.0,-1,0.0,,
u_8921,0.043034914056465874,1984,0.0,0.787,0.0
u_8922,0.0,-1,0.0,,
u_8923,0.0,-1,0.0,,
u_8924,0.0,-1,0.0,,
u_8925,0.024787470817757222,4382,0.0,0.453,0.0
u_8926,0.0,-1,0.0,,
u_8927,0.0,-1,0.0,,
u_8928,0.0009083184932749094,2614,0.0,0.017,0.0
u_8929,9.795151088566783e-05,278,0.0,0.001,0.0
u_8930,0.011466568223548912,47,0.0,0.108,0.0
u_8931,0.0,-1,0.0,,
u_8932,0.014430438319351995,3820,0.0,0.135,0.0
u_8933,0.043034914056465874,3217,0.0,0.787,0.0
u_8934,0.04412681797284554,2002,0.0,0.787,0.0
u_8935,0.0,-1,0.0,,
u_8936,0.08234639935949625,1086,0.0,0.787,0.0
u_8937,0.0,-1,0.0,,
u_8938,0.0,-1,0.0,,
u_8939,0.0,-1,0.0,,
u_8940,0.015101865265314476,4154,0.0,0.276,0.0
u_8941,0.011261101722642494,419,0.0,0.221,0.0
u_8942,0.0,-1,0.0,,
u_8943,0.0006163106989296364,2410,0.0,0.012,0.0
u_8944,0.0,-1,0.0,,
u_8945,0.041409172144963646,2579,0.0,0.787,0.0
u_8946,0.0,-1,0.0,,
u_8947,0.0,-1,0.0,,
u_8948,8.886601134666719e-05,145,0.0,0.001,0.0
u_8949,0.0,-1,0.0,,
u_8950,0.043034914056465874,1596,0.0,0.787,0.0
u_8951,0.0,-1,0.0,,
u_8952,0.043034914056465874,5005,0.0,0.787,0.0
u_8953,0.0,-1,0.0,,
u_8954,0.0,-1,0.0,,
u_8955,0.0,-1,0.0,,
u_8956,0.043034914056465874,5006,0.0,0.787,0.0
u_8957,0.043034914056465874,5943,0.0,0.787,0.0
u_8958,0.1530685182655858,53,0.0,0.964,0.0
u_8959,0.0,-1,0.0,,
u_8960,0.04396516444678601,484,0.0,0.787,0.0
u_8961,0.0,-1,0.0,,
u_8962,0.0,-1,0.0,,
u_8963,0.0,-1,0.0,,
u_8964,0.0,-1,0.0,,
u_8965,0.0,-1,0.0,,
u_8966,0.000893544752241716,632,0.0,0.016,0.0
u_8967,0.043034914056465874,4414,0.0,0.787,0.0
u_8968,0.0,-1,0.0,,
u_8969,0.0,-1,0.0,,
u_8970,0.0,-1,0.0,,
u_8971,0.042795106690139396,1050,0.0,0.787,0.0
u_8972,0.0,-1,0.0,,
u_8973,0.04004492978456748,1273,0.0,0.787,0.0
u_8974,0.012554575337603924,266,0.0,0.123,0.0
u_8975,0.04084076449798083,1731,0.0,0.787,0.0
u_8976,0.0,-1,0.0,,
u_8977,0.0,-1,0.0,,
u_8978,0.08312541134474052,242,0.0,0.787,0.0
u_8979,0.0,-1,0.0,,
u_8980,0.043034914056465874,2616,0.0,0.787,0.0
u_8981,0.0,-1,0.0,,
u_8982,0.043034914056465874,5944,0.0,0.787,0.0
u_8983,0.043034914056465874,877,0.0,0.787,0.0
u_8984,0.009037311802854078,3936,0.0,0.165,0.0
u_8985,0.0,-1,0.0,,
u_8986,0.0,-1,0.0,,
u_8987,0.0,-1,0.0,,
u_8988,0.0,-1,0.0,,
u_8989,0.003383431978523864,170,0.0,0.065,0.0
u_8990,0.043034914056465874,5007,0.0,0.787,0.0
u_8991,0.08417531978986129,3994,0.0,0.787,0.0
u_8992,0.0,-1,0.0,,
u_8993,0.0,-1,0.0,,
u_8994,0.0,-1,0.0,,
u_8995,0.04866397274169361,1469,0.0,0.889,0.0
u_8996,0.0,-1,0.0,,
u_8997,0.0019954596946647894,2711,0.0,0.019,0.0
u_8998,0.0,-1,0.0,,
u_8999,0.020923149349135473,675,0.0,0.205,0.0
u_9000,0.0008020486786127402,2098,0.0,0.007,0.0
u_9001,0.043034914056465874,1461,0.0,0.787,0.0
u_9002,0.04066654081791355,2167,0.0,0.787,0.0
u_9003,0.0,-1,0.0,,
u_9004,0.0,-1,0.0,,
u_9005,0.0,-1,0.0,,
u_9006,0.002620486727544648,1126,0.0,0.049,0.0
u_9007,0.0,-1,0.0,,
u_9008,0.00010219910049389081,237,0.0,0.001,0.0
u_9009,0.00014670729801028555,427,0.0,0.001,0.0
u_9010,0.043034914056465874,5008,0.0,0.787,0.0
u_9011,0.0,-1,0.0,,
u_9012,0.0,-1,0.0,,
u_9013,0.0,-1,0.0,,
u_9014,0.043034914056465874,958,0.0,0.787,0.0
u_9015,4.697900710070877e-05,187,0.0,0.001,0.0
u_9016,0.0,-1,0.0,,
u_9017,0.000415178863298372,74,0.0,0.008,0.0
u_9018,0.0,-1,0.0,,
u_9019,0.043034914056465874,865,0.0,0.787,0.0
u_9020,0.0,-1,0.0,,
u_9021,0.0,-1,0.0,,
u_9022,0.0,-1,0.0,,
u_9023,0.043034914056465874,5945,0.0,0.787,0.0
u_9024,0.0,-1,0.0,,
u_9025,0.0,-1,0.0,,
u_9026,0.0,-1,0.0,,
u_9027,0.0,-1,0.0,,
u_9028,0.0,-1,0.0,,
u_9029,0.043034914056465874,5001,0.0,0.787,0.0
u_9030,0.0,-1,0.0,,
u_9031,0.0,-1,0.0,,
u_9032,0.043034914056465874,3210,0.0,0.787,0.0
u_9033,0.0,-1,0.0,,
u_9034,0.0,-1,0.0,,
u_9035,0.0,-1,0.0,,
u_9036,0.0,-1,0.0,,
u_9037,0.001969279031632496,313,0.0,0.037,0.0
u_9038,0.043497317140002024,1672,0.0,0.787,0.0
u_9039,0.00024934163051141693,1763,0.0,0.005,0.0
u_9040,0.04201728594349152,168,0.0,0.787,0.0
u_9041,0.0004747025126280043,2196,0.0,0.009,0.0
u_9042,0.0,-1,0.0,,
u_9043,0.042328844411929814,77,0.0,0.787,0.0
u_9044,0.0,-1,0.0,,
u_9045,0.0,-1,0.0,,
u_9046,0.0,-1,0.0,,
u_9047,0.0,-1,0.0,,
u_9048,0.0,-1,0.0,,
u_9049,0.0008138965265197328,1193,0.0,0.016,0.0
u_9050,0.00013680014956003248,652,0.0,0.001,0.0
u_9051,0.0,-1,0.0,,
u_9052,0.043034914056465874,1965,0.0,0.787,0.0
u_9053,0.04068741359674789,2681,0.0,0.787,0.0
u_9054,0.043034914056465874,5009,0.0,0.787,0.0
u_9055,0.0007325368677233531,306,0.0,0.014,0.0
u_9056,0.0,-1,0.0,,
u_9057,0.0,-1,0.0,,
u_9058,0.0,-1,0.0,,
u_9059,0.0,-1,0.0,,
u_9060,0.1216891086466946,1588,0.0,0.787,0.0
u_9061,0.043034914056465874,5010,0.0,0.787,0.0
u_9062,0.0,-1,0.0,,
u_9063,0.0,-1,0.0,,
u_9064,0.0,-1,0.0,,
u_9065,0.043034914056465874,3852,0.0,0.787,0.0
u_9066,0.0,-1,0.0,,
u_9067,0.0,-1,0.0,,
u_9068,0.0,-1,0.0,,
u_9069,0.007780795734288126,1169,0.0,0.07,0.0
u_9070,0.0,-1,0.0,,
u_9071,0.002163790326077294,74,0.0,0.039,0.0
u_9072,0.0003506096030664327,670,0.0,0.007,0.0
u_9073,0.0029571152535020676,280,0.0,0.058,0.0
u_9074,0.0,-1,0.0,,
u_9075,0.001248221438661965,2409,0.0,0.012,0.0
u_9076,0.043034914056465874,5011,0.0,0.787,0.0
u_9077,0.08212050271848045,2446,0.0,0.787,0.0
u_9078,0.0,-1,0.0,,
u_9079,0.043034914056465874,5924,0.0,0.787,0.0
u_9080,0.0018598826461266444,3049,0.0,0.034,0.0
u_9081,0.0,-1,0.0,,
u_9082,0.0,-1,0.0,,
u_9083,0.001243030179835406,1476,0.0,0.012,0.0
u_9084,0.043034914056465874,5012,0.0,0.787,0.0
u_9085,0.0,-1,0.0,,
u_9086,0.0,-1,0.0,,
u_9087,0.004972573630372662,3323,0.0,0.096,0.0
u_9088,0.0027676075255329445,3276,0.0,0.051,0.0
u_9089,0.0,-1,0.0,,
u_9090,0.039890374992987386,3526,0.0,0.787,0.0
u_9091,0.03988775734046964,4645,0.0,0.787,0.0
u_9092,0.0,-1,0.0,,
u_9093,0.0,-1,0.0,,
u_9094,0.0,-1,0.0,,
u_9095,0.0,-1,0.0,,
u_9096,0.0,-1,0.0,,
u_9097,0.043034914056465874,2500,0.0,0.787,0.0
u_9098,0.0,-1,0.0,,
u_9099,0.016414860503644206,416,0.0,0.156,0.0
u_9100,0.04939463814366189,4180,0.0,0.462,0.0
u_9101,0.0,-1,0.0,,
u_9102,0.0,-1,0.0,,
u_9103,0.04373664410788715,280,0.0,0.787,0.0
u_9104,0.00012092573879089478,478,0.0,0.001,0.0
u_9105,0.002214655654267202,3139,0.0,0.04,0.0
u_9106,0.00020736295168548522,1594,0.0,0.004,0.0
u_9107,0.0,-1,0.0,,
u_9108,0.043034914056465874,696,0.0,0.787,0.0
u_9109,0.0,-1,0.0,,
u_9110,0.08417531978986129,1997,0.0,0.787,0.0
u_9111,0.0,-1,0.0,,
u_9112,0.04242324294639436,3209,0.0,0.787,0.0
u_9113,0.0004787002696794924,1752,0.0,0.005,0.0
u_9114,0.0,-1,0.0,,
u_9115,0.0,-1,0.0,,
u_9116,0.0,-1,0.0,,
u_9117,0.003073094120452324,982,0.0,0.03,0.0
u_9118,0.0,-1,0.0,,
u_9119,0.0,-1,0.0,,
u_9120,0.0,-1,0.0,,
u_9121,0.08417531978986129,2710,0.0,0.787,0.0
u_9122,0.0,-1,0.0,,
u_9123,0.0,-1,0.0,,
u_9124,0.0,-1,0.0,,
u_9125,0.0001499126806984998,1353,0.0,0.003,0.0
u_9126,0.00037810925836982733,1542,0.0,0.004,0.0
u_9127,0.043034914056465874,433,0.0,0.787,0.0
u_9128,0.0,-1,0.0,,
u_9129,0.0,-1,0.0,,
u_9130,0.0,-1,0.0,,
u_9131,0.0,-1,0.0,,
u_9132,0.043034914056465874,3213,0.0,0.787,0.0
u_9133,0.0,-1,0.0,,
u_9134,0.0,-1,0.0,,
u_9135,0.0,-1,0.0,,
u_9136,0.02017265856195926,1097,0.0,0.365,0.0
u_9137,0.045024891867588374,1128,0.0,0.787,0.0
u_9138,0.043034914056465874,5946,0.0,0.787,0.0
u_9139,0.0,-1,0.0,,
u_9140,0.0,-1,0.0,,
u_9141,0.0004074128072607283,1599,0.0,0.004,0.0
u_9142,0.0,-1,0.0,,
u_9143,0.0,-1,0.0,,
u_9144,0.0,-1,0.0,,
u_9145,0.0,-1,0.0,,
u_9146,0.0,-1,0.0,,
u_9147,0.0,-1,0.0,,
u_9148,0.0,-1,0.0,,
u_9149,0.0,-1,0.0,,
u_9150,0.0,-1,0.0,,
u_9151,0.0,-1,0.0,,
u_9152,0.08027457273414469,1107,0.0,0.787,0.0
u_9153,0.0,-1,0.0,,
u_9154,0.043034914056465874,2534,0.0,0.787,0.0
u_9155,0.043034914056465874,5013,0.0,0.787,0.0
u_9156,0.0,-1,0.0,,
u_9157,0.0023283502610782682,168,0.0,0.023,0.0
u_9158,0.0,-1,0.0,,
u_9159,0.043034914056465874,3442,0.0,0.787,0.0
u_9160,0.0010485358939795904,112,0.0,0.02,0.0
u_9161,0.039892092295993054,4301,0.0,0.787,0.0
u_9162,0.04303366535873121,443,0.0,0.787,0.0
u_9163,0.0,-1,0.0,,
u_9164,0.0,-1,0.0,,
u_9165,0.0,-1,0.0,,
u_9166,0.0,-1,0.0,,
u_9167,0.0,-1,0.0,,
u_9168,0.0018180603278548201,1576,0.0,0.033,0.0
u_9169,0.04236563030741351,2150,0.0,0.787,0.0
u_9170,0.04152581069208244,820,0.0,0.787,0.0
u_9171,0.0,-1,0.0,,
u_9172,0.0,-1,0.0,,
u_9173,0.012387740805463435,3001,0.0,0.241,0.0
u_9174,0.0,-1,0.0,,
u_9175,0.0,-1,0.0,,
u_9176,0.0,-1,0.0,,
u_9177,0.0,-1,0.0,,
u_9178,0.00041697337282903236,2108,0.0,0.008,0.0
u_9179,0.08417531978986129,5014,0.0,0.787,0.0
u_9180,0.0,-1,0.0,,
u_9181,0.0,-1,0.0,,
u_9182,0.043034914056465874,2692,0.0,0.787,0.0
u_9183,0.0,-1,0.0,,
u_9184,0.004974006305307758,1836,0.0,0.031,0.0
u_9185,0.07964336369826898,4584,0.0,0.787,0.0
u_9186,0.0,-1,0.0,,
u_9187,0.0,-1,0.0,,
u_9188,0.0,-1,0.0,,
u_9189,0.0,-1,0.0,,
u_9190,0.0,-1,0.0,,
u_9191,0.0,-1,0.0,,
u_9192,0.04193035462892896,5015,0.0,0.787,0.0
u_9193,0.0,-1,0.0,,
u_9194,0.0,-1,0.0,,
u_9195,0.0,-1,0.0,,
u_9196,0.0010764141523531803,2745,0.0,0.021,0.0
u_9197,0.04182624104567032,169,0.0,0.787,0.0
u_9198,5.608877533352117e-05,235,0.0,0.001,0.0
u_9199,0.0,-1,0.0,,
u_9200,0.1253157255232567,2084,0.0,0.787,0.0
u_9201,0.043034914056465874,5016,0.0,0.787,0.0
u_9202,0.0,-1,0.0,,
u_9203,0.0,-1,0.0,,
u_9204,0.0,-1,0.0,,
u_9205,0.0,-1,0.0,,
u_9206,0.0,-1,0.0,,
u_9207,0.0,-1,0.0,,
u_9208,0.0,-1,0.0,,
u_9209,0.0,-1,0.0,,
u_9210,0.043034914056465874,3731,0.0,0.787,0.0
u_9211,0.0,-1,0.0,,
u_9212,0.0,-1,0.0,,
u_9213,0.0,-1,0.0,,
u_9214,0.043034914056465874,5947,0.0,0.787,0.0
u_9215,0.0,-1,0.0,,
u_9216,0.0,-1,0.0,,
u_9217,0.039893370246206,1587,0.0,0.787,0.0
u_9218,0.0,-1,0.0,,
u_9219,0.048651324441126846,2496,0.0,0.465,0.0
u_9220,0.08417531978986129,3200,0.0,0.787,0.0
u_9221,0.002763628237896171,3273,0.0,0.051,0.0
u_9222,0.0,-1,0.0,,
u_9223,0.0,-1,0.0,,
u_9224,0.0,-1,0.0,,
u_9225,0.011486195978560007,4046,0.0,0.21,0.0
u_9226,0.014712989359555076,449,0.0,0.094,0.0
u_9227,0.0,-1,0.0,,
u_9228,0.0,-1,0.0,,
u_9229,0.0,-1,0.0,,
u_9230,0.0,-1,0.0,,
u_9231,0.0,-1,0.0,,
u_9232,0.0,-1,0.0,,
u_9233,0.0,-1,0.0,,
u_9234,0.043034914056465874,353,0.0,0.787,0.0
u_9235,0.05660487420459641,3789,0.0,0.546,0.0
u_9236,0.0,-1,0.0,,
u_9237,0.043034914056465874,5017,0.0,0.787,0.0
u_9238,0.0,-1,0.0,,
u_9239,0.0,-1,0.0,,
u_9240,0.0,-1,0.0,,
u_9241,0.043034914056465874,2181,0.0,0.787,0.0
u_9242,0.0,-1,0.0,,
u_9243,0.0027668556870409557,3256,0.0,0.049,0.0
u_9244,0.0411682569966323,77,0.0,0.787,0.0
u_9245,0.0,-1,0.0,,
u_9246,0.0,-1,0.0,,
u_9247,0.007462724391243992,3472,0.0,0.07,0.0
u_9248,0.0,-1,0.0,,
u_9249,0.04359470368448628,454,0.0,0.787,0.0
u_9250,0.039888585330519075,2320,0.0,0.787,0.0
u_9251,0.0,-1,0.0,,
u_9252,0.0,-1,0.0,,
u_9253,0.043452694567837784,691,0.0,0.787,0.0
u_9254,0.04877239103791707,4691,0.0,0.892,0.0
u_9255,0.0,-1,0.0,,
u_9256,0.0,-1,0.0,,
u_9257,0.0,-1,0.0,,
u_9258,0.043034914056465874,3159,0.0,0.787,0.0
u_9259,0.00031910715639435987,1896,0.0,0.006,0.0
u_9260,0.0002105053402206197,1608,0.0,0.004,0.0
u_9261,0.043034914056465874,5018,0.0,0.787,0.0
u_9262,0.00019945562846439264,1593,0.0,0.004,0.0
u_9263,0.043034914056465874,5019,0.0,0.787,0.0
u_9264,0.07963027501518027,798,0.0,0.787,0.0
u_9265,0.014473473436363864,4135,0.0,0.265,0.0
u_9266,0.15938411873831476,1588,0.0,0.787,0.0
u_9267,0.0,-1,0.0,,
u_9268,0.0,-1,0.0,,
u_9269,0.08551311800024168,2965,0.0,0.787,0.0
u_9270,5.57062836792717e-05,450,0.0,0.001,0.0
u_9271,0.043034914056465874,4522,0.0,0.787,0.0
u_9272,0.0,-1,0.0,,
u_9273,0.0,-1,0.0,,
u_9274,0.0,-1,0.0,,
u_9275,0.0,-1,0.0,,
u_9276,0.0,-1,0.0,,
u_9277,0.0,-1,0.0,,
u_9278,0.00035291820355713065,1114,0.0,0.003,0.0
u_9279,0.041779593701975364,2161,0.0,0.787,0.0
u_9280,0.043034914056465874,4885,0.0,0.787,0.0
u_9281,0.043034914056465874,5948,0.0,0.787,0.0
u_9282,0.0,-1,0.0,,
u_9283,0.0,-1,0.0,,
u_9284,0.04331149144217088,2280,0.0,0.787,0.0
u_9285,0.0,-1,0.0,,
u_9286,0.0019170477125457484,2022,0.0,0.033,0.0
u_9287,0.005780228238850537,3672,0.0,0.103,0.0
u_9288,0.0,-1,0.0,,
u_9289,0.00292379915128383,2967,0.0,0.028,0.0
u_9290,0.0,-1,0.0,,
u_9291,0.010718374544388148,3030,0.0,0.203,0.0
u_9292,0.0,-1,0.0,,
u_9293,0.0,-1,0.0,,
u_9294,0.0,-1,0.0,,
u_9295,0.0,-1,0.0,,
u_9296,0.040338344709792556,87,0.0,0.787,0.0
u_9297,0.0025134176565781213,3191,0.0,0.045,0.0
u_9298,0.0,-1,0.0,,
u_9299,0.20075637409781608,551,0.0,0.787,0.0
u_9300,0.0,-1,0.0,,
u_9301,0.043034914056465874,3982,0.0,0.787,0.0
u_9302,0.0,-1,0.0,,
u_9303,0.043034914056465874,2430,0.0,0.787,0.0
u_9304,0.0,-1,0.0,,
u_9305,0.08236721818861345,1622,0.0,0.787,0.0
u_9306,0.0,-1,0.0,,
u_9307,0.0,-1,0.0,,
u_9308,0.08236804203922198,4526,0.0,0.787,0.0
u_9309,0.0,-1,0.0,,
u_9310,0.11752682497351821,4521,0.0,0.73,0.0
u_9311,0.08417531978986129,3380,0.0,0.787,0.0
u_9312,0.03988862986555907,493,0.0,0.787,0.0
u_9313,0.03989509562883116,4584,0.0,0.787,0.0
u_9314,0.042130407716432006,5630,0.0,0.787,0.0
u_9315,0.0022505004504239177,3149,0.0,0.041,0.0
u_9316,0.08417531978986129,2063,0.0,0.787,0.0
u_9317,0.0,-1,0.0,,
u_9318,0.0,-1,0.0,,
u_9319,0.0,-1,0.0,,
u_9320,0.0,-1,0.0,,
u_9321,0.043034914056465874,5949,0.0,0.787,0.0
u_9322,0.018551227347156227,1179,0.0,0.089,0.0
u_9323,0.0398901385301083,1570,0.0,0.787,0.0
u_9324,0.0,-1,0.0,,
u_9325,0.08273575026500227,2197,0.0,0.787,0.0
u_9326,0.0,-1,0.0,,
u_9327,0.0,-1,0.0,,
u_9328,0.0,-1,0.0,,
u_9329,0.04545375564241852,797,0.0,0.787,0.0
u_9330,0.0,-1,0.0,,
u_9331,0.0,-1,0.0,,
u_9332,0.043034914056465874,4386,0.0,0.787,0.0
u_9333,0.0,-1,0.0,,
u_9334,0.00017158060336948578,888,0.0,0.002,0.0
u_9335,0.0,-1,0.0,,
u_9336,0.0,-1,0.0,,
u_9337,0.0,-1,0.0,,
u_9338,0.0,-1,0.0,,
u_9339,0.043034914056465874,5950,0.0,0.787,0.0
u_9340,0.008674577955870965,137,0.0,0.081,0.0
u_9341,0.043353545855520446,906,0.0,0.787,0.0
u_9342,0.00011210692405359462,1111,0.0,0.002,0.0
u_9343,0.043034914056465874,3785,0.0,0.787,0.0
u_9344,0.0,-1,0.0,,
u_9345,0.0,-1,0.0,,
u_9346,0.0,-1,0.0,,
u_9347,0.0,-1,0.0,,
u_9348,0.00016252120960900685,1412,0.0,0.003,0.0
u_9349,0.04225059589172274,1224,0.0,0.787,0.0
u_9350,0.042049120682389945,4629,0.0,0.787,0.0
u_9351,0.0,-1,0.0,,
u_9352,0.04804567724498726,2513,0.0,0.307,0.0
u_9353,0.0,-1,0.0,,
u_9354,0.0,-1,0.0,,
u_9355,0.00012167962774952792,168,0.0,0.002,0.0
u_9356,0.043034914056465874,5818,0.0,0.787,0.0
u_9357,0.0007275634110493961,1455,0.0,0.007,0.0
u_9358,0.0,-1,0.0,,
u_9359,0.043034914056465874,3613,0.0,0.787,0.0
u_9360,0.0,-1,0.0,,
u_9361,0.0,-1,0.0,,
u_9362,0.043034914056465874,2855,0.0,0.787,0.0
u_9363,0.00570025565201058,3040,0.0,0.053,0.0
u_9364,0.0,-1,0.0,,
u_9365,0.0,-1,0.0,,
u_9366,0.04261619721646793,2952,0.0,0.787,0.0
u_9367,0.0,-1,0.0,,
u_9368,0.0,-1,0.0,,
u_9369,0.043034914056465874,2474,0.0,0.787,0.0
u_9370,0.043034914056465874,2296,0.0,0.787,0.0
u_9371,0.04057198017902983,1107,0.0,0.787,0.0
u_9372,0.0,-1,0.0,,
u_9373,0.0011371601807017274,2753,0.0,0.021,0.0
u_9374,0.0,-1,0.0,,
u_9375,0.0,-1,0.0,,
u_9376,0.043034914056465874,2714,0.0,0.787,0.0
u_9377,0.043034914056465874,3733,0.0,0.787,0.0
u_9378,0.0,-1,0.0,,
u_9379,0.0,-1,0.0,,
u_9380,0.0,-1,0.0,,
u_9381,0.043034914056465874,2611,0.0,0.787,0.0
u_9382,0.0017940152466247893,1820,0.0,0.032,0.0
u_9383,0.0,-1,0.0,,
u_9384,0.0,-1,0.0,,
u_9385,0.043895162422364686,3241,0.0,0.787,0.0
u_9386,0.0,-1,0.0,,
u_9387,0.0,-1,0.0,,
u_9388,0.0,-1,0.0,,
u_9389,0.04025152463227861,61,0.0,0.787,0.0
u_9390,0.0,-1,0.0,,
u_9391,0.04104797406410707,162,0.0,0.787,0.0
u_9392,0.0,-1,0.0,,
u_9393,0.042130407716432006,5020,0.0,0.787,0.0
u_9394,0.039889702322970275,831,0.0,0.787,0.0
u_9395,0.08805822445412252,3047,0.0,0.563,0.0
u_9396,0.0,-1,0.0,,
u_9397,0.0,-1,0.0,,
u_9398,0.0,-1,0.0,,
u_9399,0.008531254625720503,3899,0.0,0.156,0.0
u_9400,0.08408316164010807,1324,0.0,0.787,0.0
u_9401,0.042636271678419844,342,0.0,0.787,0.0
u_9402,0.0,-1,0.0,,
u_9403,0.043249521209731336,174,0.0,0.787,0.0
u_9404,0.043034914056465874,5021,0.0,0.787,0.0
u_9405,0.08236811599215713,511,0.0,0.787,0.0
u_9406,0.0,-1,0.0,,
u_9407,0.08236630710979355,5022,0.0,0.787,0.0
u_9408,0.0,-1,0.0,,
u_9409,0.0,-1,0.0,,
u_9410,0.041642853592738616,599,0.0,0.787,0.0
u_9411,0.0,-1,0.0,,
u_9412,0.0,-1,0.0,,
u_9413,0.0,-1,0.0,,
u_9414,0.043034914056465874,5951,0.0,0.787,0.0
u_9415,0.0,-1,0.0,,
u_9416,0.043034914056465874,5952,0.0,0.787,0.0
u_9417,0.0,-1,0.0,,
u_9418,0.08417531978986129,407,0.0,0.787,0.0
u_9419,0.003931058053883145,3484,0.0,0.072,0.0
u_9420,0.12169770016312123,4962,0.0,0.787,0.0
u_9421,0.043034914056465874,4626,0.0,0.787,0.0
u_9422,0.0,-1,0.0,,
u_9423,0.0,-1,0.0,,
u_9424,0.0,-1,0.0,,
u_9425,0.0,-1,0.0,,
u_9426,0.04396719352410481,254,0.0,0.787,0.0
u_9427,0.043034914056465874,4379,0.0,0.787,0.0
u_9428,0.0,-1,0.0,,
u_9429,0.0001450415365902933,473,0.0,0.001,0.0
u_9430,0.08417531978986129,5023,0.0,0.787,0.0
u_9431,0.043482206952927,919,0.0,0.787,0.0
u_9432,0.043034914056465874,4634,0.0,0.787,0.0
u_9433,0.0,-1,0.0,,
u_9434,0.00013568624945388988,1294,0.0,0.003,0.0
u_9435,0.04004433643649651,2174,0.0,0.787,0.0
u_9436,0.0006690976699213052,161,0.0,0.006,0.0
u_9437,0.0009523092346194422,2645,0.0,0.017,0.0
u_9438,0.0,-1,0.0,,
u_9439,0.00022007209726395034,1117,0.0,0.002,0.0
u_9440,0.0,-1,0.0,,
u_9441,0.0,-1,0.0,,
u_9442,0.0,-1,0.0,,
u_9443,0.04013488970612126,2097,0.0,0.787,0.0
u_9444,0.04302735614438327,1367,0.0,0.787,0.0
u_9445,0.0,-1,0.0,,
u_9446,0.059328946849260655,3649,0.0,0.554,0.0
u_9447,0.0,-1,0.0,,
u_9448,0.0,-1,0.0,,
u_9449,0.08350947228683285,2486,0.0,0.787,0.0
u_9450,0.043034914056465874,994,0.0,0.787,0.0
u_9451,0.043034914056465874,945,0.0,0.787,0.0
u_9452,0.039896249602613135,550,0.0,0.787,0.0
u_9453,0.0,-1,0.0,,
u_9454,0.04256414502967499,3692,0.0,0.787,0.0
u_9455,0.0,-1,0.0,,
u_9456,0.0,-1,0.0,,
u_9457,0.043034914056465874,2641,0.0,0.787,0.0
u_9458,0.0,-1,0.0,,
u_9459,0.0,-1,0.0,,
u_9460,0.0,-1,0.0,,
u_9461,0.0,-1,0.0,,
u_9462,0.08033813932164845,80,0.0,0.787,0.0
u_9463,0.009322969362310094,222,0.0,0.09,0.0
u_9464,0.0,-1,0.0,,
u_9465,0.0,-1,0.0,,
u_9466,0.01621203870771961,74,0.0,0.16,0.0
u_9467,0.005074607794148666,3224,0.0,0.047,0.0
u_9468,0.0,-1,0.0,,
u_9469,0.0066275875883248575,3763,0.0,0.121,0.0
u_9470,0.0018987683984060658,87,0.0,0.037,0.0
u_9471,0.0,-1,0.0,,
u_9472,0.01090355823467722,53,0.0,0.105,0.0
u_9473,0.04234175631117667,902,0.0,0.787,0.0
u_9474,0.00011231316195285016,118,0.0,0.002,0.0
u_9475,0.0,-1,0.0,,
u_9476,0.0,-1,0.0,,
u_9477,0.0,-1,0.0,,
u_9478,0.0,-1,0.0,,
u_9479,0.0,-1,0.0,,
u_9480,0.0,-1,0.0,,
u_9481,0.0,-1,0.0,,
u_9482,0.0,-1,0.0,,
u_9483,0.0007264115022675254,2477,0.0,0.013,0.0
u_9484,0.0,-1,0.0,,
u_9485,0.0,-1,0.0,,
u_9486,4.5836639578518496e-05,160,0.0,0.001,0.0
u_9487,0.043034914056465874,1067,0.0,0.787,0.0
u_9488,0.005974410244893122,2693,0.0,0.055,0.0
u_9489,0.04211085669514591,1133,0.0,0.787,0.0
u_9490,0.0001643282084751133,89,0.0,0.003,0.0
u_9491,0.0,-1,0.0,,
u_9492,0.00012250925319509044,537,0.0,0.001,0.0
u_9493,9.400590582491218e-05,961,0.0,0.002,0.0
u_9494,0.0,-1,0.0,,
u_9495,0.09255388240356821,140,0.0,0.864,0.0
u_9496,0.0,-1,0.0,,
u_9497,0.0,-1,0.0,,
u_9498,0.003463426748901056,586,0.0,0.022,0.0
u_9499,0.0,-1,0.0,,
u_9500,0.0,-1,0.0,,
u_9501,0.0,-1,0.0,,
u_9502,0.0061396670849312406,277,0.0,0.06,0.0
u_9503,0.0004941862072538679,2205,0.0,0.009,0.0
u_9504,0.043034914056465874,4023,0.0,0.787,0.0
u_9505,0.0,-1,0.0,,
u_9506,0.0,-1,0.0,,
u_9507,0.07922495094984988,4392,0.0,0.787,0.0
u_9508,0.0,-1,0.0,,
u_9509,0.0,-1,0.0,,
u_9510,0.022636810552712716,4345,0.0,0.414,0.0
u_9511,0.043034914056465874,5024,0.0,0.787,0.0
u_9512,0.043034914056465874,3493,0.0,0.787,0.0
u_9513,0.0,-1,0.0,,
u_9514,0.043034914056465874,3385,0.0,0.787,0.0
u_9515,0.0,-1,0.0,,
u_9516,0.0,-1,0.0,,
u_9517,0.0,-1,0.0,,
u_9518,0.0,-1,0.0,,
u_9519,0.08260713279905456,507,0.0,0.787,0.0
u_9520,0.0,-1,0.0,,
u_9521,0.0004507058039083851,1685,0.0,0.004,0.0
u_9522,0.04125144105549037,474,0.0,0.787,0.0
u_9523,0.043034914056465874,3906,0.0,0.787,0.0
u_9524,0.0,-1,0.0,,
u_9525,0.0,-1,0.0,,
u_9526,0.0,-1,0.0,,
u_9527,0.1655545726882894,1893,0.0,0.787,0.0
u_9528,0.03988736436698824,232,0.0,0.787,0.0
u_9529,0.0,-1,0.0,,
u_9530,0.043034914056465874,4764,0.0,0.787,0.0
u_9531,0.04624707357217616,2682,0.0,0.432,0.0
u_9532,0.0,-1,0.0,,
u_9533,0.04635892264085993,4661,0.0,0.847,0.0
u_9534,0.0,-1,0.0,,
u_9535,0.0,-1,0.0,,
u_9536,0.0,-1,0.0,,
u_9537,0.005031421664229671,2691,0.0,0.047,0.0
u_9538,0.0,-1,0.0,,
u_9539,0.0,-1,0.0,,
u_9540,0.0,-1,0.0,,
u_9541,0.0,-1,0.0,,
u_9542,0.0,-1,0.0,,
u_9543,0.007688509226517418,633,0.0,0.05,0.0
u_9544,0.0,-1,0.0,,
u_9545,0.043034914056465874,4876,0.0,0.787,0.0
u_9546,0.0008293349810884793,189,0.0,0.016,0.0
u_9547,0.03223650238203382,88,0.0,0.302,0.0
u_9548,0.0009156530064600081,5,0.0,0.009,0.0
u_9549,0.0,-1,0.0,,
u_9550,0.0,-1,0.0,,
u_9551,0.03988753908476651,3386,0.0,0.787,0.0
u_9552,0.014456169381532156,1093,0.0,0.258,0.0
u_9553,0.0,-1,0.0,,
u_9554,0.0,-1,0.0,,
u_9555,0.0005504153503396713,2296,0.0,0.01,0.0
u_9556,0.08236738437649416,4671,0.0,0.787,0.0
u_9557,0.0,-1,0.0,,
u_9558,0.0,-1,0.0,,
u_9559,0.0,-1,0.0,,
u_9560,0.0014792268020036392,1122,0.0,0.007,0.0
u_9561,0.08551403071397412,540,0.0,0.787,0.0
u_9562,0.0,-1,0.0,,
u_9563,0.039889229217004565,118,0.0,0.787,0.0
u_9564,0.03988868903302907,1647,0.0,0.787,0.0
u_9565,0.043034914056465874,5025,0.0,0.787,0.0
u_9566,0.033628619086850484,374,0.0,0.314,0.0
u_9567,0.043034914056465874,3566,0.0,0.787,0.0
u_9568,0.0,-1,0.0,,
u_9569,0.043034914056465874,4646,0.0,0.787,0.0
u_9570,0.0,-1,0.0,,
u_9571,0.0,-1,0.0,,
u_9572,0.043034914056465874,4666,0.0,0.787,0.0
u_9573,0.0,-1,0.0,,
u_9574,0.0038323959550505887,3476,0.0,0.07,0.0
u_9575,0.043034914056465874,5026,0.0,0.787,0.0
u_9576,0.04126826354940918,1057,0.0,0.787,0.0
u_9577,0.043034914056465874,3817,0.0,0.787,0.0
u_9578,0.08417531978986129,3444,0.0,0.787,0.0
u_9579,0.0,-1,0.0,,
u_9580,0.043034914056465874,3150,0.0,0.787,0.0
u_9581,0.00034224930556488577,1957,0.0,0.006,0.0
u_9582,0.0,-1,0.0,,
u_9583,0.0,-1,0.0,,
u_9584,0.004604530271594867,1381,0.0,0.088,0.0
u_9585,0.0,-1,0.0,,
u_9586,0.0,-1,0.0,,
u_9587,0.0,-1,0.0,,
u_9588,0.0,-1,0.0,,
u_9589,0.0,-1,0.0,,
u_9590,0.0,-1,0.0,,
u_9591,0.0,-1,0.0,,
u_9592,0.0,-1,0.0,,
u_9593,0.0,-1,0.0,,
u_9594,0.0,-1,0.0,,
u_9595,0.0,-1,0.0,,
u_9596,0.0,-1,0.0,,
u_9597,0.0,-1,0.0,,
u_9598,0.0,-1,0.0,,
u_9599,0.0,-1,0.0,,
u_9600,0.0,-1,0.0,,
u_9601,0.0,-1,0.0,,
u_9602,0.0,-1,0.0,,
u_9603,0.004246840666726998,736,0.0,0.02,0.0
u_9604,0.043034914056465874,2304,0.0,0.787,0.0
u_9605,0.0,-1,0.0,,
u_9606,6.543527336958326e-05,627,0.0,0.001,0.0
u_9607,0.0,-1,0.0,,
u_9608,0.043034914056465874,3214,0.0,0.787,0.0
u_9609,0.04208387321286402,2025,0.0,0.787,0.0
u_9610,0.08416248212845644,687,0.0,0.787,0.0
u_9611,0.0,-1,0.0,,
u_9612,0.0,-1,0.0,,
u_9613,0.0,-1,0.0,,
u_9614,0.0,-1,0.0,,
u_9615,0.0011717425563471265,2784,0.0,0.021,0.0
u_9616,0.043034914056465874,5027,0.0,0.787,0.0
u_9617,0.043034914056465874,5819,0.0,0.787,0.0
u_9618,0.00029087986691183433,1580,0.0,0.005,0.0
u_9619,0.0,-1,0.0,,
u_9620,0.015675554483573873,297,0.0,0.299,0.0
u_9621,0.006056773415994362,960,0.0,0.039,0.0
u_9622,0.08417531978986129,2176,0.0,0.787,0.0
u_9623,0.0017208822898038389,474,0.0,0.017,0.0
u_9624,0.0,-1,0.0,,
u_9625,0.0019530553781243367,3074,0.0,0.036,0.0
u_9626,0.0,-1,0.0,,
u_9627,0.0,-1,0.0,,
u_9628,0.04193035462892896,4918,0.0,0.787,0.0
u_9629,0.0052331931984418625,3647,0.0,0.096,0.0
u_9630,0.0,-1,0.0,,
u_9631,0.0,-1,0.0,,
u_9632,0.0011614741103833188,2775,0.0,0.021,0.0
u_9633,0.0,-1,0.0,,
u_9634,0.0,-1,0.0,,
u_9635,0.0,-1,0.0,,
u_9636,0.0,-1,0.0,,
u_9637,0.043034914056465874,4033,0.0,0.787,0.0
u_9638,0.0,-1,0.0,,
u_9639,0.0,-1,0.0,,
u_9640,0.0,-1,0.0,,
u_9641,0.0,-1,0.0,,
u_9642,0.03988998820883639,3039,0.0,0.787,0.0
u_9643,0.041044930719548886,739,0.0,0.787,0.0
u_9644,0.0,-1,0.0,,
u_9645,0.0,-1,0.0,,
u_9646,0.0,-1,0.0,,
u_9647,0.0,-1,0.0,,
u_9648,0.0,-1,0.0,,
u_9649,0.0,-1,0.0,,
u_9650,0.043034914056465874,3855,0.0,0.787,0.0
u_9651,0.0,-1,0.0,,
u_9652,0.0,-1,0.0,,
u_9653,0.0,-1,0.0,,
u_9654,0.0,-1,0.0,,
u_9655,0.0,-1,0.0,,
u_9656,8.991695669487093e-05,921,0.0,0.002,0.0
u_9657,0.0,-1,0.0,,
u_9658,0.0,-1,0.0,,
u_9659,0.0,-1,0.0,,
u_9660,0.029368256306455957,1765,0.0,0.284,0.0
u_9661,0.0,-1,0.0,,
u_9662,0.0,-1,0.0,,
u_9663,0.0,-1,0.0,,
u_9664,0.0,-1,0.0,,
u_9665,0.0,-1,0.0,,
u_9666,0.0,-1,0.0,,
u_9667,0.0007932793204872164,7,0.0,0.005,0.0
u_9668,0.04018165466141353,222,0.0,0.787,0.0
u_9669,0.0,-1,0.0,,
u_9670,0.043034914056465874,5028,0.0,0.787,0.0
u_9671,0.0003992380404059053,2080,0.0,0.007,0.0
u_9672,0.043034914056465874,2610,0.0,0.787,0.0
u_9673,0.0027364412489617415,3274,0.0,0.051,0.0
u_9674,0.043034914056465874,3701,0.0,0.787,0.0
u_9675,0.13738102154594334,644,0.0,0.875,0.0
u_9676,0.0,-1,0.0,,
u_9677,0.0,-1,0.0,,
u_9678,0.0,-1,0.0,,
u_9679,0.0005900009811469631,2343,0.0,0.011,0.0
u_9680,0.0,-1,0.0,,
u_9681,0.08417531978986129,2234,0.0,0.787,0.0
u_9682,0.0,-1,0.0,,
u_9683,0.043034914056465874,5029,0.0,0.787,0.0
u_9684,0.0,-1,0.0,,
u_9685,0.0,-1,0.0,,
u_9686,0.0013860008034362362,1373,0.0,0.027,0.0
u_9687,0.0,-1,0.0,,
u_9688,0.0,-1,0.0,,
u_9689,0.0,-1,0.0,,
u_9690,0.0034626777739848137,3027,0.0,0.032,0.0
u_9691,0.0433256745798924,833,0.0,0.787,0.0
u_9692,0.043034914056465874,5030,0.0,0.787,0.0
u_9693,0.0,-1,0.0,,
u_9694,0.0,-1,0.0,,
u_9695,0.0,-1,0.0,,
u_9696,0.026892365423096,168,0.0,0.253,0.0
u_9697,0.0,-1,0.0,,
u_9698,0.0,-1,0.0,,
u_9699,0.042925567680469026,3093,0.0,0.787,0.0
u_9700,0.0,-1,0.0,,
u_9701,0.012653497421985183,2566,0.0,0.118,0.0
u_9702,0.009973878523524606,1531,0.0,0.189,0.0
u_9703,0.041029025912987266,2075,0.0,0.787,0.0
u_9704,0.0,-1,0.0,,
u_9705,0.00010090171897046934,1024,0.0,0.002,0.0
u_9706,0.043034914056465874,1441,0.0,0.787,0.0
u_9707,0.043034914056465874,5031,0.0,0.787,0.0
u_9708,0.0,-1,0.0,,
u_9709,0.03988954430061994,1352,0.0,0.787,0.0
u_9710,0.0,-1,0.0,,
u_9711,0.005950443601390259,308,0.0,0.109,0.0
u_9712,0.013548832963536737,4114,0.0,0.248,0.0
u_9713,0.0006128078167751979,1224,0.0,0.006,0.0
u_9714,0.0,-1,0.0,,
u_9715,0.0,-1,0.0,,
u_9716,0.014286731545566712,272,0.0,0.093,0.0
u_9717,0.0,-1,0.0,,
u_9718,0.12489861090069639,367,0.0,0.787,0.0
u_9719,0.0,-1,0.0,,
u_9720,0.013170306326149286,1538,0.0,0.246,0.0
u_9721,0.0,-1,0.0,,
u_9722,0.0,-1,0.0,,
u_9723,0.0,-1,0.0,,
u_9724,0.0,-1,0.0,,
u_9725,0.0,-1,0.0,,
u_9726,0.043034914056465874,1838,0.0,0.787,0.0
u_9727,0.0,-1,0.0,,
u_9728,0.04367541156437281,498,0.0,0.787,0.0
u_9729,0.043034914056465874,3745,0.0,0.787,0.0
u_9730,0.0,-1,0.0,,
u_9731,0.0001850542206607677,161,0.0,0.004,0.0
u_9732,0.043034914056465874,5953,0.0,0.787,0.0
u_9733,0.0,-1,0.0,,
u_9734,0.043034914056465874,5032,0.0,0.787,0.0
u_9735,0.050977899962441224,4542,0.0,0.937,0.0
u_9736,0.0,-1,0.0,,
u_9737,0.0,-1,0.0,,
u_9738,0.0,-1,0.0,,
u_9739,0.0,-1,0.0,,
u_9740,0.0,-1,0.0,,
u_9741,0.043034914056465874,3590,0.0,0.787,0.0
u_9742,0.00020437752270539467,133,0.0,0.004,0.0
u_9743,0.0,-1,0.0,,
u_9744,0.0,-1,0.0,,
u_9745,0.00615131727478392,608,0.0,0.024,0.0
u_9746,0.043034914056465874,5033,0.0,0.787,0.0
u_9747,0.0,-1,0.0,,
u_9748,0.0003483178978927613,1980,0.0,0.006,0.0
u_9749,0.00017996766991513962,49,0.0,0.003,0.0
u_9750,0.0,-1,0.0,,
u_9751,0.0,-1,0.0,,
u_9752,0.0,-1,0.0,,
u_9753,0.0,-1,0.0,,
u_9754,0.0,-1,0.0,,
u_9755,0.0,-1,0.0,,
u_9756,0.0,-1,0.0,,
u_9757,0.0,-1,0.0,,
u_9758,0.0,-1,0.0,,
u_9759,0.0,-1,0.0,,
u_9760,0.0006692915881891995,1956,0.0,0.006,0.0
u_9761,0.04051922373471669,174,0.0,0.787,0.0
u_9762,0.0,-1,0.0,,
u_9763,0.043034914056465874,4803,0.0,0.787,0.0
u_9764,0.0007908460836529693,1106,0.0,0.007,0.0
u_9765,0.0,-1,0.0,,
u_9766,0.0,-1,0.0,,
u_9767,0.043034914056465874,3287,0.0,0.787,0.0
u_9768,0.0,-1,0.0,,
u_9769,0.0,-1,0.0,,
u_9770,0.0,-1,0.0,,
u_9771,0.042751577784796865,416,0.0,0.787,0.0
u_9772,0.0,-1,0.0,,
u_9773,0.0,-1,0.0,,
u_9774,0.08236852065323262,2791,0.0,0.787,0.0
u_9775,0.0,-1,0.0,,
u_9776,0.0,-1,0.0,,
u_9777,0.0,-1,0.0,,
u_9778,0.0,-1,0.0,,
u_9779,0.0,-1,0.0,,
u_9780,0.0005923366529725045,53,0.0,0.003,0.0
u_9781,0.04027553207346104,414,0.0,0.787,0.0
u_9782,0.04040558423586472,500,0.0,0.787,0.0
u_9783,0.0,-1,0.0,,
u_9784,0.0,-1,0.0,,
u_9785,0.043034914056465874,5034,0.0,0.787,0.0
u_9786,0.0,-1,0.0,,
u_9787,0.0,-1,0.0,,
u_9788,0.0,-1,0.0,,
u_9789,0.0,-1,0.0,,
u_9790,0.0,-1,0.0,,
u_9791,0.0,-1,0.0,,
u_9792,0.043034914056465874,5954,0.0,0.787,0.0
u_9793,0.0,-1,0.0,,
u_9794,0.0,-1,0.0,,
u_9795,0.0,-1,0.0,,
u_9796,0.0,-1,0.0,,
u_9797,0.0,-1,0.0,,
u_9798,0.0,-1,0.0,,
u_9799,0.0,-1,0.0,,
u_9800,0.0017248225032361314,97,0.0,0.032,0.0
u_9801,0.0,-1,0.0,,
u_9802,0.0,-1,0.0,,
u_9803,0.005683720222973661,3679,0.0,0.104,0.0
u_9804,0.043034914056465874,3828,0.0,0.787,0.0
u_9805,0.0,-1,0.0,,
u_9806,0.08335170720790118,714,0.0,0.787,0.0
u_9807,0.043034914056465874,4375,0.0,0.787,0.0
u_9808,0.043034914056465874,4219,0.0,0.787,0.0
u_9809,0.0,-1,0.0,,
u_9810,0.043023469153981475,630,0.0,0.787,0.0
u_9811,0.0,-1,0.0,,
u_9812,0.0,-1,0.0,,
u_9813,0.039889752758374586,1188,0.0,0.787,0.0
u_9814,0.0,-1,0.0,,
u_9815,0.043034914056465874,5035,0.0,0.787,0.0
u_9816,0.0,-1,0.0,,
u_9817,0.0,-1,0.0,,
u_9818,0.0,-1,0.0,,
u_9819,0.0,-1,0.0,,
u_9820,0.04198322158960081,1135,0.0,0.787,0.0
u_9821,0.0,-1,0.0,,
u_9822,0.025250450272824958,1356,0.0,0.241,0.0
u_9823,0.043034914056465874,5955,0.0,0.787,0.0
u_9824,0.043034914056465874,4127,0.0,0.787,0.0
u_9825,0.03988852867672895,729,0.0,0.787,0.0
u_9826,0.04030735341880837,332,0.0,0.787,0.0
u_9827,0.0,-1,0.0,,
u_9828,0.0,-1,0.0,,
u_9829,0.0,-1,0.0,,
u_9830,0.08179522080436402,438,0.0,0.787,0.0
u_9831,0.0,-1,0.0,,
u_9832,0.04261288991948528,2497,0.0,0.787,0.0
u_9833,8.203955487886213e-05,55,0.0,0.001,0.0
u_9834,0.0,-1,0.0,,
u_9835,0.0,-1,0.0,,
u_9836,0.0,-1,0.0,,
u_9837,0.0006383537824227029,2393,0.0,0.012,0.0
u_9838,0.04195126302932941,3546,0.0,0.787,0.0
u_9839,0.0,-1,0.0,,
u_9840,0.0,-1,0.0,,
u_9841,0.0,-1,0.0,,
u_9842,0.043034914056465874,5956,0.0,0.787,0.0
u_9843,0.037150183523305194,2738,0.0,0.682,0.0
u_9844,0.0025446238619188013,3199,0.0,0.045,0.0
u_9845,0.043034914056465874,5957,0.0,0.787,0.0
u_9846,0.0,-1,0.0,,
u_9847,0.0,-1,0.0,,
u_9848,0.0010457765600571177,867,0.0,0.01,0.0
u_9849,0.0,-1,0.0,,
u_9850,0.00448958411156106,1705,0.0,0.042,0.0
u_9851,0.012347970048168538,630,0.0,0.116,0.0
u_9852,0.0002552843601131545,1744,0.0,0.005,0.0
u_9853,0.0,-1,0.0,,
u_9854,0.0,-1,0.0,,
u_9855,0.043034914056465874,5036,0.0,0.787,0.0
u_9856,0.043034914056465874,1980,0.0,0.787,0.0
u_9857,0.0,-1,0.0,,
u_9858,0.0,-1,0.0,,
u_9859,0.007584346393120831,3835,0.0,0.139,0.0
u_9860,0.0,-1,0.0,,
u_9861,0.043034914056465874,2812,0.0,0.787,0.0
u_9862,0.0,-1,0.0,,
u_9863,0.0033898252978876637,297,0.0,0.013,0.0
u_9864,0.0,-1,0.0,,
u_9865,0.04006736879197325,900,0.0,0.787,0.0
u_9866,0.0,-1,0.0,,
u_9867,0.0,-1,0.0,,
u_9868,0.0,-1,0.0,,
u_9869,0.026090660985469805,4414,0.0,0.477,0.0
u_9870,0.03988856626924767,222,0.0,0.787,0.0
u_9871,0.0,-1,0.0,,
u_9872,0.043034914056465874,5037,0.0,0.787,0.0
u_9873,0.0,-1,0.0,,
u_9874,0.0,-1,0.0,,
u_9875,0.00011105211360483461,1077,0.0,0.002,0.0
u_9876,0.0,-1,0.0,,
u_9877,0.001357497995548024,83,0.0,0.024,0.0
u_9878,0.043034914056465874,122,0.0,0.787,0.0
u_9879,0.0,-1,0.0,,
u_9880,0.08730652414386432,2441,0.0,0.787,0.0
u_9881,0.04400312267732714,280,0.0,0.787,0.0
u_9882,0.0,-1,0.0,,
u_9883,0.0,-1,0.0,,
u_9884,0.01852188517633497,292,0.0,0.118,0.0
u_9885,0.04213796499981742,2789,0.0,0.787,0.0
u_9886,0.0,-1,0.0,,
u_9887,0.0010341085731584553,2692,0.0,0.019,0.0
u_9888,0.043034914056465874,3524,0.0,0.787,0.0
u_9889,0.0,-1,0.0,,
u_9890,0.0,-1,0.0,,
u_9891,0.0,-1,0.0,,
u_9892,0.0,-1,0.0,,
u_9893,0.0,-1,0.0,,
u_9894,0.0,-1,0.0,,
u_9895,0.001437740430880822,2917,0.0,0.026,0.0
u_9896,0.0,-1,0.0,,
u_9897,0.0037395097105160247,3462,0.0,0.068,0.0
u_9898,0.004025107521329407,3185,0.0,0.075,0.0
u_9899,0.08339496083839833,2667,0.0,0.787,0.0
u_9900,0.0,-1,0.0,,
u_9901,0.0,-1,0.0,,
u_9902,0.0,-1,0.0,,
u_9903,0.0443689821997261,1620,0.0,0.787,0.0
u_9904,0.0,-1,0.0,,
u_9905,0.0,-1,0.0,,
u_9906,0.0,-1,0.0,,
u_9907,0.043034914056465874,5958,0.0,0.787,0.0
u_9908,0.04051738435383633,238,0.0,0.787,0.0
u_9909,0.0,-1,0.0,,
u_9910,6.115962913890509e-05,278,0.0,0.001,0.0
u_9911,0.0,-1,0.0,,
u_9912,0.0,-1,0.0,,
u_9913,0.043034914056465874,5038,0.0,0.787,0.0
u_9914,0.0,-1,0.0,,
u_9915,0.0,-1,0.0,,
u_9916,0.0,-1,0.0,,
u_9917,0.0,-1,0.0,,
u_9918,0.0,-1,0.0,,
u_9919,0.08270598697802553,1788,0.0,0.787,0.0
u_9920,0.0,-1,0.0,,
u_9921,0.0,-1,0.0,,
u_9922,0.043034914056465874,1444,0.0,0.787,0.0
u_9923,0.007569168826181638,3833,0.0,0.138,0.0
u_9924,0.008141631478113826,222,0.0,0.158,0.0
u_9925,0.007393636438523423,3821,0.0,0.135,0.0
u_9926,0.0,-1,0.0,,
u_9927,0.0,-1,0.0,,
u_9928,0.08417531978986129,2100,0.0,0.787,0.0
u_9929,0.0,-1,0.0,,
u_9930,0.0,-1,0.0,,
u_9931,0.0,-1,0.0,,
u_9932,0.0,-1,0.0,,
u_9933,0.0,-1,0.0,,
u_9934,0.04142594355768969,4942,0.0,0.787,0.0
u_9935,0.0008430948538483689,2044,0.0,0.008,0.0
u_9936,0.0,-1,0.0,,
u_9937,0.0,-1,0.0,,
u_9938,0.03988898692343292,1682,0.0,0.787,0.0
u_9939,0.0,-1,0.0,,
u_9940,0.0,-1,0.0,,
u_9941,0.0008893302174313195,2602,0.0,0.016,0.0
u_9942,0.0,-1,0.0,,
u_9943,0.043648639971829016,714,0.0,0.787,0.0
u_9944,0.0,-1,0.0,,
u_9945,0.0,-1,0.0,,
u_9946,0.016942174802743872,332,0.0,0.31,0.0
u_9947,0.0,-1,0.0,,
u_9948,0.0,-1,0.0,,
u_9949,0.0005801400939282539,2330,0.0,0.011,0.0
u_9950,0.0009064096496103798,2015,0.0,0.017,0.0
u_9951,0.0,-1,0.0,,
u_9952,0.0,-1,0.0,,
u_9953,0.0,-1,0.0,,
u_9954,0.03988743588847514,2549,0.0,0.787,0.0
u_9955,0.0,-1,0.0,,
u_9956,0.00019809781653273034,1557,0.0,0.004,0.0
u_9957,0.0,-1,0.0,,
u_9958,0.0,-1,0.0,,
u_9959,0.0,-1,0.0,,
u_9960,0.0003285889628514156,1436,0.0,0.003,0.0
u_9961,0.0,-1,0.0,,
u_9962,0.0,-1,0.0,,
u_9963,0.0,-1,0.0,,
u_9964,0.0,-1,0.0,,
u_9965,0.0008274388727176096,2553,0.0,0.015,0.0
u_9966,0.0,-1,0.0,,
u_9967,0.0,-1,0.0,,
u_9968,0.043034914056465874,5959,0.0,0.787,0.0
u_9969,0.0,-1,0.0,,
u_9970,0.0,-1,0.0,,
u_9971,0.043034914056465874,1640,0.0,0.787,0.0
u_9972,0.0,-1,0.0,,
u_9973,8.7376066749718e-05,884,0.0,0.002,0.0
u_9974,0.0,-1,0.0,,
u_9975,0.0,-1,0.0,,
u_9976,0.043034914056465874,5039,0.0,0.787,0.0
u_9977,0.0,-1,0.0,,
u_9978,0.0,-1,0.0,,
u_9979,0.010053229669070964,3990,0.0,0.184,0.0
u_9980,0.006682195467262934,3789,0.0,0.127,0.0
u_9981,0.043034914056465874,2293,0.0,0.787,0.0
u_9982,0.043034914056465874,5960,0.0,0.787,0.0
u_9983,0.0,-1,0.0,,
u_9984,0.0,-1,0.0,,
u_9985,0.0014035698451605315,1179,0.0,0.026,0.0
u_9986,0.00026854918930388207,1271,0.0,0.003,0.0
u_9987,0.0,-1,0.0,,
u_9988,0.0,-1,0.0,,
u_9989,0.0,-1,0.0,,
u_9990,0.0,-1,0.0,,
u_9991,0.0,-1,0.0,,
u_9992,0.0,-1,0.0,,
u_9993,0.0,-1,0.0,,
u_9994,0.005025665691937826,161,0.0,0.097,0.0
u_9995,0.0,-1,0.0,,
u_9996,0.0008191338122041711,74,0.0,0.004,0.0
u_9997,0.0,-1,0.0,,
u_9998,0.08626291673419742,3142,0.0,0.787,0.0
u_9999,0.0,-1,0.0,,
u_10000,0.0,-1,0.0,,
u_10001,0.0,-1,0.0,,
u_10002,0.04437343407008731,2844,0.0,0.787,0.0
u_10003,0.0,-1,0.0,,
u_10004,0.0,-1,0.0,,
u_10005,0.040456964658298074,87,0.0,0.787,0.0
u_10006,0.043034914056465874,4518,0.0,0.787,0.0
u_10007,4.74990010576534e-05,196,0.0,0.001,0.0
u_10008,0.0,-1,0.0,,
u_10009,0.03299138651516497,161,0.0,0.643,0.0
u_10010,7.492287157315557e-05,731,0.0,0.001,0.0
u_10011,0.0,-1,0.0,,
u_10012,0.0007743184027366882,77,0.0,0.008,0.0
u_10013,0.0,-1,0.0,,
u_10014,0.0,-1,0.0,,
u_10015,0.0,-1,0.0,,
u_10016,0.0,-1,0.0,,
u_10017,0.0,-1,0.0,,
u_10018,9.792361897473642e-05,788,0.0,0.002,0.0
u_10019,0.04436293316410196,3714,0.0,0.787,0.0
u_10020,0.004787870732290116,1816,0.0,0.045,0.0
u_10021,0.0,-1,0.0,,
u_10022,0.0,-1,0.0,,
u_10023,0.0,-1,0.0,,
u_10024,0.0,-1,0.0,,
u_10025,0.1230102731745308,1382,0.0,0.787,0.0
u_10026,0.081647000567295,104,0.0,0.787,0.0
u_10027,0.0,-1,0.0,,
u_10028,0.08245025671520934,332,0.0,0.787,0.0
u_10029,0.001946675746408852,3070,0.0,0.036,0.0
u_10030,0.04051795199412017,2035,0.0,0.787,0.0
u_10031,0.0,-1,0.0,,
u_10032,0.027239778630016226,367,0.0,0.174,0.0
u_10033,0.00047266700759317074,511,0.0,0.004,0.0
u_10034,0.0,-1,0.0,,
u_10035,0.08237276583661586,1608,0.0,0.787,0.0
u_10036,0.043034914056465874,5961,0.0,0.787,0.0
u_10037,0.0051001196613466235,3635,0.0,0.093,0.0
u_10038,0.0,-1,0.0,,
u_10039,0.0,-1,0.0,,
u_10040,0.0,-1,0.0,,
u_10041,0.0,-1,0.0,,
u_10042,0.0003191202725790851,1916,0.0,0.006,0.0
u_10043,0.0,-1,0.0,,
u_10044,0.0001626756309370104,34,0.0,0.002,0.0
u_10045,0.0,-1,0.0,,
u_10046,0.0,-1,0.0,,
u_10047,0.0,-1,0.0,,
u_10048,0.0,-1,0.0,,
u_10049,0.0,-1,0.0,,
u_10050,0.0,-1,0.0,,
u_10051,0.0,-1,0.0,,
u_10052,0.002546302024603932,968,0.0,0.049,0.0
u_10053,0.0,-1,0.0,,
u_10054,0.00030527765237501833,826,0.0,0.003,0.0
u_10055,0.04213678371676945,1945,0.0,0.787,0.0
u_10056,0.0036580165456248813,1512,0.0,0.035,0.0
u_10057,0.0,-1,0.0,,
u_10058,0.0,-1,0.0,,
u_10059,0.0,-1,0.0,,
u_10060,0.0,-1,0.0,,
u_10061,0.0433747763477393,1635,0.0,0.787,0.0
u_10062,0.010551065860463837,131,0.0,0.102,0.0
u_10063,0.0003944889448497093,2068,0.0,0.007,0.0
u_10064,0.043778913093577655,127,0.0,0.787,0.0
u_10065,0.016143966630285236,96,0.0,0.154,0.0
u_10066,0.0,-1,0.0,,
u_10067,0.0850521167020318,4607,0.0,0.795,0.0
u_10068,0.0,-1,0.0,,
u_10069,0.0003667812836649943,564,0.0,0.003,0.0
u_10070,0.0,-1,0.0,,
u_10071,0.0,-1,0.0,,
u_10072,0.0004209506684278074,176,0.0,0.008,0.0
u_10073,0.043034914056465874,5040,0.0,0.787,0.0
u_10074,0.0,-1,0.0,,
u_10075,5.2928114701428225e-05,407,0.0,0.001,0.0
u_10076,0.04035907149468428,1071,0.0,0.787,0.0
u_10077,0.12106831076646431,2015,0.0,0.787,0.0
u_10078,0.043034914056465874,4102,0.0,0.787,0.0
u_10079,0.0,-1,0.0,,
u_10080,0.0,-1,0.0,,
u_10081,0.0007497958181288514,2049,0.0,0.007,0.0
u_10082,0.0,-1,0.0,,
u_10083,0.004666477440566904,223,0.0,0.045,0.0
u_10084,0.0491848424097153,4694,0.0,0.899,0.0
u_10085,0.043034914056465874,5041,0.0,0.787,0.0
u_10086,0.08628488040679277,1761,0.0,0.787,0.0
u_10087,0.0,-1,0.0,,
u_10088,0.043034914056465874,5962,0.0,0.787,0.0
u_10089,0.0,-1,0.0,,
u_10090,0.0,-1,0.0,,
u_10091,0.0,-1,0.0,,
u_10092,0.002214301290831427,297,0.0,0.021,0.0
u_10093,0.0,-1,0.0,,
u_10094,0.043034914056465874,3376,0.0,0.787,0.0
u_10095,0.043034914056465874,5042,0.0,0.787,0.0
u_10096,0.0,-1,0.0,,
u_10097,0.0,-1,0.0,,
u_10098,0.0,-1,0.0,,
u_10099,0.0,-1,0.0,,
u_10100,0.00415587786486597,679,0.0,0.04,0.0
u_10101,0.0,-1,0.0,,
u_10102,0.0,-1,0.0,,
u_10103,0.043034914056465874,3447,0.0,0.787,0.0
u_10104,0.0,-1,0.0,,
u_10105,0.043034914056465874,5963,0.0,0.787,0.0
u_10106,0.00894876206279019,742,0.0,0.163,0.0
u_10107,0.0,-1,0.0,,
u_10108,0.0,-1,0.0,,
u_10109,0.00022514338843633856,1133,0.0,0.002,0.0
u_10110,0.0,-1,0.0,,
u_10111,0.0,-1,0.0,,
u_10112,0.043034914056465874,5043,0.0,0.787,0.0
u_10113,0.0,-1,0.0,,
u_10114,0.043034914056465874,762,0.0,0.787,0.0
u_10115,0.042785116546767046,708,0.0,0.787,0.0
u_10116,0.00014516411014486237,1272,0.0,0.003,0.0
u_10117,0.0030437090337495395,2963,0.0,0.028,0.0
u_10118,0.0,-1,0.0,,
u_10119,0.0007588083111379579,1684,0.0,0.007,0.0
u_10120,0.0,-1,0.0,,
u_10121,0.0,-1,0.0,,
u_10122,0.0002642831438347445,1780,0.0,0.005,0.0
u_10123,0.00022520440427578912,254,0.0,0.002,0.0
u_10124,0.080294120237052,77,0.0,0.787,0.0
u_10125,0.0,-1,0.0,,
u_10126,0.0,-1,0.0,,
u_10127,0.0,-1,0.0,,
u_10128,0.0,-1,0.0,,
u_10129,0.0,-1,0.0,,
u_10130,0.044370446712071895,4106,0.0,0.787,0.0
u_10131,0.0812833902087944,485,0.0,0.787,0.0
u_10132,0.0,-1,0.0,,
u_10133,0.0,-1,0.0,,
u_10134,0.03988757127950861,249,0.0,0.787,0.0
u_10135,0.043034914056465874,5044,0.0,0.787,0.0
u_10136,0.0002163468846175985,1084,0.0,0.002,0.0
u_10137,0.014548929747600636,3713,0.0,0.136,0.0
u_10138,0.03990100766990871,3672,0.0,0.787,0.0
u_10139,0.043023728878335846,1480,0.0,0.787,0.0
u_10140,0.0,-1,0.0,,
u_10141,0.0,-1,0.0,,
u_10142,0.0,-1,0.0,,
u_10143,0.043034914056465874,1119,0.0,0.787,0.0
u_10144,0.0,-1,0.0,,
u_10145,0.042088467811314,3722,0.0,0.787,0.0
u_10146,0.0,-1,0.0,,
u_10147,0.0,-1,0.0,,
u_10148,0.0,-1,0.0,,
u_10149,0.0,-1,0.0,,
u_10150,0.0007900071153597042,7,0.0,0.015,0.0
u_10151,0.0,-1,0.0,,
u_10152,0.0,-1,0.0,,
u_10153,0.043034914056465874,5045,0.0,0.787,0.0
u_10154,0.12472613365517528,4739,0.0,0.787,0.0
u_10155,0.0,-1,0.0,,
u_10156,0.0,-1,0.0,,
u_10157,0.0,-1,0.0,,
u_10158,0.0,-1,0.0,,
u_10159,0.005999284756671799,318,0.0,0.039,0.0
u_10160,0.04437186794928191,2626,0.0,0.787,0.0
u_10161,0.0921144087662204,4211,0.0,0.861,0.0
u_10162,0.0,-1,0.0,,
u_10163,0.003308371356722198,3391,0.0,0.06,0.0
u_10164,0.0,-1,0.0,,
u_10165,0.04037972880084526,1379,0.0,0.787,0.0
u_10166,0.0,-1,0.0,,
u_10167,0.043034914056465874,5964,0.0,0.787,0.0
u_10168,0.043034914056465874,4208,0.0,0.787,0.0
u_10169,0.043034914056465874,6,0.0,0.787,0.0
u_10170,0.0,-1,0.0,,
u_10171,0.0,-1,0.0,,
u_10172,0.0,-1,0.0,,
u_10173,0.0,-1,0.0,,
u_10174,0.0,-1,0.0,,
u_10175,0.0,-1,0.0,,
u_10176,0.0,-1,0.0,,
u_10177,0.04577308733382118,1572,0.0,0.787,0.0
u_10178,0.04193035462892896,5477,0.0,0.787,0.0
u_10179,0.043034914056465874,4662,0.0,0.787,0.0
u_10180,0.0,-1,0.0,,
u_10181,0.0,-1,0.0,,
u_10182,0.0,-1,0.0,,
u_10183,0.0,-1,0.0,,
u_10184,0.0,-1,0.0,,
u_10185,0.0363449446435309,89,0.0,0.349,0.0
u_10186,0.043034914056465874,637,0.0,0.787,0.0
u_10187,0.0,-1,0.0,,
u_10188,0.0,-1,0.0,,
u_10189,0.0,-1,0.0,,
u_10190,0.0002505722995402011,1758,0.0,0.005,0.0
u_10191,0.0,-1,0.0,,
u_10192,0.0,-1,0.0,,
u_10193,0.0,-1,0.0,,
u_10194,0.043034914056465874,2784,0.0,0.787,0.0
u_10195,0.043034914056465874,5965,0.0,0.787,0.0
u_10196,0.0,-1,0.0,,
u_10197,0.043034914056465874,5966,0.0,0.787,0.0
u_10198,0.0,-1,0.0,,
u_10199,0.04130702029494588,7,0.0,0.787,0.0
u_10200,0.08417531978986129,194,0.0,0.787,0.0
u_10201,0.004261411937321199,3531,0.0,0.078,0.0
u_10202,0.0,-1,0.0,,
u_10203,0.043034914056465874,5046,0.0,0.787,0.0
u_10204,0.04062977504040281,1506,0.0,0.787,0.0
u_10205,0.0,-1,0.0,,
u_10206,5.5088914877168366e-05,400,0.0,0.001,0.0
u_10207,0.05523165570116893,161,0.0,0.986,0.0
u_10208,0.0,-1,0.0,,
u_10209,0.0,-1,0.0,,
u_10210,0.060983946266559244,3820,0.0,0.582,0.0
u_10211,0.0,-1,0.0,,
u_10212,0.0,-1,0.0,,
u_10213,0.0,-1,0.0,,
u_10214,0.0,-1,0.0,,
u_10215,0.0,-1,0.0,,
u_10216,0.0,-1,0.0,,
u_10217,0.043034914056465874,5047,0.0,0.787,0.0
u_10218,0.0029590730426974866,2690,0.0,0.019,0.0
u_10219,0.003114039982555495,3342,0.0,0.057,0.0
u_10220,0.08340326217108252,2968,0.0,0.787,0.0
u_10221,0.00010260065699790003,152,0.0,0.002,0.0
u_10222,0.0,-1,0.0,,
u_10223,0.03989150365905433,2736,0.0,0.787,0.0
u_10224,0.0,-1,0.0,,
u_10225,0.001575653916207951,1806,0.0,0.03,0.0
u_10226,0.0,-1,0.0,,
u_10227,0.0,-1,0.0,,
u_10228,0.0,-1,0.0,,
u_10229,0.13272052869563095,77,0.0,0.644,0.0
u_10230,0.04021078185169989,1141,0.0,0.787,0.0
u_10231,0.0,-1,0.0,,
u_10232,0.0,-1,0.0,,
u_10233,0.04010123692725102,889,0.0,0.787,0.0
u_10234,0.0,-1,0.0,,
u_10235,0.0,-1,0.0,,
u_10236,0.00426359069450921,254,0.0,0.039,0.0
u_10237,0.07963116364854333,1430,0.0,0.787,0.0
u_10238,0.0021478005063181455,707,0.0,0.038,0.0
u_10239,0.043034914056465874,5967,0.0,0.787,0.0
u_10240,0.0,-1,0.0,,
u_10241,0.03988881223661972,2894,0.0,0.787,0.0
u_10242,0.043034914056465874,1710,0.0,0.787,0.0
u_10243,0.0,-1,0.0,,
u_10244,0.0,-1,0.0,,
u_10245,0.04172903515134436,266,0.0,0.787,0.0
u_10246,0.0,-1,0.0,,
u_10247,0.007319600813624212,1648,0.0,0.045,0.0
u_10248,0.0,-1,0.0,,
u_10249,0.004713344840978477,3583,0.0,0.086,0.0
u_10250,0.0,-1,0.0,,
u_10251,0.0,-1,0.0,,
u_10252,0.043034914056465874,5847,0.0,0.787,0.0
u_10253,0.02130086920323094,364,0.0,0.401,0.0
u_10254,0.08314660880659808,1095,0.0,0.787,0.0
u_10255,0.0013797396771532701,801,0.0,0.013,0.0
u_10256,0.0,-1,0.0,,
u_10257,0.043034914056465874,1424,0.0,0.787,0.0
u_10258,0.0,-1,0.0,,
u_10259,0.0,-1,0.0,,
u_10260,0.0,-1,0.0,,
u_10261,0.0029204101439130135,3304,0.0,0.053,0.0
u_10262,0.0,-1,0.0,,
u_10263,0.0,-1,0.0,,
u_10264,0.0,-1,0.0,,
u_10265,0.0,-1,0.0,,
u_10266,0.0,-1,0.0,,
u_10267,0.0,-1,0.0,,
u_10268,0.043034914056465874,4649,0.0,0.787,0.0
u_10269,0.043034914056465874,5968,0.0,0.787,0.0
u_10270,0.0,-1,0.0,,
u_10271,0.0,-1,0.0,,
u_10272,0.0006600890886858586,2419,0.0,0.012,0.0
u_10273,0.0,-1,0.0,,
u_10274,0.0,-1,0.0,,
u_10275,0.0,-1,0.0,,
u_10276,0.0,-1,0.0,,
u_10277,0.011840259969753849,350,0.0,0.227,0.0
u_10278,0.043034914056465874,3791,0.0,0.787,0.0
u_10279,0.002484425897477749,3204,0.0,0.045,0.0
u_10280,0.001701227060895462,3018,0.0,0.032,0.0
u_10281,0.043034914056465874,3747,0.0,0.787,0.0
u_10282,0.0036242067504069077,3364,0.0,0.071,0.0
u_10283,0.03988767510411837,4348,0.0,0.787,0.0
u_10284,0.0,-1,0.0,,
u_10285,0.004772978987668105,3193,0.0,0.045,0.0
u_10286,0.005163977369117123,2725,0.0,0.049,0.0
u_10287,5.374387655198524e-05,362,0.0,0.001,0.0
u_10288,0.04141641730381966,679,0.0,0.787,0.0
u_10289,0.0,-1,0.0,,
u_10290,0.0001903019239149666,1536,0.0,0.003,0.0
u_10291,0.0,-1,0.0,,
u_10292,0.04330626611800997,480,0.0,0.787,0.0
u_10293,0.00019738222334081857,1559,0.0,0.004,0.0
u_10294,0.043034914056465874,3327,0.0,0.787,0.0
u_10295,0.04144548313328199,3075,0.0,0.787,0.0
u_10296,0.0,-1,0.0,,
u_10297,0.04018994205147355,1849,0.0,0.787,0.0
u_10298,0.0,-1,0.0,,
u_10299,0.03988764513260284,1126,0.0,0.787,0.0
u_10300,0.07922045491626255,3619,0.0,0.787,0.0
u_10301,0.043034914056465874,315,0.0,0.787,0.0
u_10302,0.0,-1,0.0,,
u_10303,0.03989066285107316,206,0.0,0.787,0.0
u_10304,0.0,-1,0.0,,
u_10305,0.038762980056310556,1105,0.0,0.382,0.0
u_10306,0.043034914056465874,4668,0.0,0.787,0.0
u_10307,0.0,-1,0.0,,
u_10308,0.08482930355581614,3443,0.0,0.787,0.0
u_10309,0.043034914056465874,3197,0.0,0.787,0.0
u_10310,0.0013592602292566713,2873,0.0,0.025,0.0
u_10311,0.0,-1,0.0,,
u_10312,0.0,-1,0.0,,
u_10313,0.0,-1,0.0,,
u_10314,0.020208057935342232,4320,0.0,0.391,0.0
u_10315,0.0,-1,0.0,,
u_10316,0.043034914056465874,5969,0.0,0.787,0.0
u_10317,0.03988885271523528,3866,0.0,0.787,0.0
u_10318,0.040313381109662726,853,0.0,0.787,0.0
u_10319,0.04303174685145606,1821,0.0,0.787,0.0
u_10320,0.0,-1,0.0,,
u_10321,0.07922125832554508,4336,0.0,0.787,0.0
u_10322,0.043034914056465874,4103,0.0,0.787,0.0
u_10323,0.0,-1,0.0,,
u_10324,0.039681067420506096,4599,0.0,0.725,0.0
u_10325,0.0,-1,0.0,,
u_10326,0.0,-1,0.0,,
u_10327,0.00042921508359490703,5,0.0,0.004,0.0
u_10328,0.0,-1,0.0,,
u_10329,0.043034914056465874,601,0.0,0.787,0.0
u_10330,0.0,-1,0.0,,
u_10331,0.0,-1,0.0,,
u_10332,0.04402493391357007,2691,0.0,0.787,0.0
u_10333,0.0,-1,0.0,,
u_10334,0.0398898323379343,363,0.0,0.787,0.0
u_10335,0.08417531978986129,1217,0.0,0.787,0.0
u_10336,0.0,-1,0.0,,
u_10337,0.005398976841461634,1940,0.0,0.051,0.0
u_10338,0.0,-1,0.0,,
u_10339,0.0,-1,0.0,,
u_10340,0.0,-1,0.0,,
u_10341,0.043034914056465874,5048,0.0,0.787,0.0
u_10342,0.0,-1,0.0,,
u_10343,0.0012605446519083083,1920,0.0,0.012,0.0
u_10344,4.109863189071601e-05,8,0.0,0.001,0.0
u_10345,0.0,-1,0.0,,
u_10346,0.0,-1,0.0,,
u_10347,0.0,-1,0.0,,
u_10348,0.016354869926391208,4183,0.0,0.29,0.0
u_10349,0.0,-1,0.0,,
u_10350,0.043034914056465874,2333,0.0,0.787,0.0
u_10351,0.03988866680019958,4610,0.0,0.787,0.0
u_10352,0.0,-1,0.0,,
u_10353,0.0,-1,0.0,,
u_10354,0.0013943007191867967,2890,0.0,0.025,0.0
u_10355,0.0423988817836717,4336,0.0,0.401,0.0
u_10356,0.0,-1,0.0,,
u_10357,0.0038759397684597478,3479,0.0,0.071,0.0
u_10358,0.03988796877734833,1712,0.0,0.787,0.0
u_10359,0.043034914056465874,5970,0.0,0.787,0.0
u_10360,0.04115988212178079,439,0.0,0.787,0.0
u_10361,0.0,-1,0.0,,
u_10362,0.0,-1,0.0,,
u_10363,0.043034914056465874,5971,0.0,0.787,0.0
u_10364,0.0,-1,0.0,,
u_10365,0.0,-1,0.0,,
u_10366,0.041064248258382584,721,0.0,0.787,0.0
u_10367,0.002969256623100296,2073,0.0,0.056,0.0
u_10368,0.0,-1,0.0,,
u_10369,0.0,-1,0.0,,
u_10370,0.0,-1,0.0,,
u_10371,0.0,-1,0.0,,
u_10372,0.0005491484171465108,1228,0.0,0.003,0.0
u_10373,0.0,-1,0.0,,
u_10374,0.043034914056465874,5049,0.0,0.787,0.0
u_10375,0.11915364841405253,1959,0.0,0.787,0.0
u_10376,0.0,-1,0.0,,
u_10377,0.0,-1,0.0,,
u_10378,0.0,-1,0.0,,
u_10379,0.0,-1,0.0,,
u_10380,0.0,-1,0.0,,
u_10381,0.00025497796388004125,97,0.0,0.005,0.0
u_10382,0.043034914056465874,5050,0.0,0.787,0.0
u_10383,0.0,-1,0.0,,
u_10384,0.0,-1,0.0,,
u_10385,0.0,-1,0.0,,
u_10386,0.0,-1,0.0,,
u_10387,0.0,-1,0.0,,
u_10388,0.0,-1,0.0,,
u_10389,0.02035563666597458,4275,0.0,0.361,0.0
u_10390,0.0,-1,0.0,,
u_10391,0.0,-1,0.0,,
u_10392,0.0,-1,0.0,,
u_10393,0.0,-1,0.0,,
u_10394,0.0,-1,0.0,,
u_10395,0.04570788038849543,2072,0.0,0.787,0.0
u_10396,0.0,-1,0.0,,
u_10397,0.0,-1,0.0,,
u_10398,0.0,-1,0.0,,
u_10399,0.002356792130232628,3170,0.0,0.043,0.0
u_10400,0.0,-1,0.0,,
u_10401,0.04278316301043761,1122,0.0,0.787,0.0
u_10402,0.043034914056465874,1213,0.0,0.787,0.0
u_10403,0.0,-1,0.0,,
u_10404,0.0,-1,0.0,,
u_10405,0.043034914056465874,4792,0.0,0.787,0.0
u_10406,0.03989021678814496,2159,0.0,0.787,0.0
u_10407,0.08235264460203337,3623,0.0,0.787,0.0
u_10408,0.0,-1,0.0,,
u_10409,0.00021998062127750242,1115,0.0,0.002,0.0
u_10410,0.001161018981982081,2774,0.0,0.021,0.0
u_10411,0.0,-1,0.0,,
u_10412,0.0,-1,0.0,,
u_10413,0.043034914056465874,5051,0.0,0.787,0.0
u_10414,0.00017860384681559843,1482,0.0,0.003,0.0
u_10415,0.043034914056465874,1160,0.0,0.787,0.0
u_10416,0.0,-1,0.0,,
u_10417,0.013088684654264757,71,0.0,0.211,0.0
u_10418,0.0,-1,0.0,,
u_10419,0.08551320211650956,545,0.0,0.787,0.0
u_10420,0.0,-1,0.0,,
u_10421,0.0,-1,0.0,,
u_10422,0.044373416661892075,4398,0.0,0.787,0.0
u_10423,0.0,-1,0.0,,
u_10424,0.043034914056465874,5052,0.0,0.787,0.0
u_10425,0.00014073517230861642,1264,0.0,0.002,0.0
u_10426,0.08236551434966707,25,0.0,0.787,0.0
u_10427,0.0,-1,0.0,,
u_10428,0.0,-1,0.0,,
u_10429,0.04155559965093295,2045,0.0,0.787,0.0
u_10430,0.043034914056465874,5972,0.0,0.787,0.0
u_10431,0.042791895793775826,1193,0.0,0.787,0.0
u_10432,0.043034914056465874,3734,0.0,0.787,0.0
u_10433,0.0010510609810496661,2700,0.0,0.019,0.0
u_10434,0.0,-1,0.0,,
u_10435,0.0,-1,0.0,,
u_10436,0.0,-1,0.0,,
u_10437,0.043034914056465874,5973,0.0,0.787,0.0
u_10438,0.04046362778110949,2452,0.0,0.787,0.0
u_10439,0.0,-1,0.0,,
u_10440,0.043034914056465874,1930,0.0,0.787,0.0
u_10441,0.0,-1,0.0,,
u_10442,0.0,-1,0.0,,
u_10443,0.0,-1,0.0,,
u_10444,0.0,-1,0.0,,
u_10445,0.043034914056465874,3489,0.0,0.787,0.0
u_10446,0.0,-1,0.0,,
u_10447,0.001411294141851666,1416,0.0,0.026,0.0
u_10448,0.0,-1,0.0,,
u_10449,0.0,-1,0.0,,
u_10450,0.001970011077924827,1431,0.0,0.019,0.0
u_10451,0.003398921191793705,1196,0.0,0.033,0.0
u_10452,0.0,-1,0.0,,
u_10453,0.0,-1,0.0,,
u_10454,0.0,-1,0.0,,
u_10455,0.039888514774968374,178,0.0,0.787,0.0
u_10456,0.0,-1,0.0,,
u_10457,0.0,-1,0.0,,
u_10458,0.0014540962796130309,1193,0.0,0.028,0.0
u_10459,0.0,-1,0.0,,
u_10460,0.0,-1,0.0,,
u_10461,0.043034914056465874,5053,0.0,0.787,0.0
u_10462,0.0,-1,0.0,,
u_10463,0.0,-1,0.0,,
u_10464,0.043034914056465874,658,0.0,0.787,0.0
u_10465,0.0,-1,0.0,,
u_10466,0.00047930095484781203,2204,0.0,0.009,0.0
u_10467,0.013632265899897805,2984,0.0,0.264,0.0
u_10468,0.0,-1,0.0,,
u_10469,0.0,-1,0.0,,
u_10470,0.0,-1,0.0,,
u_10471,0.08424071105207408,909,0.0,0.787,0.0
u_10472,0.07069188628514282,320,0.0,0.671,0.0
u_10473,0.0,-1,0.0,,
u_10474,0.023454175299299565,2798,0.0,0.222,0.0
u_10475,0.0,-1,0.0,,
u_10476,0.08422588649120671,322,0.0,0.787,0.0
u_10477,0.043034914056465874,3959,0.0,0.787,0.0
u_10478,0.0,-1,0.0,,
u_10479,0.0,-1,0.0,,
u_10480,0.0,-1,0.0,,
u_10481,0.00045252765490597373,162,0.0,0.004,0.0
u_10482,0.00035669636200539207,1501,0.0,0.003,0.0
u_10483,0.04395107109313159,588,0.0,0.787,0.0
u_10484,0.043034914056465874,2172,0.0,0.787,0.0
u_10485,0.0,-1,0.0,,
u_10486,0.0,-1,0.0,,
u_10487,0.0,-1,0.0,,
u_10488,0.0,-1,0.0,,
u_10489,0.0,-1,0.0,,
u_10490,0.04014882148361757,244,0.0,0.787,0.0
u_10491,0.0,-1,0.0,,
u_10492,0.039888363430367176,504,0.0,0.787,0.0
u_10493,0.0,-1,0.0,,
u_10494,0.0,-1,0.0,,
u_10495,0.03988884878029288,3314,0.0,0.787,0.0
u_10496,0.0026105630719840908,89,0.0,0.025,0.0
u_10497,0.020029247633186423,2902,0.0,0.384,0.0
u_10498,0.02981100660320706,937,0.0,0.54,0.0
u_10499,0.0,-1,0.0,,
u_10500,0.0,-1,0.0,,
u_10501,0.043034914056465874,5974,0.0,0.787,0.0
u_10502,0.043034914056465874,5969,0.0,0.787,0.0
u_10503,0.0055001934018100536,3665,0.0,0.101,0.0
u_10504,0.043034914056465874,4244,0.0,0.787,0.0
u_10505,0.043034914056465874,2069,0.0,0.787,0.0
u_10506,0.0,-1,0.0,,
u_10507,0.0,-1,0.0,,
u_10508,0.040458718755374844,1432,0.0,0.787,0.0
u_10509,0.0,-1,0.0,,
u_10510,0.0,-1,0.0,,
u_10511,0.027522341852927942,1187,0.0,0.257,0.0
u_10512,0.0,-1,0.0,,
u_10513,0.0,-1,0.0,,
u_10514,0.0,-1,0.0,,
u_10515,0.0,-1,0.0,,
u_10516,0.0,-1,0.0,,
u_10517,0.0026879742915449554,366,0.0,0.017,0.0
u_10518,0.0,-1,0.0,,
u_10519,0.0,-1,0.0,,
u_10520,0.0002463063270084507,1189,0.0,0.002,0.0
u_10521,0.021714888401669668,4333,0.0,0.397,0.0
u_10522,0.0,-1,0.0,,
u_10523,0.0,-1,0.0,,
u_10524,0.07832341877512973,2239,0.0,0.757,0.0
u_10525,0.0,-1,0.0,,
u_10526,0.0,-1,0.0,,
u_10527,0.0009481019141901872,356,0.0,0.018,0.0
u_10528,0.0,-1,0.0,,
u_10529,0.0,-1,0.0,,
u_10530,0.0008190498812929365,168,0.0,0.016,0.0
u_10531,0.0,-1,0.0,,
u_10532,0.043034914056465874,4186,0.0,0.787,0.0
u_10533,0.1671987276809497,2475,0.0,0.787,0.0
u_10534,0.0,-1,0.0,,
u_10535,0.043034914056465874,1508,0.0,0.787,0.0
u_10536,0.032409107932962346,2271,0.0,0.582,0.0
u_10537,0.03904797167468949,1363,0.0,0.387,0.0
u_10538,0.0,-1,0.0,,
u_10539,0.0011300461722021811,2327,0.0,0.011,0.0
u_10540,0.043034914056465874,810,0.0,0.787,0.0
u_10541,0.0032425461180541067,2440,0.0,0.03,0.0
u_10542,0.0,-1,0.0,,
u_10543,0.0,-1,0.0,,
u_10544,0.0,-1,0.0,,
u_10545,0.017983289992947783,4231,0.0,0.329,0.0
u_10546,0.0,-1,0.0,,
u_10547,0.0,-1,0.0,,
u_10548,0.08098224380842695,61,0.0,0.787,0.0
u_10549,0.0003710528832683298,1530,0.0,0.003,0.0
u_10550,0.0,-1,0.0,,
u_10551,0.035451855527191996,1686,0.0,0.657,0.0
u_10552,0.0054193052891182885,3657,0.0,0.099,0.0
u_10553,0.04108707068538885,2894,0.0,0.787,0.0
u_10554,0.04825795346294931,4685,0.0,0.882,0.0
u_10555,0.0,-1,0.0,,
u_10556,0.0003011200658412705,1860,0.0,0.006,0.0
u_10557,0.0,-1,0.0,,
u_10558,0.0,-1,0.0,,
u_10559,0.0,-1,0.0,,
u_10560,0.0,-1,0.0,,
u_10561,0.0491297926003968,4693,0.0,0.898,0.0
u_10562,0.04170127508748477,2342,0.0,0.787,0.0
u_10563,0.07921994884617092,4318,0.0,0.787,0.0
u_10564,0.04096874358769813,74,0.0,0.787,0.0
u_10565,0.0,-1,0.0,,
u_10566,0.0,-1,0.0,,
u_10567,0.0,-1,0.0,,
u_10568,0.00012436519928843613,1185,0.0,0.002,0.0
u_10569,0.043034914056465874,5054,0.0,0.787,0.0
u_10570,0.00012135088947375692,1218,0.0,0.002,0.0
u_10571,0.00011983160363767284,509,0.0,0.001,0.0
u_10572,0.0,-1,0.0,,
u_10573,0.0,-1,0.0,,
u_10574,0.00022901389890032207,1694,0.0,0.004,0.0
u_10575,0.04193015953768027,577,0.0,0.787,0.0
u_10576,0.0,-1,0.0,,
u_10577,0.0,-1,0.0,,
u_10578,0.0,-1,0.0,,
u_10579,0.00032753172654238256,1116,0.0,0.002,0.0
u_10580,0.043034914056465874,5055,0.0,0.787,0.0
u_10581,0.07963034712418983,7,0.0,0.787,0.0
u_10582,0.0,-1,0.0,,
u_10583,0.0,-1,0.0,,
u_10584,0.0,-1,0.0,,
u_10585,0.05051358016439784,4068,0.0,0.95,0.0
u_10586,0.0,-1,0.0,,
u_10587,0.08123028668065438,419,0.0,0.787,0.0
u_10588,0.043034914056465874,2186,0.0,0.787,0.0
u_10589,0.0,-1,0.0,,
u_10590,0.0,-1,0.0,,
u_10591,0.0,-1,0.0,,
u_10592,0.0,-1,0.0,,
u_10593,0.0,-1,0.0,,
u_10594,0.0,-1,0.0,,
u_10595,0.0,-1,0.0,,
u_10596,0.0,-1,0.0,,
u_10597,0.0,-1,0.0,,
u_10598,0.009052346291254445,3937,0.0,0.165,0.0
u_10599,0.04125353316725836,161,0.0,0.787,0.0
u_10600,0.025235730614201878,4390,0.0,0.461,0.0
u_10601,0.0,-1,0.0,,
u_10602,0.0,-1,0.0,,
u_10603,0.0,-1,0.0,,
u_10604,0.0,-1,0.0,,
u_10605,0.043034914056465874,2192,0.0,0.787,0.0
u_10606,0.0,-1,0.0,,
u_10607,0.039888838479642245,4196,0.0,0.787,0.0
u_10608,0.0,-1,0.0,,
u_10609,5.141694215634965e-05,301,0.0,0.001,0.0
u_10610,0.0,-1,0.0,,
u_10611,0.0,-1,0.0,,
u_10612,0.04675206822982671,480,0.0,0.425,0.0
u_10613,0.0,-1,0.0,,
u_10614,0.0,-1,0.0,,
u_10615,0.03988889532923853,256,0.0,0.787,0.0
u_10616,0.0,-1,0.0,,
u_10617,0.042464387853836084,438,0.0,0.787,0.0
u_10618,0.08684078963372249,4603,0.0,0.787,0.0
u_10619,0.00019674808727202658,341,0.0,0.004,0.0
u_10620,0.0,-1,0.0,,
u_10621,0.0,-1,0.0,,
u_10622,0.0,-1,0.0,,
u_10623,0.0,-1,0.0,,
u_10624,0.0,-1,0.0,,
u_10625,0.043034914056465874,2646,0.0,0.787,0.0
u_10626,0.0,-1,0.0,,
u_10627,0.0,-1,0.0,,
u_10628,0.0,-1,0.0,,
u_10629,0.0,-1,0.0,,
u_10630,0.040002311576578256,438,0.0,0.787,0.0
u_10631,0.005371959903906547,3047,0.0,0.034,0.0
u_10632,0.0004982128440505028,1060,0.0,0.005,0.0
u_10633,0.0,-1,0.0,,
u_10634,0.0,-1,0.0,,
u_10635,0.0,-1,0.0,,
u_10636,0.0842719626280324,1809,0.0,0.787,0.0
u_10637,0.0,-1,0.0,,
u_10638,0.0016924351997082863,3001,0.0,0.03,0.0
u_10639,0.043034914056465874,4975,0.0,0.787,0.0
u_10640,0.12472674171432968,942,0.0,0.787,0.0
u_10641,0.08058476620621702,1891,0.0,0.787,0.0
u_10642,0.043034914056465874,5975,0.0,0.787,0.0
u_10643,0.043034914056465874,5056,0.0,0.787,0.0
u_10644,0.043034914056465874,5057,0.0,0.787,0.0
u_10645,0.043034914056465874,5058,0.0,0.787,0.0
u_10646,0.043034914056465874,4130,0.0,0.787,0.0
u_10647,0.0,-1,0.0,,
u_10648,0.0021457219115202067,547,0.0,0.042,0.0
u_10649,0.0,-1,0.0,,
u_10650,0.0019956834566364143,2452,0.0,0.013,0.0
u_10651,0.043034914056465874,5024,0.0,0.787,0.0
u_10652,0.043034914056465874,2628,0.0,0.787,0.0
u_10653,0.0,-1,0.0,,
u_10654,0.0,-1,0.0,,
u_10655,0.0006272030595324317,243,0.0,0.006,0.0
u_10656,0.0,-1,0.0,,
u_10657,0.043034914056465874,5059,0.0,0.787,0.0
u_10658,0.0,-1,0.0,,
u_10659,0.0,-1,0.0,,
u_10660,0.0,-1,0.0,,
u_10661,0.04016912622824062,222,0.0,0.787,0.0
u_10662,0.0,-1,0.0,,
u_10663,0.015104459186743042,2978,0.0,0.275,0.0
u_10664,0.0,-1,0.0,,
u_10665,0.0,-1,0.0,,
u_10666,0.0,-1,0.0,,
u_10667,0.017308121536224807,2444,0.0,0.159,0.0
u_10668,0.0,-1,0.0,,
u_10669,0.0014260408020691673,1540,0.0,0.026,0.0
u_10670,0.0,-1,0.0,,
u_10671,0.0,-1,0.0,,
u_10672,0.04033465218332212,53,0.0,0.787,0.0
u_10673,0.04112840115268805,465,0.0,0.787,0.0
u_10674,0.0,-1,0.0,,
u_10675,0.0,-1,0.0,,
u_10676,0.0,-1,0.0,,
u_10677,0.0,-1,0.0,,
u_10678,0.0,-1,0.0,,
u_10679,0.0,-1,0.0,,
u_10680,0.0,-1,0.0,,
u_10681,0.002753097195813467,3234,0.0,0.048,0.0
u_10682,0.043034914056465874,2605,0.0,0.787,0.0
u_10683,0.0,-1,0.0,,
u_10684,0.06550508098968581,2754,0.0,0.612,0.0
u_10685,0.043034914056465874,5060,0.0,0.787,0.0
u_10686,0.08698577005218248,1502,0.0,0.834,0.0
u_10687,0.0,-1,0.0,,
u_10688,0.0,-1,0.0,,
u_10689,0.0,-1,0.0,,
u_10690,0.0,-1,0.0,,
u_10691,0.0,-1,0.0,,
u_10692,0.0,-1,0.0,,
u_10693,0.0,-1,0.0,,
u_10694,0.0,-1,0.0,,
u_10695,0.0,-1,0.0,,
u_10696,9.65084417501351e-05,363,0.0,0.002,0.0
u_10697,0.0,-1,0.0,,
u_10698,0.0,-1,0.0,,
u_10699,0.0004464655907964735,2176,0.0,0.008,0.0
u_10700,0.08386870720493732,2102,0.0,0.787,0.0
u_10701,0.0,-1,0.0,,
u_10702,0.08684565891396126,2900,0.0,0.787,0.0
u_10703,0.0,-1,0.0,,
u_10704,0.0434523899968322,1216,0.0,0.787,0.0
u_10705,0.0,-1,0.0,,
u_10706,0.0,-1,0.0,,
u_10707,0.0,-1,0.0,,
u_10708,0.0,-1,0.0,,
u_10709,0.0,-1,0.0,,
u_10710,0.0,-1,0.0,,
u_10711,0.0,-1,0.0,,
u_10712,0.047859011249348785,547,0.0,0.466,0.0
u_10713,0.0,-1,0.0,,
u_10714,0.0,-1,0.0,,
u_10715,0.0,-1,0.0,,
u_10716,0.0,-1,0.0,,
u_10717,0.043034914056465874,4854,0.0,0.787,0.0
u_10718,0.0,-1,0.0,,
u_10719,0.0,-1,0.0,,
u_10720,0.0,-1,0.0,,
u_10721,0.0,-1,0.0,,
u_10722,0.0,-1,0.0,,
u_10723,0.0,-1,0.0,,
u_10724,0.0,-1,0.0,,
u_10725,0.043034914056465874,5061,0.0,0.787,0.0
u_10726,0.043034914056465874,908,0.0,0.787,0.0
u_10727,0.00022810881374684246,1670,0.0,0.004,0.0
u_10728,0.0,-1,0.0,,
u_10729,0.0,-1,0.0,,
u_10730,0.04133954095256461,97,0.0,0.787,0.0
u_10731,0.0,-1,0.0,,
u_10732,0.023106972049850166,4342,0.0,0.411,0.0
u_10733,0.0,-1,0.0,,
u_10734,0.0,-1,0.0,,
u_10735,0.0,-1,0.0,,
u_10736,0.043034914056465874,2288,0.0,0.787,0.0
u_10737,0.0,-1,0.0,,
u_10738,0.0,-1,0.0,,
u_10739,0.0,-1,0.0,,
u_10740,0.04072720534784587,438,0.0,0.787,0.0
u_10741,0.0005888407023469148,1122,0.0,0.011,0.0
u_10742,0.0,-1,0.0,,
u_10743,0.043034914056465874,4828,0.0,0.787,0.0
u_10744,0.0004587252953679511,2173,0.0,0.008,0.0
u_10745,0.0,-1,0.0,,
u_10746,0.0002475868918055885,1721,0.0,0.005,0.0
u_10747,0.0,-1,0.0,,
u_10748,0.00015119142776685634,1357,0.0,0.003,0.0
u_10749,0.003290459132830074,3363,0.0,0.058,0.0
u_10750,0.0,-1,0.0,,
u_10751,0.0,-1,0.0,,
u_10752,0.032448940199337827,1476,0.0,0.154,0.0
u_10753,0.043034914056465874,2387,0.0,0.787,0.0
u_10754,0.0015110873809231844,1922,0.0,0.014,0.0
u_10755,0.0,-1,0.0,,
u_10756,0.0411343579590986,1816,0.0,0.787,0.0
u_10757,0.039891069843926534,1269,0.0,0.787,0.0
u_10758,0.0,-1,0.0,,
u_10759,0.0,-1,0.0,,
u_10760,0.0,-1,0.0,,
u_10761,0.0,-1,0.0,,
u_10762,0.0,-1,0.0,,
u_10763,0.002576003053351512,2463,0.0,0.049,0.0
u_10764,0.0,-1,0.0,,
u_10765,0.0,-1,0.0,,
u_10766,0.00011142818964873114,1105,0.0,0.002,0.0
u_10767,0.0,-1,0.0,,
u_10768,0.04069462542874451,2962,0.0,0.787,0.0
u_10769,0.0,-1,0.0,,
u_10770,0.0,-1,0.0,,
u_10771,0.0,-1,0.0,,
u_10772,0.0,-1,0.0,,
u_10773,0.043034914056465874,2813,0.0,0.787,0.0
u_10774,0.043034914056465874,165,0.0,0.787,0.0
u_10775,0.0,-1,0.0,,
u_10776,0.043034914056465874,4569,0.0,0.787,0.0
u_10777,0.043034914056465874,4450,0.0,0.787,0.0
u_10778,0.043036608864699344,2780,0.0,0.787,0.0
u_10779,0.0,-1,0.0,,
u_10780,0.0,-1,0.0,,
u_10781,0.009921541655042351,3631,0.0,0.093,0.0
u_10782,4.9423919370574134e-05,206,0.0,0.001,0.0
u_10783,0.04095906787814385,919,0.0,0.787,0.0
u_10784,0.04101987310140253,408,0.0,0.787,0.0
u_10785,0.08422685679366089,1945,0.0,0.787,0.0
u_10786,0.0,-1,0.0,,
u_10787,0.0,-1,0.0,,
u_10788,0.0,-1,0.0,,
u_10789,0.0006486221594799384,2406,0.0,0.012,0.0
u_10790,0.043034914056465874,3068,0.0,0.787,0.0
u_10791,0.0,-1,0.0,,
u_10792,0.0,-1,0.0,,
u_10793,0.0,-1,0.0,,
u_10794,0.0,-1,0.0,,
u_10795,0.043034914056465874,5976,0.0,0.787,0.0
u_10796,0.08417531978986129,3195,0.0,0.787,0.0
u_10797,0.043034914056465874,5062,0.0,0.787,0.0
u_10798,0.0,-1,0.0,,
u_10799,0.0,-1,0.0,,
u_10800,0.02216663535092775,2936,0.0,0.423,0.0
u_10801,0.043034914056465874,515,0.0,0.787,0.0
u_10802,0.0,-1,0.0,,
u_10803,0.0003389680843462545,1990,0.0,0.006,0.0
u_10804,0.00013395327065376545,649,0.0,0.001,0.0
u_10805,0.040630724746904046,1377,0.0,0.787,0.0
u_10806,0.013773221332400894,1243,0.0,0.129,0.0
u_10807,0.043050263851632145,578,0.0,0.787,0.0
u_10808,0.0,-1,0.0,,
u_10809,0.0,-1,0.0,,
u_10810,0.04525835095767161,2446,0.0,0.787,0.0
u_10811,0.00024142350558057878,620,0.0,0.005,0.0
u_10812,0.0,-1,0.0,,
u_10813,0.03990570131276988,3140,0.0,0.787,0.0
u_10814,0.0,-1,0.0,,
u_10815,0.0,-1,0.0,,
u_10816,0.010748450870227263,3820,0.0,0.2,0.0
u_10817,0.0,-1,0.0,,
u_10818,0.0,-1,0.0,,
u_10819,0.0,-1,0.0,,
u_10820,0.0,-1,0.0,,
u_10821,0.041513986431781516,3349,0.0,0.787,0.0
u_10822,0.043034914056465874,5063,0.0,0.787,0.0
u_10823,0.08417531978986129,3495,0.0,0.787,0.0
u_10824,0.0,-1,0.0,,
u_10825,0.1222167287458372,127,0.0,0.787,0.0
u_10826,0.04157894710187747,162,0.0,0.787,0.0
u_10827,0.0,-1,0.0,,
u_10828,0.0,-1,0.0,,
u_10829,0.0796369913417695,3978,0.0,0.787,0.0
u_10830,0.0,-1,0.0,,
u_10831,0.043034914056465874,5929,0.0,0.787,0.0
u_10832,0.0,-1,0.0,,
u_10833,0.0,-1,0.0,,
u_10834,0.01623047713762273,4117,0.0,0.305,0.0
u_10835,0.0,-1,0.0,,
u_10836,0.0,-1,0.0,,
u_10837,0.017000215406308486,4203,0.0,0.311,0.0
u_10838,0.042030275458883305,87,0.0,0.787,0.0
u_10839,0.0,-1,0.0,,
u_10840,0.0,-1,0.0,,
u_10841,0.00012781007003569037,1207,0.0,0.002,0.0
u_10842,0.0,-1,0.0,,
u_10843,0.0,-1,0.0,,
u_10844,0.0,-1,0.0,,
u_10845,0.0,-1,0.0,,
u_10846,0.0,-1,0.0,,
u_10847,0.0017729004999534007,568,0.0,0.011,0.0
u_10848,0.08369113426094937,569,0.0,0.787,0.0
u_10849,0.017880256090871623,336,0.0,0.111,0.0
u_10850,0.0,-1,0.0,,
u_10851,0.0,-1,0.0,,
u_10852,0.000807033238292473,5,0.0,0.008,0.0
u_10853,0.043034914056465874,5977,0.0,0.787,0.0
u_10854,0.0,-1,0.0,,
u_10855,0.0,-1,0.0,,
u_10856,0.0,-1,0.0,,
u_10857,0.0,-1,0.0,,
u_10858,0.039888567566442656,2488,0.0,0.787,0.0
u_10859,0.0,-1,0.0,,
u_10860,0.043034914056465874,1888,0.0,0.787,0.0
u_10861,0.0006833987292975339,2022,0.0,0.007,0.0
u_10862,0.0,-1,0.0,,
u_10863,0.0,-1,0.0,,
u_10864,0.0,-1,0.0,,
u_10865,0.043034914056465874,5064,0.0,0.787,0.0
u_10866,0.043034914056465874,3680,0.0,0.787,0.0
u_10867,0.043034914056465874,5978,0.0,0.787,0.0
u_10868,0.0,-1,0.0,,
u_10869,0.003067518329566909,3334,0.0,0.056,0.0
u_10870,0.0,-1,0.0,,
u_10871,0.08417531978986129,4104,0.0,0.787,0.0
u_10872,0.03988851627037868,4700,0.0,0.787,0.0
u_10873,0.03999214098534698,161,0.0,0.787,0.0
u_10874,0.0,-1,0.0,,
u_10875,0.0,-1,0.0,,
u_10876,0.0,-1,0.0,,
u_10877,0.0,-1,0.0,,
u_10878,0.0,-1,0.0,,
u_10879,0.0,-1,0.0,,
u_10880,0.0,-1,0.0,,
u_10881,0.00039386459292555274,1567,0.0,0.004,0.0
u_10882,0.0007959046463502441,2532,0.0,0.015,0.0
u_10883,0.0,-1,0.0,,
u_10884,0.0,-1,0.0,,
u_10885,0.0,-1,0.0,,
u_10886,0.0,-1,0.0,,
u_10887,0.0,-1,0.0,,
u_10888,0.049266982300992954,87,0.0,0.787,0.0
u_10889,0.0,-1,0.0,,
u_10890,0.0,-1,0.0,,
u_10891,0.043034914056465874,4905,0.0,0.787,0.0
u_10892,0.0,-1,0.0,,
u_10893,0.0,-1,0.0,,
u_10894,0.1253157255232567,3637,0.0,0.787,0.0
u_10895,0.04437053979604134,1454,0.0,0.787,0.0
u_10896,0.013698773501044856,419,0.0,0.09,0.0
u_10897,0.0,-1,0.0,,
u_10898,0.043034914056465874,403,0.0,0.787,0.0
u_10899,0.0,-1,0.0,,
u_10900,0.0,-1,0.0,,
u_10901,0.005394260610522285,2807,0.0,0.051,0.0
u_10902,0.10486042939724531,3241,0.0,0.98,0.0
u_10903,0.0031925413903699192,3336,0.0,0.057,0.0
u_10904,0.0,-1,0.0,,
u_10905,0.0,-1,0.0,,
u_10906,0.04140987406218311,1321,0.0,0.787,0.0
u_10907,0.0,-1,0.0,,
u_10908,0.0825032423452568,585,0.0,0.518,0.0
u_10909,0.0,-1,0.0,,
u_10910,0.0,-1,0.0,,
u_10911,0.0,-1,0.0,,
u_10912,0.0,-1,0.0,,
u_10913,0.0,-1,0.0,,
u_10914,0.043034914056465874,5065,0.0,0.787,0.0
u_10915,0.0015636004868887553,619,0.0,0.015,0.0
u_10916,0.0,-1,0.0,,
u_10917,0.0,-1,0.0,,
u_10918,0.0017109303920553437,3015,0.0,0.031,0.0
u_10919,0.2007420925374734,946,0.0,0.958,0.0
u_10920,0.04862393134549552,1481,0.0,0.225,0.0
u_10921,0.043034914056465874,5066,0.0,0.787,0.0
u_10922,0.0,-1,0.0,,
u_10923,0.0,-1,0.0,,
u_10924,0.041159781931129624,33,0.0,0.787,0.0
u_10925,0.00027723598415029205,1302,0.0,0.003,0.0
u_10926,0.0,-1,0.0,,
u_10927,0.0,-1,0.0,,
u_10928,0.012326830063284869,4078,0.0,0.225,0.0
u_10929,0.004159336625055702,3520,0.0,0.076,0.0
u_10930,0.047409607585904186,4285,0.0,0.864,0.0
u_10931,0.04044084045078649,1524,0.0,0.787,0.0
u_10932,0.0,-1,0.0,,
u_10933,0.0,-1,0.0,,
u_10934,0.0,-1,0.0,,
u_10935,0.0003384722616345193,1949,0.0,0.006,0.0
u_10936,0.03989106250196639,2294,0.0,0.787,0.0
u_10937,0.0,-1,0.0,,
u_10938,0.00043413597334512866,1377,0.0,0.003,0.0
u_10939,7.26736662326629e-05,700,0.0,0.001,0.0
u_10940,0.0,-1,0.0,,
u_10941,0.0,-1,0.0,,
u_10942,0.043034914056465874,3895,0.0,0.787,0.0
u_10943,0.0,-1,0.0,,
u_10944,0.0627386031008391,1442,0.0,0.586,0.0
u_10945,0.0,-1,0.0,,
u_10946,0.039887961022621814,3750,0.0,0.787,0.0
u_10947,0.043034914056465874,190,0.0,0.787,0.0
u_10948,0.043034914056465874,5067,0.0,0.787,0.0
u_10949,6.706888465124457e-05,605,0.0,0.001,0.0
u_10950,0.0,-1,0.0,,
u_10951,0.0022609380119389655,3148,0.0,0.041,0.0
u_10952,0.0,-1,0.0,,
u_10953,0.0,-1,0.0,,
u_10954,0.0,-1,0.0,,
u_10955,0.0,-1,0.0,,
u_10956,0.0,-1,0.0,,
u_10957,0.0,-1,0.0,,
u_10958,0.0,-1,0.0,,
u_10959,0.039888766975872694,3517,0.0,0.787,0.0
u_10960,0.0,-1,0.0,,
u_10961,0.021615719598223546,4328,0.0,0.395,0.0
u_10962,0.001088420848719998,724,0.0,0.011,0.0
u_10963,0.043034914056465874,5068,0.0,0.787,0.0
u_10964,0.0,-1,0.0,,
u_10965,0.0,-1,0.0,,
u_10966,0.0,-1,0.0,,
u_10967,0.041987423138115765,878,0.0,0.787,0.0
u_10968,0.018230513359979557,3229,0.0,0.334,0.0
u_10969,0.0,-1,0.0,,
u_10970,0.0,-1,0.0,,
u_10971,0.0,-1,0.0,,
u_10972,0.043034914056465874,5069,0.0,0.787,0.0
u_10973,0.0005313518082970891,2273,0.0,0.01,0.0
u_10974,0.0,-1,0.0,,
u_10975,0.0,-1,0.0,,
u_10976,0.0007655699106895408,2503,0.0,0.014,0.0
u_10977,0.040088947004348854,74,0.0,0.787,0.0
u_10978,0.0,-1,0.0,,
u_10979,0.0,-1,0.0,,
u_10980,0.042130407716432006,5408,0.0,0.787,0.0
u_10981,0.09496533687245816,797,0.0,0.606,0.0
u_10982,0.0,-1,0.0,,
u_10983,0.0,-1,0.0,,
u_10984,0.0,-1,0.0,,
u_10985,0.0,-1,0.0,,
u_10986,0.08236630710979355,5070,0.0,0.787,0.0
u_10987,0.08339218600259737,3190,0.0,0.787,0.0
u_10988,0.0,-1,0.0,,
u_10989,0.0,-1,0.0,,
u_10990,0.0,-1,0.0,,
u_10991,0.0,-1,0.0,,
u_10992,0.0,-1,0.0,,
u_10993,0.0,-1,0.0,,
u_10994,0.0,-1,0.0,,
u_10995,0.0,-1,0.0,,
u_10996,0.0420332083578351,1849,0.0,0.787,0.0
u_10997,0.043034914056465874,1942,0.0,0.787,0.0
u_10998,0.0,-1,0.0,,
u_10999,0.016071233573793583,3879,0.0,0.316,0.0
u_11000,0.0,-1,0.0,,
u_11001,0.0,-1,0.0,,
u_11002,0.0,-1,0.0,,
u_11003,0.0,-1,0.0,,
u_11004,0.043034914056465874,5071,0.0,0.787,0.0
u_11005,0.03374507800330624,4536,0.0,0.617,0.0
u_11006,0.0,-1,0.0,,
u_11007,0.0,-1,0.0,,
u_11008,0.0,-1,0.0,,
u_11009,0.0430379232743837,3372,0.0,0.787,0.0
u_11010,0.0,-1,0.0,,
u_11011,0.0,-1,0.0,,
u_11012,0.043034914056465874,2141,0.0,0.787,0.0
u_11013,0.0,-1,0.0,,
u_11014,0.0,-1,0.0,,
u_11015,0.00676639446917017,1252,0.0,0.042,0.0
u_11016,0.04142268278854728,5,0.0,0.787,0.0
u_11017,0.0,-1,0.0,,
u_11018,0.0,-1,0.0,,
u_11019,0.0,-1,0.0,,
u_11020,0.0023545659389737537,87,0.0,0.011,0.0
u_11021,0.0,-1,0.0,,
u_11022,0.03988856664281744,89,0.0,0.787,0.0
u_11023,0.026927777297318385,49,0.0,0.498,0.0
u_11024,0.0003261650770820524,1452,0.0,0.003,0.0
u_11025,0.0,-1,0.0,,
u_11026,0.039887965584984204,2187,0.0,0.787,0.0
u_11027,0.0,-1,0.0,,
u_11028,0.0,-1,0.0,,
u_11029,0.039889581879092875,3148,0.0,0.787,0.0
u_11030,0.0,-1,0.0,,
u_11031,0.043034914056465874,1536,0.0,0.787,0.0
u_11032,0.043034914056465874,1087,0.0,0.787,0.0
u_11033,0.0011562893388489092,2767,0.0,0.021,0.0
u_11034,0.0,-1,0.0,,
u_11035,0.0,-1,0.0,,
u_11036,0.0,-1,0.0,,
u_11037,0.0,-1,0.0,,
u_11038,0.0,-1,0.0,,
u_11039,0.0,-1,0.0,,
u_11040,0.0,-1,0.0,,
u_11041,0.0,-1,0.0,,
u_11042,0.040811507557958246,359,0.0,0.787,0.0
u_11043,0.0,-1,0.0,,
u_11044,0.0,-1,0.0,,
u_11045,0.043034914056465874,3477,0.0,0.787,0.0
u_11046,0.0003099912433687535,87,0.0,0.002,0.0
u_11047,0.0,-1,0.0,,
u_11048,0.0,-1,0.0,,
u_11049,0.0,-1,0.0,,
u_11050,0.0,-1,0.0,,
u_11051,0.0,-1,0.0,,
u_11052,0.0,-1,0.0,,
u_11053,0.043034914056465874,5979,0.0,0.787,0.0
u_11054,0.0,-1,0.0,,
u_11055,0.0018680652887519394,3052,0.0,0.034,0.0
u_11056,0.0,-1,0.0,,
u_11057,0.0,-1,0.0,,
u_11058,0.0,-1,0.0,,
u_11059,0.0,-1,0.0,,
u_11060,0.0,-1,0.0,,
u_11061,0.007180258483207557,3804,0.0,0.131,0.0
u_11062,0.04051785716008897,1775,0.0,0.787,0.0
u_11063,0.00029161651557065943,1838,0.0,0.005,0.0
u_11064,0.0,-1,0.0,,
u_11065,0.04168791998383697,1480,0.0,0.787,0.0
u_11066,0.006241897088978064,3358,0.0,0.058,0.0
u_11067,0.0,-1,0.0,,
u_11068,0.0,-1,0.0,,
u_11069,0.0005620765087670559,1731,0.0,0.005,0.0
u_11070,0.0,-1,0.0,,
u_11071,0.0,-1,0.0,,
u_11072,0.043034914056465874,5072,0.0,0.787,0.0
u_11073,0.0010171246962550457,2684,0.0,0.019,0.0
u_11074,0.0,-1,0.0,,
u_11075,0.0,-1,0.0,,
u_11076,0.043034914056465874,2567,0.0,0.787,0.0
u_11077,0.0,-1,0.0,,
u_11078,0.004058046871255319,2791,0.0,0.074,0.0
u_11079,0.0,-1,0.0,,
u_11080,0.0,-1,0.0,,
u_11081,0.0,-1,0.0,,
u_11082,0.08551366544645349,310,0.0,0.787,0.0
u_11083,0.03988764042443724,1530,0.0,0.787,0.0
u_11084,0.04345842197169071,162,0.0,0.787,0.0
u_11085,0.0,-1,0.0,,
u_11086,0.0,-1,0.0,,
u_11087,0.0,-1,0.0,,
u_11088,0.08431310337279466,1065,0.0,0.787,0.0
u_11089,0.026600944465230165,4422,0.0,0.486,0.0
u_11090,0.0,-1,0.0,,
u_11091,0.043034914056465874,4049,0.0,0.787,0.0
u_11092,0.0,-1,0.0,,
u_11093,0.0,-1,0.0,,
u_11094,0.0,-1,0.0,,
u_11095,0.025499943635546272,4397,0.0,0.466,0.0
u_11096,0.043034914056465874,5980,0.0,0.787,0.0
u_11097,0.0,-1,0.0,,
u_11098,0.002886460470458082,2944,0.0,0.027,0.0
u_11099,0.0003891154001570317,2063,0.0,0.007,0.0
u_11100,0.0,-1,0.0,,
u_11101,0.0,-1,0.0,,
u_11102,0.0,-1,0.0,,
u_11103,0.0,-1,0.0,,
u_11104,0.043034914056465874,4580,0.0,0.787,0.0
u_11105,0.0,-1,0.0,,
u_11106,0.043034914056465874,5073,0.0,0.787,0.0
u_11107,0.08417531978986129,3923,0.0,0.787,0.0
u_11108,0.0009107100404362309,2617,0.0,0.017,0.0
u_11109,0.0398900884586433,2678,0.0,0.787,0.0
u_11110,0.03988865945086422,1479,0.0,0.787,0.0
u_11111,0.02578081342486931,1590,0.0,0.507,0.0
u_11112,0.0,-1,0.0,,
u_11113,0.08006630482005428,47,0.0,0.787,0.0
u_11114,0.07963561594861915,238,0.0,0.787,0.0
u_11115,0.001663585694194162,74,0.0,0.016,0.0
u_11116,0.0,-1,0.0,,
u_11117,0.00204808951303247,1159,0.0,0.013,0.0
u_11118,0.0,-1,0.0,,
u_11119,0.043034914056465874,1270,0.0,0.787,0.0
u_11120,0.0,-1,0.0,,
u_11121,0.0,-1,0.0,,
u_11122,0.0,-1,0.0,,
u_11123,0.0,-1,0.0,,
u_11124,0.0,-1,0.0,,
u_11125,0.0,-1,0.0,,
u_11126,0.043034914056465874,4371,0.0,0.787,0.0
u_11127,0.0,-1,0.0,,
u_11128,0.0,-1,0.0,,
u_11129,0.04081015472106795,168,0.0,0.398,0.0
u_11130,0.0,-1,0.0,,
u_11131,0.0,-1,0.0,,
u_11132,0.0,-1,0.0,,
u_11133,0.0,-1,0.0,,
u_11134,0.0,-1,0.0,,
u_11135,0.0,-1,0.0,,
u_11136,0.08574504677136802,379,0.0,0.787,0.0
u_11137,0.0,-1,0.0,,
u_11138,0.0,-1,0.0,,
u_11139,0.0,-1,0.0,,
u_11140,0.0,-1,0.0,,
u_11141,5.047831805052839e-05,303,0.0,0.001,0.0
u_11142,0.020062164646697092,25,0.0,0.191,0.0
u_11143,0.0,-1,0.0,,
u_11144,0.0006619641358867268,2421,0.0,0.012,0.0
u_11145,0.0,-1,0.0,,
u_11146,0.0,-1,0.0,,
u_11147,0.0,-1,0.0,,
u_11148,0.043034914056465874,3487,0.0,0.787,0.0
u_11149,0.00010459739386718602,325,0.0,0.001,0.0
u_11150,0.04437340475910636,1510,0.0,0.787,0.0
u_11151,0.0,-1,0.0,,
u_11152,0.0,-1,0.0,,
u_11153,0.0,-1,0.0,,
u_11154,0.0,-1,0.0,,
u_11155,0.043034914056465874,2125,0.0,0.787,0.0
u_11156,0.0,-1,0.0,,
u_11157,9.776121559173603e-05,970,0.0,0.002,0.0
u_11158,0.0,-1,0.0,,
u_11159,0.0,-1,0.0,,
u_11160,0.0453809109504413,252,0.0,0.787,0.0
u_11161,0.0,-1,0.0,,
u_11162,0.03989154420115911,4677,0.0,0.787,0.0
u_11163,0.0,-1,0.0,,
u_11164,0.0,-1,0.0,,
u_11165,0.0,-1,0.0,,
u_11166,6.879916838265278e-05,635,0.0,0.001,0.0
u_11167,0.0,-1,0.0,,
u_11168,0.0,-1,0.0,,
u_11169,0.08417531978986129,499,0.0,0.787,0.0
u_11170,0.0,-1,0.0,,
u_11171,0.01839130727827897,4244,0.0,0.336,0.0
u_11172,0.09461731055422974,3128,0.0,0.594,0.0
u_11173,0.0,-1,0.0,,
u_11174,0.0,-1,0.0,,
u_11175,0.043034914056465874,5074,0.0,0.787,0.0
u_11176,0.0,-1,0.0,,
u_11177,0.08417531978986129,202,0.0,0.787,0.0
u_11178,0.043034914056465874,5981,0.0,0.787,0.0
u_11179,0.0012616423734714605,2401,0.0,0.012,0.0
u_11180,0.0,-1,0.0,,
u_11181,0.0,-1,0.0,,
u_11182,0.043034914056465874,5075,0.0,0.787,0.0
u_11183,0.014388580991760129,4133,0.0,0.263,0.0
u_11184,0.0,-1,0.0,,
u_11185,0.0,-1,0.0,,
u_11186,0.043034914056465874,5076,0.0,0.787,0.0
u_11187,0.04130423944086305,374,0.0,0.787,0.0
u_11188,0.0,-1,0.0,,
u_11189,0.0,-1,0.0,,
u_11190,0.08005023547382552,222,0.0,0.787,0.0
u_11191,0.0,-1,0.0,,
u_11192,0.0,-1,0.0,,
u_11193,0.0,-1,0.0,,
u_11194,0.0,-1,0.0,,
u_11195,0.0,-1,0.0,,
u_11196,0.043034914056465874,2899,0.0,0.787,0.0
u_11197,0.0,-1,0.0,,
u_11198,0.043034914056465874,5834,0.0,0.787,0.0
u_11199,0.0,-1,0.0,,
u_11200,0.04094953895922604,313,0.0,0.787,0.0
u_11201,0.043034914056465874,5077,0.0,0.787,0.0
u_11202,0.12169770016312123,5078,0.0,0.787,0.0
u_11203,0.0,-1,0.0,,
u_11204,0.011531839099700486,4049,0.0,0.211,0.0
u_11205,0.0,-1,0.0,,
u_11206,0.043034914056465874,2014,0.0,0.787,0.0
u_11207,0.0,-1,0.0,,
u_11208,0.0,-1,0.0,,
u_11209,0.0,-1,0.0,,
u_11210,0.0,-1,0.0,,
u_11211,0.02901993016344737,222,0.0,0.285,0.0
u_11212,0.0,-1,0.0,,
u_11213,0.0,-1,0.0,,
u_11214,0.0,-1,0.0,,
u_11215,0.0,-1,0.0,,
u_11216,0.0,-1,0.0,,
u_11217,0.043034914056465874,4039,0.0,0.787,0.0
u_11218,0.004111055280622683,332,0.0,0.04,0.0
u_11219,0.0,-1,0.0,,
u_11220,0.0,-1,0.0,,
u_11221,0.0,-1,0.0,,
u_11222,0.0,-1,0.0,,
u_11223,0.04444398021808996,1695,0.0,0.787,0.0
u_11224,0.0,-1,0.0,,
u_11225,0.0,-1,0.0,,
u_11226,0.0,-1,0.0,,
u_11227,0.039887410734176516,1794,0.0,0.787,0.0
u_11228,0.0,-1,0.0,,
u_11229,0.0,-1,0.0,,
u_11230,0.0,-1,0.0,,
u_11231,0.039888141461567,4716,0.0,0.787,0.0
u_11232,0.0,-1,0.0,,
u_11233,0.0,-1,0.0,,
u_11234,0.0,-1,0.0,,
u_11235,0.0,-1,0.0,,
u_11236,0.001117934168831105,1183,0.0,0.022,0.0
u_11237,0.0,-1,0.0,,
u_11238,0.043034914056465874,5982,0.0,0.787,0.0
u_11239,0.042530720531841114,2427,0.0,0.787,0.0
u_11240,0.0,-1,0.0,,
u_11241,0.00013995586895221282,952,0.0,0.003,0.0
u_11242,0.0020549771641197477,3125,0.0,0.039,0.0
u_11243,0.040457638016754144,4087,0.0,0.787,0.0
u_11244,0.0,-1,0.0,,
u_11245,0.00018862568204631425,991,0.0,0.002,0.0
u_11246,5.5955570979039144e-05,464,0.0,0.001,0.0
u_11247,0.0,-1,0.0,,
u_11248,0.0,-1,0.0,,
u_11249,0.0,-1,0.0,,
u_11250,0.0034846891652134692,3422,0.0,0.064,0.0
u_11251,0.08161771522064752,249,0.0,0.787,0.0
u_11252,0.0,-1,0.0,,
u_11253,0.043034914056465874,5983,0.0,0.787,0.0
u_11254,0.006809690161089402,3349,0.0,0.064,0.0
u_11255,0.0,-1,0.0,,
u_11256,0.0,-1,0.0,,
u_11257,0.0802767165640252,2030,0.0,0.787,0.0
u_11258,0.0,-1,0.0,,
u_11259,0.0,-1,0.0,,
u_11260,0.007393293310008632,1553,0.0,0.137,0.0
u_11261,0.043034914056465874,3422,0.0,0.787,0.0
u_11262,0.0,-1,0.0,,
u_11263,0.0,-1,0.0,,
u_11264,0.001868906377167661,2650,0.0,0.017,0.0
u_11265,0.03988745666895838,1472,0.0,0.787,0.0
u_11266,0.0,-1,0.0,,
u_11267,0.0,-1,0.0,,
u_11268,0.014575358843489433,4138,0.0,0.266,0.0
u_11269,0.04514295431712084,2848,0.0,0.787,0.0
u_11270,0.0,-1,0.0,,
u_11271,0.0,-1,0.0,,
u_11272,0.0003807769565777238,2047,0.0,0.007,0.0
u_11273,0.0,-1,0.0,,
u_11274,0.043034914056465874,2775,0.0,0.787,0.0
u_11275,0.0,-1,0.0,,
u_11276,9.054753859393704e-05,930,0.0,0.002,0.0
u_11277,0.0,-1,0.0,,
u_11278,0.0,-1,0.0,,
u_11279,0.0,-1,0.0,,
u_11280,0.043034914056465874,5079,0.0,0.787,0.0
u_11281,0.04033433238185978,419,0.0,0.787,0.0
u_11282,0.0,-1,0.0,,
u_11283,0.0,-1,0.0,,
u_11284,0.043034914056465874,4107,0.0,0.787,0.0
u_11285,0.011126070659865246,4032,0.0,0.203,0.0
u_11286,0.04052485372049663,2363,0.0,0.787,0.0
u_11287,0.12147852641803408,3205,0.0,0.787,0.0
u_11288,0.043034914056465874,5080,0.0,0.787,0.0
u_11289,0.0,-1,0.0,,
u_11290,0.0,-1,0.0,,
u_11291,0.0009993394969697899,2238,0.0,0.009,0.0
u_11292,0.0,-1,0.0,,
u_11293,0.0,-1,0.0,,
u_11294,0.0,-1,0.0,,
u_11295,0.0,-1,0.0,,
u_11296,0.042130407716432006,5549,0.0,0.787,0.0
u_11297,0.07051580902189626,691,0.0,0.649,0.0
u_11298,0.043034914056465874,4736,0.0,0.787,0.0
u_11299,0.017864148343003993,4226,0.0,0.327,0.0
u_11300,0.0,-1,0.0,,
u_11301,0.0,-1,0.0,,
u_11302,0.043034914056465874,5984,0.0,0.787,0.0
u_11303,0.0,-1,0.0,,
u_11304,0.0841729488008687,4477,0.0,0.787,0.0
u_11305,0.003073501059027913,3330,0.0,0.056,0.0
u_11306,0.0,-1,0.0,,
u_11307,0.0,-1,0.0,,
u_11308,0.043034914056465874,4630,0.0,0.787,0.0
u_11309,0.0,-1,0.0,,
u_11310,0.0,-1,0.0,,
u_11311,0.0,-1,0.0,,
u_11312,0.0,-1,0.0,,
u_11313,0.0,-1,0.0,,
u_11314,0.0002799090964871554,222,0.0,0.003,0.0
u_11315,0.0007562797793026292,2259,0.0,0.015,0.0
u_11316,0.08470918636652337,1537,0.0,0.787,0.0
u_11317,0.0,-1,0.0,,
u_11318,0.0,-1,0.0,,
u_11319,0.0,-1,0.0,,
u_11320,0.0,-1,0.0,,
u_11321,0.0,-1,0.0,,
u_11322,0.0,-1,0.0,,
u_11323,0.043034914056465874,3396,0.0,0.787,0.0
u_11324,0.0,-1,0.0,,
u_11325,0.0,-1,0.0,,
u_11326,0.08170006898395439,274,0.0,0.787,0.0
u_11327,0.0,-1,0.0,,
u_11328,0.0,-1,0.0,,
u_11329,0.0,-1,0.0,,
u_11330,0.09013782940067201,3810,0.0,0.842,0.0
u_11331,0.04302710174736571,925,0.0,0.787,0.0
u_11332,0.0,-1,0.0,,
u_11333,0.0,-1,0.0,,
u_11334,0.0,-1,0.0,,
u_11335,0.0,-1,0.0,,
u_11336,0.0,-1,0.0,,
u_11337,0.0,-1,0.0,,
u_11338,0.0,-1,0.0,,
u_11339,0.0,-1,0.0,,
u_11340,0.0,-1,0.0,,
u_11341,0.0,-1,0.0,,
u_11342,0.0,-1,0.0,,
u_11343,0.08279390465681706,654,0.0,0.787,0.0
u_11344,0.0,-1,0.0,,
u_11345,0.043034914056465874,5081,0.0,0.787,0.0
u_11346,0.043034914056465874,160,0.0,0.787,0.0
u_11347,0.043034914056465874,1192,0.0,0.787,0.0
u_11348,0.0,-1,0.0,,
u_11349,0.0,-1,0.0,,
u_11350,0.0,-1,0.0,,
u_11351,0.04858814511820634,982,0.0,0.901,0.0
u_11352,0.0062932182263543265,22,0.0,0.061,0.0
u_11353,0.043034914056465874,4380,0.0,0.787,0.0
u_11354,0.04335413682121432,2253,0.0,0.787,0.0
u_11355,0.0,-1,0.0,,
u_11356,0.03988792547278508,1668,0.0,0.787,0.0
u_11357,0.04369953404403903,4336,0.0,0.787,0.0
u_11358,0.043034914056465874,4167,0.0,0.787,0.0
u_11359,0.0,-1,0.0,,
u_11360,0.043034914056465874,3456,0.0,0.787,0.0
u_11361,0.0012434517631305627,2814,0.0,0.023,0.0
u_11362,0.0,-1,0.0,,
u_11363,0.07934363987266957,4610,0.0,0.741,0.0
u_11364,0.0,-1,0.0,,
u_11365,0.0,-1,0.0,,
u_11366,0.0,-1,0.0,,
u_11367,0.0,-1,0.0,,
u_11368,0.006617877664704689,22,0.0,0.04,0.0
u_11369,0.0,-1,0.0,,
u_11370,0.043034914056465874,5985,0.0,0.787,0.0
u_11371,0.04235361770894159,1262,0.0,0.787,0.0
u_11372,0.0,-1,0.0,,
u_11373,0.043034914056465874,5082,0.0,0.787,0.0
u_11374,0.0,-1,0.0,,
u_11375,0.0,-1,0.0,,
u_11376,0.001725013115091635,168,0.0,0.034,0.0
u_11377,0.0,-1,0.0,,
u_11378,0.0,-1,0.0,,
u_11379,0.0,-1,0.0,,
u_11380,0.0,-1,0.0,,
u_11381,0.03988818066358897,2530,0.0,0.787,0.0
u_11382,0.01968966547808536,3992,0.0,0.184,0.0
u_11383,0.0,-1,0.0,,
u_11384,0.0,-1,0.0,,
u_11385,0.0,-1,0.0,,
u_11386,0.0015836049768754227,2982,0.0,0.029,0.0
u_11387,0.08027341585813284,222,0.0,0.787,0.0
u_11388,0.0,-1,0.0,,
u_11389,0.043034914056465874,5083,0.0,0.787,0.0
u_11390,0.03988781705345815,1105,0.0,0.787,0.0
u_11391,0.0,-1,0.0,,
u_11392,0.0,-1,0.0,,
u_11393,0.00147399395234047,2494,0.0,0.014,0.0
u_11394,9.219544763889047e-05,233,0.0,0.001,0.0
u_11395,0.043034914056465874,4868,0.0,0.787,0.0
u_11396,0.0,-1,0.0,,
u_11397,0.0,-1,0.0,,
u_11398,0.0,-1,0.0,,
u_11399,0.0,-1,0.0,,
u_11400,0.0,-1,0.0,,
u_11401,0.0,-1,0.0,,
u_11402,0.0,-1,0.0,,
u_11403,0.04392688212788819,1748,0.0,0.787,0.0
u_11404,0.043034914056465874,3177,0.0,0.787,0.0
u_11405,0.0,-1,0.0,,
u_11406,0.042130407716432006,5084,0.0,0.787,0.0
u_11407,0.08302726396017115,416,0.0,0.787,0.0
u_11408,0.029873305871974527,4483,0.0,0.546,0.0
u_11409,0.0,-1,0.0,,
u_11410,0.043034914056465874,2817,0.0,0.787,0.0
u_11411,0.0,-1,0.0,,
u_11412,0.043034914056465874,2416,0.0,0.787,0.0
u_11413,0.0,-1,0.0,,
u_11414,0.043034914056465874,5085,0.0,0.787,0.0
u_11415,0.0,-1,0.0,,
u_11416,0.0,-1,0.0,,
u_11417,0.044372383012727265,2175,0.0,0.787,0.0
u_11418,0.0,-1,0.0,,
u_11419,0.0,-1,0.0,,
u_11420,0.04057167095961958,1001,0.0,0.787,0.0
u_11421,0.0,-1,0.0,,
u_11422,0.0,-1,0.0,,
u_11423,0.0,-1,0.0,,
u_11424,0.0,-1,0.0,,
u_11425,0.0,-1,0.0,,
u_11426,0.0,-1,0.0,,
u_11427,0.0,-1,0.0,,
u_11428,0.00619192536407107,3737,0.0,0.116,0.0
u_11429,0.0,-1,0.0,,
u_11430,0.010476442778063378,4004,0.0,0.189,0.0
u_11431,0.0,-1,0.0,,
u_11432,0.0,-1,0.0,,
u_11433,0.0,-1,0.0,,
u_11434,0.00022609829841942406,1687,0.0,0.004,0.0
u_11435,0.03989015890665855,4413,0.0,0.787,0.0
u_11436,0.0,-1,0.0,,
u_11437,0.000807398552699449,2543,0.0,0.015,0.0
u_11438,0.0,-1,0.0,,
u_11439,0.0,-1,0.0,,
u_11440,0.0,-1,0.0,,
u_11441,0.007369944079832718,3816,0.0,0.135,0.0
u_11442,0.043034914056465874,3861,0.0,0.787,0.0
u_11443,0.0,-1,0.0,,
u_11444,0.0,-1,0.0,,
u_11445,0.042130407716432006,5387,0.0,0.787,0.0
u_11446,0.0,-1,0.0,,
u_11447,0.0,-1,0.0,,
u_11448,0.039887935392598876,222,0.0,0.787,0.0
u_11449,0.0017068763399850878,88,0.0,0.016,0.0
u_11450,0.0,-1,0.0,,
u_11451,0.03988906548590125,2311,0.0,0.787,0.0
u_11452,0.027053309391470815,2790,0.0,0.173,0.0
u_11453,0.00011119158579776786,223,0.0,0.001,0.0
u_11454,0.0,-1,0.0,,
u_11455,0.0,-1,0.0,,
u_11456,0.0,-1,0.0,,
u_11457,0.0,-1,0.0,,
u_11458,0.043034914056465874,5086,0.0,0.787,0.0
u_11459,0.0,-1,0.0,,
u_11460,0.00030727243152492764,274,0.0,0.006,0.0
u_11461,0.08232911578386376,83,0.0,0.787,0.0
u_11462,0.011654721395583531,1990,0.0,0.109,0.0
u_11463,0.0,-1,0.0,,
u_11464,0.0,-1,0.0,,
u_11465,0.08236464401384412,3236,0.0,0.787,0.0
u_11466,0.0,-1,0.0,,
u_11467,0.0,-1,0.0,,
u_11468,0.040172644601606765,112,0.0,0.787,0.0
u_11469,0.04206892104145345,1104,0.0,0.742,0.0
u_11470,0.0,-1,0.0,,
u_11471,0.0,-1,0.0,,
u_11472,0.0,-1,0.0,,
u_11473,0.03988781065121293,5,0.0,0.787,0.0
u_11474,0.0005926744899764467,2347,0.0,0.011,0.0
u_11475,0.0,-1,0.0,,
u_11476,0.0405726851808541,35,0.0,0.787,0.0
u_11477,0.08417531978986129,1605,0.0,0.787,0.0
u_11478,0.043034914056465874,5986,0.0,0.787,0.0
u_11479,0.03988843800251325,3130,0.0,0.787,0.0
u_11480,0.0,-1,0.0,,
u_11481,0.08532316724038042,63,0.0,0.787,0.0
u_11482,0.0,-1,0.0,,
u_11483,0.0,-1,0.0,,
u_11484,0.0,-1,0.0,,
u_11485,0.0005022749339178116,80,0.0,0.009,0.0
u_11486,0.045049208189167536,222,0.0,0.787,0.0
u_11487,0.0,-1,0.0,,
u_11488,0.0,-1,0.0,,
u_11489,0.0398891615233671,1161,0.0,0.787,0.0
u_11490,0.0,-1,0.0,,
u_11491,0.0,-1,0.0,,
u_11492,0.039990643439881624,1149,0.0,0.787,0.0
u_11493,0.0,-1,0.0,,
u_11494,0.016155990935118957,3881,0.0,0.151,0.0
u_11495,0.043034914056465874,5987,0.0,0.787,0.0
u_11496,0.00017965654922421148,937,0.0,0.002,0.0
u_11497,0.08203786399728735,2174,0.0,0.787,0.0
u_11498,0.0,-1,0.0,,
u_11499,0.0,-1,0.0,,
u_11500,0.0,-1,0.0,,
u_11501,0.0030017616281983817,89,0.0,0.056,0.0
u_11502,0.0,-1,0.0,,
u_11503,0.0,-1,0.0,,
u_11504,0.0,-1,0.0,,
u_11505,0.07973215217238462,3692,0.0,0.5,0.0
u_11506,0.008658390961741348,326,0.0,0.168,0.0
u_11507,0.043034914056465874,5988,0.0,0.787,0.0
u_11508,0.015423751538765837,168,0.0,0.146,0.0
u_11509,0.0,-1,0.0,,
u_11510,0.0,-1,0.0,,
u_11511,0.0,-1,0.0,,
u_11512,0.043034914056465874,2776,0.0,0.787,0.0
u_11513,0.0,-1,0.0,,
u_11514,0.0,-1,0.0,,
u_11515,0.0,-1,0.0,,
u_11516,0.0016362676592494739,2983,0.0,0.029,0.0
u_11517,0.07966015254388953,1723,0.0,0.787,0.0
u_11518,0.08417531978986129,4003,0.0,0.787,0.0
u_11519,0.0,-1,0.0,,
u_11520,0.0,-1,0.0,,
u_11521,0.08417531978986129,4115,0.0,0.787,0.0
u_11522,0.0,-1,0.0,,
u_11523,0.04074303871921922,2334,0.0,0.787,0.0
u_11524,0.0,-1,0.0,,
u_11525,0.0,-1,0.0,,
u_11526,0.007969941252694535,1737,0.0,0.077,0.0
u_11527,0.0,-1,0.0,,
u_11528,0.0,-1,0.0,,
u_11529,0.006282294658283912,3730,0.0,0.115,0.0
u_11530,0.039887375785017436,963,0.0,0.787,0.0
u_11531,0.0,-1,0.0,,
u_11532,0.0,-1,0.0,,
u_11533,0.00024173266443160542,547,0.0,0.002,0.0
u_11534,0.0006209762524854702,402,0.0,0.012,0.0
u_11535,0.0,-1,0.0,,
u_11536,0.043034914056465874,5989,0.0,0.787,0.0
u_11537,0.04303495147753822,4171,0.0,0.787,0.0
u_11538,0.043034914056465874,5087,0.0,0.787,0.0
u_11539,0.043034914056465874,2449,0.0,0.787,0.0
u_11540,0.0,-1,0.0,,
u_11541,0.0,-1,0.0,,
u_11542,0.0,-1,0.0,,
u_11543,0.039888093642779426,1821,0.0,0.787,0.0
u_11544,0.028162909903883055,4451,0.0,0.515,0.0
u_11545,0.00010269633212065206,1085,0.0,0.002,0.0
u_11546,0.043034914056465874,941,0.0,0.787,0.0
u_11547,0.0,-1,0.0,,
u_11548,0.0003431005540790536,1962,0.0,0.006,0.0
u_11549,0.0,-1,0.0,,
u_11550,0.043034914056465874,2425,0.0,0.787,0.0
u_11551,0.08417531978986129,3018,0.0,0.787,0.0
u_11552,0.0007771155993789051,2547,0.0,0.015,0.0
u_11553,0.0,-1,0.0,,
u_11554,0.043034914056465874,5088,0.0,0.787,0.0
u_11555,0.041195479420262915,53,0.0,0.787,0.0
u_11556,0.0,-1,0.0,,
u_11557,0.0,-1,0.0,,
u_11558,0.043034914056465874,5089,0.0,0.787,0.0
u_11559,0.006946315010403279,798,0.0,0.123,0.0
u_11560,0.0337654784892975,3236,0.0,0.33,0.0
u_11561,0.043034914056465874,2479,0.0,0.787,0.0
u_11562,0.0,-1,0.0,,
u_11563,0.0,-1,0.0,,
u_11564,0.0,-1,0.0,,
u_11565,0.0,-1,0.0,,
u_11566,0.022219266338543462,925,0.0,0.406,0.0
u_11567,0.0,-1,0.0,,
u_11568,0.0,-1,0.0,,
u_11569,0.0,-1,0.0,,
u_11570,0.0049391159319204314,3226,0.0,0.047,0.0
u_11571,0.0,-1,0.0,,
u_11572,0.0,-1,0.0,,
u_11573,0.04097827934991038,548,0.0,0.787,0.0
u_11574,0.000389865447968347,174,0.0,0.004,0.0
u_11575,0.0,-1,0.0,,
u_11576,0.0,-1,0.0,,
u_11577,0.043034914056465874,5990,0.0,0.787,0.0
u_11578,0.0,-1,0.0,,
u_11579,0.0,-1,0.0,,
u_11580,0.00011766302859550325,1156,0.0,0.002,0.0
u_11581,0.0,-1,0.0,,
u_11582,0.0,-1,0.0,,
u_11583,0.043034914056465874,956,0.0,0.787,0.0
u_11584,0.002594680973320643,2600,0.0,0.016,0.0
u_11585,0.0,-1,0.0,,
u_11586,0.0,-1,0.0,,
u_11587,0.0,-1,0.0,,
u_11588,0.0,-1,0.0,,
u_11589,0.04350607876739092,2821,0.0,0.787,0.0
u_11590,0.043034914056465874,4013,0.0,0.787,0.0
u_11591,0.0,-1,0.0,,
u_11592,0.0,-1,0.0,,
u_11593,0.043034914056465874,5090,0.0,0.787,0.0
u_11594,0.043034914056465874,3757,0.0,0.787,0.0
u_11595,0.0,-1,0.0,,
u_11596,0.043034914056465874,4551,0.0,0.787,0.0
u_11597,0.0,-1,0.0,,
u_11598,0.0,-1,0.0,,
u_11599,0.0,-1,0.0,,
u_11600,0.08255583719701605,646,0.0,0.787,0.0
u_11601,0.0,-1,0.0,,
u_11602,0.1216956423536073,3908,0.0,0.787,0.0
u_11603,0.0,-1,0.0,,
u_11604,0.0003936534861019909,61,0.0,0.004,0.0
u_11605,0.0,-1,0.0,,
u_11606,0.00901600657629307,441,0.0,0.171,0.0
u_11607,0.0,-1,0.0,,
u_11608,0.0,-1,0.0,,
u_11609,0.000502290520929177,2235,0.0,0.009,0.0
u_11610,0.0,-1,0.0,,
u_11611,0.08417531978986129,3737,0.0,0.787,0.0
u_11612,0.0,-1,0.0,,
u_11613,0.043034914056465874,3528,0.0,0.787,0.0
u_11614,0.0,-1,0.0,,
u_11615,0.0011261455288329,1265,0.0,0.022,0.0
u_11616,0.043034914056465874,3216,0.0,0.787,0.0
u_11617,0.043034914056465874,5991,0.0,0.787,0.0
u_11618,0.0,-1,0.0,,
u_11619,0.0033599078057706933,264,0.0,0.031,0.0
u_11620,0.0,-1,0.0,,
u_11621,0.04047298558621884,551,0.0,0.787,0.0
u_11622,0.0,-1,0.0,,
u_11623,0.014131335061085671,3311,0.0,0.274,0.0
u_11624,0.0,-1,0.0,,
u_11625,0.043034914056465874,4891,0.0,0.787,0.0
u_11626,0.00035653815297882025,1537,0.0,0.003,0.0
u_11627,0.0,-1,0.0,,
u_11628,0.0,-1,0.0,,
u_11629,0.0,-1,0.0,,
u_11630,0.0005847395783851968,839,0.0,0.005,0.0
u_11631,0.0,-1,0.0,,
u_11632,0.040669333126432124,222,0.0,0.787,0.0
u_11633,0.01473863124521781,4144,0.0,0.269,0.0
u_11634,0.0,-1,0.0,,
u_11635,0.0,-1,0.0,,
u_11636,0.0006377106537695116,1934,0.0,0.006,0.0
u_11637,0.08233563803276824,168,0.0,0.787,0.0
u_11638,0.0,-1,0.0,,
u_11639,0.044846736284303905,4462,0.0,0.787,0.0
u_11640,0.0,-1,0.0,,
u_11641,0.0,-1,0.0,,
u_11642,0.00012546968934891214,1195,0.0,0.002,0.0
u_11643,0.0,-1,0.0,,
u_11644,0.0,-1,0.0,,
u_11645,0.018362508744086722,1880,0.0,0.171,0.0
u_11646,0.0,-1,0.0,,
u_11647,0.0003653561418309977,1521,0.0,0.003,0.0
u_11648,0.00033694748619892464,1946,0.0,0.006,0.0
u_11649,0.0,-1,0.0,,
u_11650,0.0,-1,0.0,,
u_11651,0.043034914056465874,5992,0.0,0.787,0.0
u_11652,0.0,-1,0.0,,
u_11653,0.043037128810958246,1651,0.0,0.787,0.0
u_11654,0.043034914056465874,2675,0.0,0.787,0.0
u_11655,0.08027342001047019,3452,0.0,0.787,0.0
u_11656,0.0,-1,0.0,,
u_11657,0.0,-1,0.0,,
u_11658,0.043034914056465874,3576,0.0,0.787,0.0
u_11659,0.0,-1,0.0,,
u_11660,0.0007818801531421408,383,0.0,0.015,0.0
u_11661,0.043034914056465874,4911,0.0,0.787,0.0
u_11662,0.0,-1,0.0,,
u_11663,0.02220793712059107,4042,0.0,0.208,0.0
u_11664,0.0,-1,0.0,,
u_11665,0.0,-1,0.0,,
u_11666,0.0,-1,0.0,,
u_11667,0.041285493047877236,162,0.0,0.787,0.0
u_11668,0.0,-1,0.0,,
u_11669,0.0,-1,0.0,,
u_11670,0.0,-1,0.0,,
u_11671,0.07963317009290334,3579,0.0,0.787,0.0
u_11672,0.0,-1,0.0,,
u_11673,0.0,-1,0.0,,
u_11674,0.0,-1,0.0,,
u_11675,0.00016005605916556912,1402,0.0,0.003,0.0
u_11676,0.0,-1,0.0,,
u_11677,0.0,-1,0.0,,
u_11678,0.043034914056465874,5091,0.0,0.787,0.0
u_11679,0.042130407716432006,5092,0.0,0.787,0.0
u_11680,0.0,-1,0.0,,
u_11681,0.043034914056465874,4399,0.0,0.787,0.0
u_11682,0.043034914056465874,4762,0.0,0.787,0.0
u_11683,0.0,-1,0.0,,
u_11684,0.0,-1,0.0,,
u_11685,0.043034914056465874,3301,0.0,0.787,0.0
u_11686,0.0,-1,0.0,,
u_11687,0.0,-1,0.0,,
u_11688,0.0,-1,0.0,,
u_11689,0.043034914056465874,5093,0.0,0.787,0.0
u_11690,0.0,-1,0.0,,
u_11691,0.0,-1,0.0,,
u_11692,0.0,-1,0.0,,
u_11693,0.0,-1,0.0,,
u_11694,0.0,-1,0.0,,
u_11695,0.042541010666299214,3098,0.0,0.787,0.0
u_11696,0.0,-1,0.0,,
u_11697,5.3867366666121007e-05,299,0.0,0.001,0.0
u_11698,4.1887425765520876e-05,39,0.0,0.001,0.0
u_11699,0.043034914056465874,5094,0.0,0.787,0.0
u_11700,0.00032013323460550376,1898,0.0,0.006,0.0
u_11701,0.0,-1,0.0,,
u_11702,0.0,-1,0.0,,
u_11703,0.043034914056465874,5095,0.0,0.787,0.0
u_11704,0.04100582869606816,1971,0.0,0.787,0.0
u_11705,0.0,-1,0.0,,
u_11706,0.016566477554308016,472,0.0,0.104,0.0
u_11707,0.0075144584296868815,3830,0.0,0.137,0.0
u_11708,0.0,-1,0.0,,
u_11709,0.0,-1,0.0,,
u_11710,0.0,-1,0.0,,
u_11711,0.007318697665588172,471,0.0,0.069,0.0
u_11712,0.0012220149916974219,35,0.0,0.021,0.0
u_11713,0.0,-1,0.0,,
u_11714,0.014154317411189948,3807,0.0,0.132,0.0
u_11715,0.0,-1,0.0,,
u_11716,0.043034914056465874,5993,0.0,0.787,0.0
u_11717,0.0016997416632812102,2585,0.0,0.016,0.0
u_11718,0.0,-1,0.0,,
u_11719,6.489594287818187e-05,173,0.0,0.001,0.0
u_11720,0.0,-1,0.0,,
u_11721,0.0,-1,0.0,,
u_11722,0.0,-1,0.0,,
u_11723,0.000117056736963822,493,0.0,0.001,0.0
u_11724,0.0,-1,0.0,,
u_11725,0.042992018323115916,4,0.0,0.787,0.0
u_11726,0.08417531978986129,4448,0.0,0.787,0.0
u_11727,0.0,-1,0.0,,
u_11728,0.0,-1,0.0,,
u_11729,0.0022904647020559345,2242,0.0,0.022,0.0
u_11730,0.00044253101611042037,2151,0.0,0.008,0.0
u_11731,0.04437348463463171,3201,0.0,0.787,0.0
u_11732,0.0,-1,0.0,,
u_11733,0.0,-1,0.0,,
u_11734,0.0,-1,0.0,,
u_11735,0.0,-1,0.0,,
u_11736,0.0,-1,0.0,,
u_11737,0.08565296836735538,1920,0.0,0.798,0.0
u_11738,0.008398678433594282,2580,0.0,0.161,0.0
u_11739,0.0,-1,0.0,,
u_11740,0.04437239416344539,2332,0.0,0.787,0.0
u_11741,0.043034914056465874,812,0.0,0.787,0.0
u_11742,0.044373020881734,1743,0.0,0.787,0.0
u_11743,0.0,-1,0.0,,
u_11744,0.043034914056465874,4453,0.0,0.787,0.0
u_11745,0.039887999640506336,168,0.0,0.787,0.0
u_11746,0.0,-1,0.0,,
u_11747,0.0,-1,0.0,,
u_11748,0.0,-1,0.0,,
u_11749,0.0,-1,0.0,,
u_11750,0.0,-1,0.0,,
u_11751,0.00010265596337871801,1028,0.0,0.002,0.0
u_11752,0.0,-1,0.0,,
u_11753,0.036206282053294986,377,0.0,0.231,0.0
u_11754,0.0,-1,0.0,,
u_11755,0.043034914056465874,5994,0.0,0.787,0.0
u_11756,0.0,-1,0.0,,
u_11757,0.0008521471909742439,1039,0.0,0.016,0.0
u_11758,0.043034914056465874,5096,0.0,0.787,0.0
u_11759,0.043034914056465874,5995,0.0,0.787,0.0
u_11760,0.002170848159452797,1088,0.0,0.021,0.0
u_11761,0.043733883011069334,1580,0.0,0.787,0.0
u_11762,0.0,-1,0.0,,
u_11763,0.043034914056465874,5097,0.0,0.787,0.0
u_11764,0.0,-1,0.0,,
u_11765,0.0,-1,0.0,,
u_11766,0.0,-1,0.0,,
u_11767,0.04204519231553054,222,0.0,0.787,0.0
u_11768,0.08417531978986129,5098,0.0,0.787,0.0
u_11769,0.0,-1,0.0,,
u_11770,0.043034914056465874,2942,0.0,0.787,0.0
u_11771,0.0,-1,0.0,,
u_11772,0.043034914056465874,4867,0.0,0.787,0.0
u_11773,0.0,-1,0.0,,
u_11774,0.011673474606585714,3236,0.0,0.213,0.0
u_11775,0.0,-1,0.0,,
u_11776,0.0,-1,0.0,,
u_11777,0.0443851352626729,707,0.0,0.787,0.0
u_11778,0.0,-1,0.0,,
u_11779,0.08049442850410775,2263,0.0,0.787,0.0
u_11780,0.0,-1,0.0,,
u_11781,0.0,-1,0.0,,
u_11782,0.0,-1,0.0,,
u_11783,0.0,-1,0.0,,
u_11784,0.043034914056465874,4050,0.0,0.787,0.0
u_11785,0.0,-1,0.0,,
u_11786,0.043034914056465874,4511,0.0,0.787,0.0
u_11787,0.0,-1,0.0,,
u_11788,0.04258743835597861,585,0.0,0.787,0.0
u_11789,0.0251223190519123,4389,0.0,0.459,0.0
u_11790,0.00028998304009843456,1339,0.0,0.003,0.0
u_11791,0.0354124786284333,4566,0.0,0.647,0.0
u_11792,0.042130407716432006,5099,0.0,0.787,0.0
u_11793,0.0,-1,0.0,,
u_11794,0.043034914056465874,5100,0.0,0.787,0.0
u_11795,0.0,-1,0.0,,
u_11796,0.0,-1,0.0,,
u_11797,0.0,-1,0.0,,
u_11798,0.0,-1,0.0,,
u_11799,0.0,-1,0.0,,
u_11800,0.0,-1,0.0,,
u_11801,0.0,-1,0.0,,
u_11802,0.0,-1,0.0,,
u_11803,0.0,-1,0.0,,
u_11804,0.0,-1,0.0,,
u_11805,0.005583030791093652,595,0.0,0.052,0.0
u_11806,0.0,-1,0.0,,
u_11807,0.0,-1,0.0,,
u_11808,0.041976481012483816,197,0.0,0.787,0.0
u_11809,0.0,-1,0.0,,
u_11810,0.00011967200898759396,1165,0.0,0.002,0.0
u_11811,0.0036714595271434254,3302,0.0,0.069,0.0
u_11812,0.043034914056465874,1933,0.0,0.787,0.0
u_11813,0.03085106579542588,4501,0.0,0.564,0.0
u_11814,0.043034914056465874,5101,0.0,0.787,0.0
u_11815,4.5800467852051536e-05,158,0.0,0.001,0.0
u_11816,0.043034914056465874,5102,0.0,0.787,0.0
u_11817,0.0,-1,0.0,,
u_11818,0.0003782780255666877,1560,0.0,0.004,0.0
u_11819,0.04057191761044328,3443,0.0,0.787,0.0
u_11820,0.0,-1,0.0,,
u_11821,0.0414151155191475,172,0.0,0.787,0.0
u_11822,0.08236672649773584,3139,0.0,0.787,0.0
u_11823,0.03988790504989372,89,0.0,0.787,0.0
u_11824,0.08400284681449607,1566,0.0,0.787,0.0
u_11825,0.048416462962807064,351,0.0,0.298,0.0
u_11826,0.0,-1,0.0,,
u_11827,0.0006545935437439495,89,0.0,0.013,0.0
u_11828,0.0,-1,0.0,,
u_11829,0.043034914056465874,2699,0.0,0.787,0.0
u_11830,0.0,-1,0.0,,
u_11831,0.0,-1,0.0,,
u_11832,0.0,-1,0.0,,
u_11833,0.00034608193158613233,1970,0.0,0.006,0.0
u_11834,0.0,-1,0.0,,
u_11835,0.0,-1,0.0,,
u_11836,0.008723058248804481,552,0.0,0.17,0.0
u_11837,0.042459505201955905,3945,0.0,0.787,0.0
u_11838,0.0,-1,0.0,,
u_11839,0.0,-1,0.0,,
u_11840,0.0,-1,0.0,,
u_11841,0.0,-1,0.0,,
u_11842,0.0029007644947706,3301,0.0,0.053,0.0
u_11843,0.043034914056465874,1474,0.0,0.787,0.0
u_11844,0.043034914056465874,1547,0.0,0.787,0.0
u_11845,0.0,-1,0.0,,
u_11846,0.0,-1,0.0,,
u_11847,0.0,-1,0.0,,
u_11848,0.005738475878602723,1157,0.0,0.053,0.0
u_11849,0.0,-1,0.0,,
u_11850,0.0,-1,0.0,,
u_11851,0.0,-1,0.0,,
u_11852,0.0,-1,0.0,,
u_11853,0.0,-1,0.0,,
u_11854,0.0,-1,0.0,,
u_11855,0.0,-1,0.0,,
u_11856,0.040571660327713414,155,0.0,0.787,0.0
u_11857,0.06632258446228831,4539,0.0,0.62,0.0
u_11858,0.043034914056465874,5103,0.0,0.787,0.0
u_11859,0.04379608178498712,461,0.0,0.787,0.0
u_11860,0.0,-1,0.0,,
u_11861,0.0,-1,0.0,,
u_11862,0.0,-1,0.0,,
u_11863,0.0,-1,0.0,,
u_11864,0.0,-1,0.0,,
u_11865,0.023205462970795537,3302,0.0,0.426,0.0
u_11866,0.001556468828937203,2531,0.0,0.015,0.0
u_11867,0.0,-1,0.0,,
u_11868,0.008620432091023667,3906,0.0,0.158,0.0
u_11869,0.0,-1,0.0,,
u_11870,0.0,-1,0.0,,
u_11871,0.0,-1,0.0,,
u_11872,0.0,-1,0.0,,
u_11873,0.030652922675963076,157,0.0,0.582,0.0
u_11874,0.0,-1,0.0,,
u_11875,0.0,-1,0.0,,
u_11876,0.08236437877111163,2089,0.0,0.787,0.0
u_11877,0.014165922540996832,4128,0.0,0.259,0.0
u_11878,0.040359883912874706,2960,0.0,0.787,0.0
u_11879,0.0,-1,0.0,,
u_11880,0.008071427883108339,1686,0.0,0.156,0.0
u_11881,0.08485991068963611,1320,0.0,0.787,0.0
u_11882,0.04061560601177369,333,0.0,0.787,0.0
u_11883,0.0,-1,0.0,,
u_11884,0.0,-1,0.0,,
u_11885,0.0,-1,0.0,,
u_11886,0.0,-1,0.0,,
u_11887,0.0004898020977025643,266,0.0,0.005,0.0
u_11888,0.0,-1,0.0,,
u_11889,0.0,-1,0.0,,
u_11890,7.248168333682312e-05,696,0.0,0.001,0.0
u_11891,0.0,-1,0.0,,
u_11892,0.020547730667877233,4280,0.0,0.364,0.0
u_11893,0.0,-1,0.0,,
u_11894,0.0,-1,0.0,,
u_11895,0.03988923723334832,1633,0.0,0.787,0.0
u_11896,0.0,-1,0.0,,
u_11897,0.0,-1,0.0,,
u_11898,0.0,-1,0.0,,
u_11899,0.0,-1,0.0,,
u_11900,0.0,-1,0.0,,
u_11901,0.0,-1,0.0,,
u_11902,0.0,-1,0.0,,
u_11903,0.0,-1,0.0,,
u_11904,0.0,-1,0.0,,
u_11905,0.04265517154159146,627,0.0,0.787,0.0
u_11906,0.043034914056465874,1950,0.0,0.787,0.0
u_11907,0.0,-1,0.0,,
u_11908,0.04173128437842647,74,0.0,0.787,0.0
u_11909,0.0,-1,0.0,,
u_11910,0.0,-1,0.0,,
u_11911,0.003351022470266073,1688,0.0,0.031,0.0
u_11912,0.0,-1,0.0,,
u_11913,0.0,-1,0.0,,
u_11914,0.0,-1,0.0,,
u_11915,0.0,-1,0.0,,
u_11916,0.0,-1,0.0,,
u_11917,0.08551230711900992,827,0.0,0.787,0.0
u_11918,0.06749741010308791,4477,0.0,0.621,0.0
u_11919,0.02423308887424784,3844,0.0,0.422,0.0
u_11920,0.0,-1,0.0,,
u_11921,0.024170729203358738,4368,0.0,0.442,0.0
u_11922,0.0,-1,0.0,,
u_11923,0.15885543103305633,2739,0.0,0.997,0.0
u_11924,0.003319521095376251,3371,0.0,0.059,0.0
u_11925,0.050911092691158115,2725,0.0,0.472,0.0
u_11926,0.0001354619689212748,74,0.0,0.001,0.0
u_11927,0.0,-1,0.0,,
u_11928,0.0,-1,0.0,,
u_11929,0.03989064381485857,1144,0.0,0.787,0.0
u_11930,0.0,-1,0.0,,
u_11931,0.0,-1,0.0,,
u_11932,0.039890695057996535,275,0.0,0.787,0.0
u_11933,0.0,-1,0.0,,
u_11934,0.0,-1,0.0,,
u_11935,0.0,-1,0.0,,
u_11936,0.00013062015557424388,668,0.0,0.001,0.0
u_11937,0.013536629368356638,1218,0.0,0.088,0.0
u_11938,0.0,-1,0.0,,
u_11939,0.0016462310420348985,889,0.0,0.031,0.0
u_11940,0.0,-1,0.0,,
u_11941,0.0,-1,0.0,,
u_11942,0.0,-1,0.0,,
u_11943,0.043034914056465874,5996,0.0,0.787,0.0
u_11944,0.008541581449268682,1776,0.0,0.054,0.0
u_11945,0.04154917339344554,17,0.0,0.787,0.0
u_11946,0.0,-1,0.0,,
u_11947,0.0,-1,0.0,,
u_11948,0.0,-1,0.0,,
u_11949,0.043034914056465874,5104,0.0,0.787,0.0
u_11950,0.0,-1,0.0,,
u_11951,0.0,-1,0.0,,
u_11952,0.0,-1,0.0,,
u_11953,0.043034914056465874,5105,0.0,0.787,0.0
u_11954,0.0,-1,0.0,,
u_11955,0.050514049271341746,4406,0.0,0.472,0.0
u_11956,0.0,-1,0.0,,
u_11957,0.043034914056465874,2993,0.0,0.787,0.0
u_11958,6.180662334247537e-05,524,0.0,0.001,0.0
u_11959,0.0,-1,0.0,,
u_11960,0.01407790864808505,4116,0.0,0.25,0.0
u_11961,0.03989195129349959,1268,0.0,0.787,0.0
u_11962,0.0,-1,0.0,,
u_11963,0.0,-1,0.0,,
u_11964,0.01185731650617539,222,0.0,0.114,0.0
u_11965,0.0,-1,0.0,,
u_11966,0.0,-1,0.0,,
u_11967,0.0,-1,0.0,,
u_11968,0.0,-1,0.0,,
u_11969,0.0,-1,0.0,,
u_11970,0.0,-1,0.0,,
u_11971,0.0,-1,0.0,,
u_11972,0.0,-1,0.0,,
u_11973,0.00040287267264026204,1586,0.0,0.004,0.0
u_11974,0.0,-1,0.0,,
u_11975,0.0,-1,0.0,,
u_11976,0.03997443550545989,4475,0.0,0.787,0.0
u_11977,0.0,-1,0.0,,
u_11978,0.0,-1,0.0,,
u_11979,0.0010535981836507615,2702,0.0,0.019,0.0
u_11980,0.08417531978986129,598,0.0,0.787,0.0
u_11981,0.04029872181628402,1071,0.0,0.787,0.0
u_11982,0.043034914056465874,5106,0.0,0.787,0.0
u_11983,0.0,-1,0.0,,
u_11984,0.0,-1,0.0,,
u_11985,0.040058784541858634,797,0.0,0.787,0.0
u_11986,0.0,-1,0.0,,
u_11987,0.0,-1,0.0,,
u_11988,0.0,-1,0.0,,
u_11989,0.0,-1,0.0,,
u_11990,0.0,-1,0.0,,
u_11991,0.0,-1,0.0,,
u_11992,5.033550208202598e-05,126,0.0,0.001,0.0
u_11993,0.0,-1,0.0,,
u_11994,0.0,-1,0.0,,
u_11995,0.0,-1,0.0,,
u_11996,0.010006511083635558,3989,0.0,0.183,0.0
u_11997,0.0,-1,0.0,,
u_11998,0.08237256967011464,1814,0.0,0.787,0.0
u_11999,0.0,-1,0.0,,
u_12000,0.0,-1,0.0,,
u_12001,0.0,-1,0.0,,
u_12002,0.0,-1,0.0,,
u_12003,0.042130407716432006,5014,0.0,0.787,0.0
u_12004,0.0,-1,0.0,,
u_12005,0.0,-1,0.0,,
u_12006,0.0,-1,0.0,,
u_12007,0.0,-1,0.0,,
u_12008,0.043034914056465874,5107,0.0,0.787,0.0
u_12009,0.039887333584385266,1524,0.0,0.787,0.0
u_12010,0.041889644837861895,770,0.0,0.787,0.0
u_12011,0.005203772641543394,3644,0.0,0.095,0.0
u_12012,0.0,-1,0.0,,
u_12013,0.0,-1,0.0,,
u_12014,0.0,-1,0.0,,
u_12015,0.043034914056465874,2772,0.0,0.787,0.0
u_12016,0.0,-1,0.0,,
u_12017,0.0017493521929722571,797,0.0,0.034,0.0
u_12018,0.0,-1,0.0,,
u_12019,0.010919805384086488,5,0.0,0.213,0.0
u_12020,0.04097894425482024,89,0.0,0.787,0.0
u_12021,0.0,-1,0.0,,
u_12022,0.0,-1,0.0,,
u_12023,0.0,-1,0.0,,
u_12024,0.013617546677427213,1817,0.0,0.263,0.0
u_12025,0.00020275231914282423,693,0.0,0.004,0.0
u_12026,0.08417531978986129,552,0.0,0.787,0.0
u_12027,0.0398899979027144,3235,0.0,0.787,0.0
u_12028,0.0,-1,0.0,,
u_12029,7.326758141350592e-05,706,0.0,0.001,0.0
u_12030,0.04058728816772347,1097,0.0,0.787,0.0
u_12031,0.0,-1,0.0,,
u_12032,0.0,-1,0.0,,
u_12033,0.04213691548385498,4211,0.0,0.787,0.0
u_12034,0.04028221249851033,266,0.0,0.787,0.0
u_12035,0.0,-1,0.0,,
u_12036,0.0003475755555638236,327,0.0,0.007,0.0
u_12037,0.0,-1,0.0,,
u_12038,0.08417531978986129,5108,0.0,0.787,0.0
u_12039,0.040720510448476556,53,0.0,0.787,0.0
u_12040,0.0,-1,0.0,,
u_12041,0.043034914056465874,4937,0.0,0.787,0.0
u_12042,0.0,-1,0.0,,
u_12043,0.08168729912686143,168,0.0,0.787,0.0
u_12044,0.005901242352879181,2018,0.0,0.056,0.0
u_12045,0.043034914056465874,3143,0.0,0.787,0.0
u_12046,0.0,-1,0.0,,
u_12047,0.0,-1,0.0,,
u_12048,0.0,-1,0.0,,
u_12049,0.014547207742657614,3047,0.0,0.256,0.0
u_12050,0.03988843242013675,2175,0.0,0.787,0.0
u_12051,0.042102043779002035,2194,0.0,0.787,0.0
u_12052,0.0,-1,0.0,,
u_12053,0.00017100602062671222,1447,0.0,0.003,0.0
u_12054,0.0,-1,0.0,,
u_12055,0.0,-1,0.0,,
u_12056,0.0,-1,0.0,,
u_12057,0.005022582442355898,3625,0.0,0.092,0.0
u_12058,0.0,-1,0.0,,
u_12059,0.0,-1,0.0,,
u_12060,0.0,-1,0.0,,
u_12061,0.0,-1,0.0,,
u_12062,0.00869714601583812,3910,0.0,0.159,0.0
u_12063,0.0,-1,0.0,,
u_12064,0.0,-1,0.0,,
u_12065,0.0,-1,0.0,,
u_12066,0.0,-1,0.0,,
u_12067,0.0003507120930375104,75,0.0,0.002,0.0
u_12068,0.0,-1,0.0,,
u_12069,0.0,-1,0.0,,
u_12070,0.0,-1,0.0,,
u_12071,0.0,-1,0.0,,
u_12072,0.0,-1,0.0,,
u_12073,0.0,-1,0.0,,
u_12074,0.0029137252324926803,1825,0.0,0.055,0.0
u_12075,0.0,-1,0.0,,
u_12076,0.0,-1,0.0,,
u_12077,0.0,-1,0.0,,
u_12078,0.0,-1,0.0,,
u_12079,0.0066179214346700896,3762,0.0,0.121,0.0
u_12080,0.0,-1,0.0,,
u_12081,0.0,-1,0.0,,
u_12082,0.0,-1,0.0,,
u_12083,0.0,-1,0.0,,
u_12084,0.0,-1,0.0,,
u_12085,0.07991282683369734,74,0.0,0.787,0.0
u_12086,0.043034914056465874,5109,0.0,0.787,0.0
u_12087,0.043034914056465874,4216,0.0,0.787,0.0
u_12088,0.0005837341927049921,2336,0.0,0.011,0.0
u_12089,0.0,-1,0.0,,
u_12090,0.000497923109042696,97,0.0,0.005,0.0
u_12091,0.0,-1,0.0,,
u_12092,0.0,-1,0.0,,
u_12093,0.0,-1,0.0,,
u_12094,0.0,-1,0.0,,
u_12095,0.0,-1,0.0,,
u_12096,0.043034914056465874,2822,0.0,0.787,0.0
u_12097,0.0,-1,0.0,,
u_12098,0.0,-1,0.0,,
u_12099,0.0,-1,0.0,,
u_12100,0.0,-1,0.0,,
u_12101,0.0,-1,0.0,,
u_12102,0.0,-1,0.0,,
u_12103,0.0,-1,0.0,,
u_12104,0.04154715988532112,1122,0.0,0.787,0.0
u_12105,0.04122576513026863,1557,0.0,0.787,0.0
u_12106,0.0,-1,0.0,,
u_12107,0.043034914056465874,5110,0.0,0.787,0.0
u_12108,0.0,-1,0.0,,
u_12109,0.0,-1,0.0,,
u_12110,0.0,-1,0.0,,
u_12111,0.0,-1,0.0,,
u_12112,0.0,-1,0.0,,
u_12113,0.0,-1,0.0,,
u_12114,0.0,-1,0.0,,
u_12115,0.0,-1,0.0,,
u_12116,0.0,-1,0.0,,
u_12117,0.0,-1,0.0,,
u_12118,0.0,-1,0.0,,
u_12119,0.00043445567252185617,169,0.0,0.008,0.0
u_12120,0.0,-1,0.0,,
u_12121,0.0398873336616277,2923,0.0,0.787,0.0
u_12122,0.043034914056465874,5997,0.0,0.787,0.0
u_12123,0.0,-1,0.0,,
u_12124,0.0,-1,0.0,,
u_12125,0.003457346283684459,1698,0.0,0.066,0.0
u_12126,0.0,-1,0.0,,
u_12127,0.08027364406201544,3799,0.0,0.787,0.0
u_12128,0.0,-1,0.0,,
u_12129,0.0,-1,0.0,,
u_12130,0.043034914056465874,5111,0.0,0.787,0.0
u_12131,0.0,-1,0.0,,
u_12132,0.08574731986980515,4402,0.0,0.801,0.0
u_12133,0.0,-1,0.0,,
u_12134,0.0,-1,0.0,,
u_12135,0.0,-1,0.0,,
u_12136,0.0014473826684438973,280,0.0,0.028,0.0
u_12137,0.00031456236906062814,1886,0.0,0.006,0.0
u_12138,0.046797114215281266,4657,0.0,0.83,0.0
u_12139,0.0012819673643011528,2828,0.0,0.023,0.0
u_12140,0.0,-1,0.0,,
u_12141,0.0,-1,0.0,,
u_12142,0.0,-1,0.0,,
u_12143,0.050577613843662245,4705,0.0,0.924,0.0
u_12144,0.043034914056465874,5998,0.0,0.787,0.0
u_12145,0.0,-1,0.0,,
u_12146,0.0,-1,0.0,,
u_12147,0.0002251778541034929,881,0.0,0.002,0.0
u_12148,0.04368883260975118,790,0.0,0.787,0.0
u_12149,0.04121296739372736,288,0.0,0.787,0.0
u_12150,0.0,-1,0.0,,
u_12151,0.0,-1,0.0,,
u_12152,0.0,-1,0.0,,
u_12153,3.971169156046319e-05,67,0.0,0.001,0.0
u_12154,0.0,-1,0.0,,
u_12155,0.004473372643786846,2075,0.0,0.043,0.0
u_12156,0.0,-1,0.0,,
u_12157,0.0,-1,0.0,,
u_12158,0.0005059250597927128,2241,0.0,0.009,0.0
u_12159,0.0,-1,0.0,,
u_12160,9.370153562074897e-05,965,0.0,0.002,0.0
u_12161,0.0,-1,0.0,,
u_12162,0.0,-1,0.0,,
u_12163,0.0,-1,0.0,,
u_12164,0.0,-1,0.0,,
u_12165,0.0,-1,0.0,,
u_12166,0.0,-1,0.0,,
u_12167,0.004523298563533167,3561,0.0,0.083,0.0
u_12168,0.0,-1,0.0,,
u_12169,0.0,-1,0.0,,
u_12170,0.04055405749881766,4608,0.0,0.741,0.0
u_12171,0.0,-1,0.0,,
u_12172,0.0,-1,0.0,,
u_12173,0.0,-1,0.0,,
u_12174,0.0,-1,0.0,,
u_12175,0.043034914056465874,5112,0.0,0.787,0.0
u_12176,0.042726176499804924,83,0.0,0.787,0.0
u_12177,0.043034914056465874,4151,0.0,0.787,0.0
u_12178,0.08234072275265825,3552,0.0,0.787,0.0
u_12179,0.0,-1,0.0,,
u_12180,0.0005900350364500433,2344,0.0,0.011,0.0
u_12181,0.0,-1,0.0,,
u_12182,0.08417531978986129,3648,0.0,0.787,0.0
u_12183,0.043034914056465874,116,0.0,0.787,0.0
u_12184,0.015990743537419302,1749,0.0,0.311,0.0
u_12185,0.043034914056465874,1323,0.0,0.787,0.0
u_12186,0.043034914056465874,5999,0.0,0.787,0.0
u_12187,0.08109968741596453,1169,0.0,0.787,0.0
u_12188,0.0,-1,0.0,,
u_12189,0.0,-1,0.0,,
u_12190,0.043164267804652184,858,0.0,0.787,0.0
u_12191,0.0,-1,0.0,,
u_12192,0.08417531978986129,3130,0.0,0.787,0.0
u_12193,0.043034914056465874,4091,0.0,0.787,0.0
u_12194,0.03988813814461398,842,0.0,0.787,0.0
u_12195,0.043034914056465874,6000,0.0,0.787,0.0
u_12196,0.043034914056465874,6001,0.0,0.787,0.0
u_12197,0.05268565631630254,297,0.0,0.496,0.0
u_12198,0.0,-1,0.0,,
u_12199,0.0,-1,0.0,,
u_12200,0.0019673462258843464,3098,0.0,0.037,0.0
u_12201,0.0,-1,0.0,,
u_12202,0.0,-1,0.0,,
u_12203,0.08063797588508298,76,0.0,0.787,0.0
u_12204,0.0,-1,0.0,,
u_12205,0.025819975457196716,1497,0.0,0.237,0.0
u_12206,0.0,-1,0.0,,
u_12207,0.00021237478475660492,1618,0.0,0.004,0.0
u_12208,0.04159402898547042,4622,0.0,0.76,0.0
u_12209,0.0,-1,0.0,,
u_12210,0.0010795097984711852,22,0.0,0.021,0.0
u_12211,0.041506774718420694,473,0.0,0.787,0.0
u_12212,0.0017723520211307257,2497,0.0,0.017,0.0
u_12213,0.0,-1,0.0,,
u_12214,0.08417531978986129,1054,0.0,0.787,0.0
u_12215,0.043034914056465874,6002,0.0,0.787,0.0
u_12216,0.043034914056465874,6003,0.0,0.787,0.0
u_12217,0.0,-1,0.0,,
u_12218,0.00813515922815454,3869,0.0,0.149,0.0
u_12219,0.0,-1,0.0,,
u_12220,0.0,-1,0.0,,
u_12221,0.0005335857106603199,738,0.0,0.005,0.0
u_12222,0.0,-1,0.0,,
u_12223,0.0,-1,0.0,,
u_12224,0.0,-1,0.0,,
u_12225,0.043034914056465874,4226,0.0,0.787,0.0
u_12226,0.000323822122664523,1907,0.0,0.006,0.0
u_12227,0.0,-1,0.0,,
u_12228,0.042233482280280864,1163,0.0,0.787,0.0
u_12229,0.0,-1,0.0,,
u_12230,0.0,-1,0.0,,
u_12231,0.0,-1,0.0,,
u_12232,0.0,-1,0.0,,
u_12233,0.007673201169256781,89,0.0,0.149,0.0
u_12234,0.01766160944738551,694,0.0,0.322,0.0
u_12235,0.0,-1,0.0,,
u_12236,0.0,-1,0.0,,
u_12237,0.0,-1,0.0,,
u_12238,0.0,-1,0.0,,
u_12239,0.0,-1,0.0,,
u_12240,0.08236630710979355,4896,0.0,0.787,0.0
u_12241,0.041973958659758386,1280,0.0,0.787,0.0
u_12242,0.00013043286607033214,594,0.0,0.001,0.0
u_12243,0.0,-1,0.0,,
u_12244,0.0,-1,0.0,,
u_12245,0.028260394771291355,4452,0.0,0.517,0.0
u_12246,0.0,-1,0.0,,
u_12247,0.043034914056465874,3926,0.0,0.787,0.0
u_12248,0.009608744243391183,3997,0.0,0.186,0.0
u_12249,0.0,-1,0.0,,
u_12250,0.002193180757516944,3129,0.0,0.04,0.0
u_12251,0.0,-1,0.0,,
u_12252,0.0,-1,0.0,,
u_12253,0.0,-1,0.0,,
u_12254,0.04173934060118406,127,0.0,0.787,0.0
u_12255,0.043034914056465874,5816,0.0,0.787,0.0
u_12256,0.08395752908338544,1403,0.0,0.787,0.0
u_12257,0.0,-1,0.0,,
u_12258,0.0,-1,0.0,,
u_12259,0.0,-1,0.0,,
u_12260,0.03988765916288318,2921,0.0,0.787,0.0
u_12261,0.00959062962831008,379,0.0,0.045,0.0
u_12262,0.0,-1,0.0,,
u_12263,0.08190107570602985,419,0.0,0.787,0.0
u_12264,0.0,-1,0.0,,
u_12265,0.0,-1,0.0,,
u_12266,0.0,-1,0.0,,
u_12267,9.175954394303394e-05,189,0.0,0.001,0.0
u_12268,4.7377714391387494e-05,208,0.0,0.001,0.0
u_12269,0.0,-1,0.0,,
u_12270,0.0,-1,0.0,,
u_12271,0.0,-1,0.0,,
u_12272,0.0,-1,0.0,,
u_12273,0.043034914056465874,5113,0.0,0.787,0.0
u_12274,0.0,-1,0.0,,
u_12275,0.0,-1,0.0,,
u_12276,0.0,-1,0.0,,
u_12277,0.043034914056465874,647,0.0,0.787,0.0
u_12278,0.0,-1,0.0,,
u_12279,0.0,-1,0.0,,
u_12280,0.0004482869310124317,1332,0.0,0.008,0.0
u_12281,0.0004020513306852558,1587,0.0,0.004,0.0
u_12282,0.08417531978986129,3756,0.0,0.787,0.0
u_12283,0.0,-1,0.0,,
u_12284,0.0,-1,0.0,,
u_12285,0.0,-1,0.0,,
u_12286,0.0,-1,0.0,,
u_12287,0.0,-1,0.0,,
u_12288,0.0002555045076589581,222,0.0,0.005,0.0
u_12289,0.08417531978986129,5114,0.0,0.787,0.0
u_12290,0.043034914056465874,623,0.0,0.787,0.0
u_12291,0.0,-1,0.0,,
u_12292,0.0018404912345153877,2388,0.0,0.012,0.0
u_12293,0.0,-1,0.0,,
u_12294,0.0,-1,0.0,,
u_12295,0.03988879271094877,965,0.0,0.787,0.0
u_12296,0.0,-1,0.0,,
u_12297,0.042130407716432006,5247,0.0,0.787,0.0
u_12298,0.0,-1,0.0,,
u_12299,0.04065806313157908,195,0.0,0.787,0.0
u_12300,0.0,-1,0.0,,
u_12301,0.0,-1,0.0,,
u_12302,0.0005411256054537216,2284,0.0,0.01,0.0
u_12303,0.0,-1,0.0,,
u_12304,0.08050158800816103,207,0.0,0.787,0.0
u_12305,7.83895793395889e-05,49,0.0,0.001,0.0
u_12306,0.043198568632852735,397,0.0,0.787,0.0
u_12307,0.0,-1,0.0,,
u_12308,0.043034914056465874,3624,0.0,0.787,0.0
u_12309,0.0,-1,0.0,,
u_12310,0.0,-1,0.0,,
u_12311,0.002930868848115224,77,0.0,0.028,0.0
u_12312,0.015358911785967174,2008,0.0,0.142,0.0
u_12313,0.0,-1,0.0,,
u_12314,0.0006752564696006896,2432,0.0,0.012,0.0
u_12315,0.043034914056465874,2360,0.0,0.787,0.0
u_12316,0.03070294884814689,168,0.0,0.578,0.0
u_12317,0.043034914056465874,5115,0.0,0.787,0.0
u_12318,0.0,-1,0.0,,
u_12319,0.0,-1,0.0,,
u_12320,0.00034653246326521784,927,0.0,0.002,0.0
u_12321,0.0,-1,0.0,,
u_12322,0.08176483930829796,136,0.0,0.787,0.0
u_12323,0.00011123794339360775,77,0.0,0.001,0.0
u_12324,0.0,-1,0.0,,
u_12325,0.020612249779780868,4281,0.0,0.365,0.0
u_12326,0.0,-1,0.0,,
u_12327,0.0,-1,0.0,,
u_12328,0.043034914056465874,3409,0.0,0.787,0.0
u_12329,0.04124485472214972,1173,0.0,0.787,0.0
u_12330,0.0,-1,0.0,,
u_12331,0.0,-1,0.0,,
u_12332,0.043034914056465874,5116,0.0,0.787,0.0
u_12333,0.043034914056465874,1353,0.0,0.787,0.0
u_12334,0.043034914056465874,3092,0.0,0.787,0.0
u_12335,0.042130407716432006,5117,0.0,0.787,0.0
u_12336,0.0,-1,0.0,,
u_12337,0.0017007299953232468,3009,0.0,0.031,0.0
u_12338,0.043034914056465874,5118,0.0,0.787,0.0
u_12339,0.0,-1,0.0,,
u_12340,0.043034914056465874,5119,0.0,0.787,0.0
u_12341,0.007408272359683775,1396,0.0,0.146,0.0
u_12342,0.0003217257075979489,650,0.0,0.006,0.0
u_12343,0.03989927125994086,4406,0.0,0.787,0.0
u_12344,0.043034914056465874,5120,0.0,0.787,0.0
u_12345,0.0,-1,0.0,,
u_12346,0.001987054876185165,3085,0.0,0.036,0.0
u_12347,0.043034914056465874,5121,0.0,0.787,0.0
u_12348,0.04556605661603848,4361,0.0,0.435,0.0
u_12349,0.0,-1,0.0,,
u_12350,0.043034914056465874,462,0.0,0.787,0.0
u_12351,0.0,-1,0.0,,
u_12352,0.0,-1,0.0,,
u_12353,0.043034914056465874,2623,0.0,0.787,0.0
u_12354,0.0,-1,0.0,,
u_12355,0.0,-1,0.0,,
u_12356,0.0,-1,0.0,,
u_12357,0.0,-1,0.0,,
u_12358,0.00040610815007784346,463,0.0,0.008,0.0
u_12359,0.043034914056465874,479,0.0,0.787,0.0
u_12360,0.040676696982329265,223,0.0,0.787,0.0
u_12361,0.0,-1,0.0,,
u_12362,0.0021637662288585303,599,0.0,0.041,0.0
u_12363,0.0,-1,0.0,,
u_12364,0.03988784825182794,3537,0.0,0.787,0.0
u_12365,0.043034914056465874,5122,0.0,0.787,0.0
u_12366,0.03988749416270678,1049,0.0,0.787,0.0
u_12367,0.0014685700490771395,2750,0.0,0.027,0.0
u_12368,0.0,-1,0.0,,
u_12369,0.0,-1,0.0,,
u_12370,0.0,-1,0.0,,
u_12371,0.043034914056465874,5123,0.0,0.787,0.0
u_12372,0.0,-1,0.0,,
u_12373,0.0016003459613599554,2986,0.0,0.029,0.0
u_12374,0.0027203351402278367,1574,0.0,0.026,0.0
u_12375,0.0,-1,0.0,,
u_12376,0.0,-1,0.0,,
u_12377,0.0,-1,0.0,,
u_12378,0.043034914056465874,5124,0.0,0.787,0.0
u_12379,0.043034914056465874,5125,0.0,0.787,0.0
u_12380,0.0,-1,0.0,,
u_12381,0.0,-1,0.0,,
u_12382,0.0,-1,0.0,,
u_12383,0.0,-1,0.0,,
u_12384,0.08143166069052755,711,0.0,0.787,0.0
u_12385,0.0,-1,0.0,,
u_12386,0.0,-1,0.0,,
u_12387,0.0010085354387959612,318,0.0,0.018,0.0
u_12388,0.0,-1,0.0,,
u_12389,0.028921460066321524,4146,0.0,0.27,0.0
u_12390,0.043034914056465874,754,0.0,0.787,0.0
u_12391,0.043034914056465874,4672,0.0,0.787,0.0
u_12392,0.0,-1,0.0,,
u_12393,0.04228811459357186,1858,0.0,0.787,0.0
u_12394,0.0,-1,0.0,,
u_12395,0.04081016998919699,937,0.0,0.787,0.0
u_12396,0.00044479308534658534,1104,0.0,0.004,0.0
u_12397,0.0,-1,0.0,,
u_12398,0.0,-1,0.0,,
u_12399,0.0,-1,0.0,,
u_12400,0.0,-1,0.0,,
u_12401,0.018276812798318897,109,0.0,0.115,0.0
u_12402,0.0,-1,0.0,,
u_12403,5.727149254928714e-05,336,0.0,0.001,0.0
u_12404,0.08284536952604024,924,0.0,0.787,0.0
u_12405,0.0,-1,0.0,,
u_12406,0.0,-1,0.0,,
u_12407,0.08029921265047239,292,0.0,0.493,0.0
u_12408,0.0,-1,0.0,,
u_12409,0.0,-1,0.0,,
u_12410,0.043034914056465874,6004,0.0,0.787,0.0
u_12411,0.0,-1,0.0,,
u_12412,0.043034914056465874,2443,0.0,0.787,0.0
u_12413,0.0,-1,0.0,,
u_12414,0.043034914056465874,6005,0.0,0.787,0.0
u_12415,0.005218991862971727,3646,0.0,0.095,0.0
u_12416,0.043034914056465874,6006,0.0,0.787,0.0
u_12417,0.008212430402830487,3878,0.0,0.15,0.0
u_12418,0.043034914056465874,5126,0.0,0.787,0.0
u_12419,0.0,-1,0.0,,
u_12420,0.0008584869645131876,844,0.0,0.008,0.0
u_12421,0.0,-1,0.0,,
u_12422,0.0,-1,0.0,,
u_12423,0.0,-1,0.0,,
u_12424,0.0,-1,0.0,,
u_12425,0.0,-1,0.0,,
u_12426,0.0,-1,0.0,,
u_12427,0.0,-1,0.0,,
u_12428,0.07922319245523264,1763,0.0,0.787,0.0
u_12429,0.04331172675401104,1429,0.0,0.787,0.0
u_12430,0.007166083124421382,3803,0.0,0.131,0.0
u_12431,0.0025432168374499874,3221,0.0,0.046,0.0
u_12432,0.0,-1,0.0,,
u_12433,0.0,-1,0.0,,
u_12434,0.043034914056465874,2450,0.0,0.787,0.0
u_12435,0.043034914056465874,5112,0.0,0.787,0.0
u_12436,0.0,-1,0.0,,
u_12437,0.0,-1,0.0,,
u_12438,0.004838443745865172,3603,0.0,0.088,0.0
u_12439,0.0,-1,0.0,,
u_12440,0.0,-1,0.0,,
u_12441,0.10423695677339118,2364,0.0,0.974,0.0
u_12442,0.0,-1,0.0,,
u_12443,0.0,-1,0.0,,
u_12444,0.0,-1,0.0,,
u_12445,0.043034914056465874,5976,0.0,0.787,0.0
u_12446,0.0,-1,0.0,,
u_12447,0.0,-1,0.0,,
u_12448,0.0,-1,0.0,,
u_12449,0.0,-1,0.0,,
u_12450,0.0,-1,0.0,,
u_12451,0.0,-1,0.0,,
u_12452,0.0,-1,0.0,,
u_12453,0.043034914056465874,5127,0.0,0.787,0.0
u_12454,0.043034914056465874,5993,0.0,0.787,0.0
u_12455,0.0,-1,0.0,,
u_12456,0.0,-1,0.0,,
u_12457,0.0,-1,0.0,,
u_12458,0.0002592747913409623,1786,0.0,0.005,0.0
u_12459,0.0,-1,0.0,,
u_12460,0.0,-1,0.0,,
u_12461,0.0005478637873390199,2292,0.0,0.01,0.0
u_12462,0.043034914056465874,3859,0.0,0.787,0.0
u_12463,0.0031842395881227247,2721,0.0,0.02,0.0
u_12464,0.0,-1,0.0,,
u_12465,0.04409800578063968,3161,0.0,0.787,0.0
u_12466,0.0,-1,0.0,,
u_12467,0.0,-1,0.0,,
u_12468,0.0,-1,0.0,,
u_12469,0.0,-1,0.0,,
u_12470,0.0,-1,0.0,,
u_12471,0.043034914056465874,1679,0.0,0.787,0.0
u_12472,0.04279408836720488,507,0.0,0.787,0.0
u_12473,0.0,-1,0.0,,
u_12474,0.07963273822684619,4347,0.0,0.787,0.0
u_12475,0.0,-1,0.0,,
u_12476,0.0,-1,0.0,,
u_12477,0.0,-1,0.0,,
u_12478,0.0,-1,0.0,,
u_12479,0.0,-1,0.0,,
u_12480,0.0,-1,0.0,,
u_12481,0.0,-1,0.0,,
u_12482,0.03989201305953842,3134,0.0,0.787,0.0
u_12483,0.0,-1,0.0,,
u_12484,0.012167428602562912,2666,0.0,0.116,0.0
u_12485,0.03988730879650039,3718,0.0,0.787,0.0
u_12486,0.0,-1,0.0,,
u_12487,0.09908068858039501,1293,0.0,0.911,0.0
u_12488,0.04072576202905813,3011,0.0,0.787,0.0
u_12489,0.0,-1,0.0,,
u_12490,0.08417531978986129,2229,0.0,0.787,0.0
u_12491,0.0009973356465113688,2250,0.0,0.009,0.0
u_12492,0.0,-1,0.0,,
u_12493,0.04172290019367694,3077,0.0,0.787,0.0
u_12494,0.0,-1,0.0,,
u_12495,0.08551340555563408,2527,0.0,0.787,0.0
u_12496,0.0,-1,0.0,,
u_12497,0.0,-1,0.0,,
u_12498,0.0,-1,0.0,,
u_12499,0.0,-1,0.0,,
u_12500,0.021522783557061963,1820,0.0,0.208,0.0
u_12501,0.043034914056465874,2544,0.0,0.787,0.0
u_12502,0.0,-1,0.0,,
u_12503,0.00040252057570060293,2086,0.0,0.007,0.0
u_12504,0.015790701605192033,3864,0.0,0.148,0.0
u_12505,0.044088522002335574,1808,0.0,0.787,0.0
u_12506,0.0,-1,0.0,,
u_12507,0.0,-1,0.0,,
u_12508,0.043034914056465874,5128,0.0,0.787,0.0
u_12509,0.0,-1,0.0,,
u_12510,0.043034914056465874,5129,0.0,0.787,0.0
u_12511,0.043563068041051936,1126,0.0,0.787,0.0
u_12512,0.0,-1,0.0,,
u_12513,0.044285964244009615,1345,0.0,0.787,0.0
u_12514,0.0,-1,0.0,,
u_12515,0.0808941901104258,2322,0.0,0.787,0.0
u_12516,0.0,-1,0.0,,
u_12517,0.0,-1,0.0,,
u_12518,0.0038175110603851196,3474,0.0,0.07,0.0
u_12519,0.0,-1,0.0,,
u_12520,0.0,-1,0.0,,
u_12521,0.0,-1,0.0,,
u_12522,0.0,-1,0.0,,
u_12523,0.022841372649530328,568,0.0,0.216,0.0
u_12524,0.0,-1,0.0,,
u_12525,0.0,-1,0.0,,
u_12526,0.04366291794023369,960,0.0,0.787,0.0
u_12527,0.0,-1,0.0,,
u_12528,0.0,-1,0.0,,
u_12529,0.043034914056465874,3277,0.0,0.787,0.0
u_12530,0.0,-1,0.0,,
u_12531,0.021388429931981878,4022,0.0,0.198,0.0
u_12532,0.0,-1,0.0,,
u_12533,0.00017966117768286065,1489,0.0,0.003,0.0
u_12534,0.000746954465218795,2492,0.0,0.014,0.0
u_12535,0.043034914056465874,2213,0.0,0.787,0.0
u_12536,0.0823737670814445,4083,0.0,0.787,0.0
u_12537,0.08027410927709785,1729,0.0,0.787,0.0
u_12538,0.043034914056465874,4018,0.0,0.787,0.0
u_12539,0.04235574655520749,2926,0.0,0.787,0.0
u_12540,0.043034914056465874,5051,0.0,0.787,0.0
u_12541,0.0,-1,0.0,,
u_12542,0.039888949754784506,4037,0.0,0.787,0.0
u_12543,0.001105644315007912,2731,0.0,0.02,0.0
u_12544,0.043034914056465874,4513,0.0,0.787,0.0
u_12545,0.0,-1,0.0,,
u_12546,0.02566950978675815,4400,0.0,0.469,0.0
u_12547,0.006589731241209316,3758,0.0,0.12,0.0
u_12548,0.04322697151695651,34,0.0,0.787,0.0
u_12549,0.0,-1,0.0,,
u_12550,0.0,-1,0.0,,
u_12551,0.0,-1,0.0,,
u_12552,0.00038388675985056013,288,0.0,0.002,0.0
u_12553,0.0,-1,0.0,,
u_12554,0.043034914056465874,5130,0.0,0.787,0.0
u_12555,0.004251195683837025,3529,0.0,0.078,0.0
u_12556,0.043034914056465874,5131,0.0,0.787,0.0
u_12557,0.0,-1,0.0,,
u_12558,0.0,-1,0.0,,
u_12559,0.0,-1,0.0,,
u_12560,0.0,-1,0.0,,
u_12561,0.043034914056465874,5132,0.0,0.787,0.0
u_12562,0.04608815957581777,4652,0.0,0.817,0.0
u_12563,0.0013562845550544353,2451,0.0,0.013,0.0
u_12564,0.019993847324616593,93,0.0,0.121,0.0
u_12565,0.0,-1,0.0,,
u_12566,0.08337115398977717,1326,0.0,0.787,0.0
u_12567,0.0012399267698827334,2386,0.0,0.012,0.0
u_12568,0.0,-1,0.0,,
u_12569,0.0,-1,0.0,,
u_12570,0.12345749150334027,613,0.0,0.787,0.0
u_12571,0.0,-1,0.0,,
u_12572,0.0,-1,0.0,,
u_12573,0.043034914056465874,3278,0.0,0.787,0.0
u_12574,0.0,-1,0.0,,
u_12575,0.0,-1,0.0,,
u_12576,0.08072741777392779,2799,0.0,0.787,0.0
u_12577,0.0,-1,0.0,,
u_12578,0.0,-1,0.0,,
u_12579,0.0,-1,0.0,,
u_12580,0.0,-1,0.0,,
u_12581,0.041152728407060406,77,0.0,0.787,0.0
u_12582,0.0,-1,0.0,,
u_12583,0.00025383845948772434,1700,0.0,0.005,0.0
u_12584,0.005868006693489458,3695,0.0,0.107,0.0
u_12585,0.0,-1,0.0,,
u_12586,0.0,-1,0.0,,
u_12587,0.0,-1,0.0,,
u_12588,0.08397948157977239,4521,0.0,0.787,0.0
u_12589,0.0,-1,0.0,,
u_12590,0.022593764924377677,2158,0.0,0.142,0.0
u_12591,0.0,-1,0.0,,
u_12592,0.0,-1,0.0,,
u_12593,0.015077766116879256,3538,0.0,0.287,0.0
u_12594,0.042130407716432006,4850,0.0,0.787,0.0
u_12595,0.0,-1,0.0,,
u_12596,0.0,-1,0.0,,
u_12597,0.0,-1,0.0,,
u_12598,0.0,-1,0.0,,
u_12599,0.03988791079267736,3793,0.0,0.787,0.0
u_12600,0.00023370863872323758,118,0.0,0.004,0.0
u_12601,0.0,-1,0.0,,
u_12602,0.0,-1,0.0,,
u_12603,0.0,-1,0.0,,
u_12604,0.043034914056465874,5133,0.0,0.787,0.0
u_12605,0.008186017161122631,2102,0.0,0.081,0.0
u_12606,0.08236129119875307,2015,0.0,0.787,0.0
u_12607,0.0,-1,0.0,,
u_12608,4.908873041743065e-05,320,0.0,0.001,0.0
u_12609,0.0,-1,0.0,,
u_12610,0.041846373824671476,2320,0.0,0.787,0.0
u_12611,0.05264953874426464,176,0.0,0.332,0.0
u_12612,0.0,-1,0.0,,
u_12613,0.043034914056465874,6007,0.0,0.787,0.0
u_12614,0.0,-1,0.0,,
u_12615,0.043034914056465874,5963,0.0,0.787,0.0
u_12616,0.043034914056465874,5134,0.0,0.787,0.0
u_12617,0.041584605461597146,2673,0.0,0.787,0.0
u_12618,0.0,-1,0.0,,
u_12619,0.011200273220296224,4038,0.0,0.205,0.0
u_12620,0.0,-1,0.0,,
u_12621,0.0,-1,0.0,,
u_12622,0.0,-1,0.0,,
u_12623,0.0,-1,0.0,,
u_12624,0.043034914056465874,5135,0.0,0.787,0.0
u_12625,0.03988730130239915,87,0.0,0.787,0.0
u_12626,0.0,-1,0.0,,
u_12627,0.0006753186726902676,189,0.0,0.006,0.0
u_12628,0.0,-1,0.0,,
u_12629,0.0,-1,0.0,,
u_12630,0.0,-1,0.0,,
u_12631,0.0,-1,0.0,,
u_12632,6.49429755441926e-05,552,0.0,0.001,0.0
u_12633,0.0,-1,0.0,,
u_12634,0.0,-1,0.0,,
u_12635,0.0,-1,0.0,,
u_12636,0.04534026468303716,278,0.0,0.216,0.0
u_12637,0.0,-1,0.0,,
u_12638,0.0,-1,0.0,,
u_12639,9.439425629557767e-05,77,0.0,0.002,0.0
u_12640,0.043034914056465874,2223,0.0,0.787,0.0
u_12641,0.0,-1,0.0,,
u_12642,0.0,-1,0.0,,
u_12643,0.0019245305931459085,33,0.0,0.038,0.0
u_12644,0.040242530572342124,77,0.0,0.787,0.0
u_12645,0.04139056993038988,332,0.0,0.787,0.0
u_12646,0.006756808916151826,3418,0.0,0.063,0.0
u_12647,0.0,-1,0.0,,
u_12648,0.043034914056465874,4702,0.0,0.787,0.0
u_12649,0.0,-1,0.0,,
u_12650,0.043034914056465874,5136,0.0,0.787,0.0
u_12651,0.039888380953974595,192,0.0,0.787,0.0
u_12652,0.0,-1,0.0,,
u_12653,0.0,-1,0.0,,
u_12654,0.0,-1,0.0,,
u_12655,0.0,-1,0.0,,
u_12656,0.0,-1,0.0,,
u_12657,0.043034914056465874,5137,0.0,0.787,0.0
u_12658,0.0,-1,0.0,,
u_12659,0.002549268790272603,125,0.0,0.024,0.0
u_12660,0.0,-1,0.0,,
u_12661,0.0,-1,0.0,,
u_12662,0.0,-1,0.0,,
u_12663,0.0,-1,0.0,,
u_12664,0.030682176531072317,4498,0.0,0.561,0.0
u_12665,0.0,-1,0.0,,
u_12666,0.0,-1,0.0,,
u_12667,0.04080150779559451,61,0.0,0.787,0.0
u_12668,0.043034914056465874,2352,0.0,0.787,0.0
u_12669,0.0,-1,0.0,,
u_12670,0.0,-1,0.0,,
u_12671,0.043034914056465874,3041,0.0,0.787,0.0
u_12672,0.0,-1,0.0,,
u_12673,0.04925172478871457,413,0.0,0.309,0.0
u_12674,0.0051171656486828886,1754,0.0,0.032,0.0
u_12675,0.0,-1,0.0,,
u_12676,0.0,-1,0.0,,
u_12677,0.043034914056465874,5138,0.0,0.787,0.0
u_12678,0.0,-1,0.0,,
u_12679,0.0,-1,0.0,,
u_12680,0.0,-1,0.0,,
u_12681,0.0,-1,0.0,,
u_12682,0.0,-1,0.0,,
u_12683,0.00042180981585487366,94,0.0,0.002,0.0
u_12684,0.052161070107202105,4725,0.0,0.953,0.0
u_12685,0.040997864254905904,1497,0.0,0.787,0.0
u_12686,0.0,-1,0.0,,
u_12687,0.0,-1,0.0,,
u_12688,0.00048771366096642783,2187,0.0,0.009,0.0
u_12689,0.043034914056465874,5977,0.0,0.787,0.0
u_12690,0.0,-1,0.0,,
u_12691,0.0,-1,0.0,,
u_12692,0.0,-1,0.0,,
u_12693,0.0,-1,0.0,,
u_12694,0.0,-1,0.0,,
u_12695,0.0,-1,0.0,,
u_12696,0.0,-1,0.0,,
u_12697,0.0,-1,0.0,,
u_12698,0.0,-1,0.0,,
u_12699,0.0,-1,0.0,,
u_12700,0.0,-1,0.0,,
u_12701,0.0,-1,0.0,,
u_12702,0.043034914056465874,4978,0.0,0.787,0.0
u_12703,0.039888292594288194,327,0.0,0.787,0.0
u_12704,0.00023462562948162023,1375,0.0,0.004,0.0
u_12705,0.0,-1,0.0,,
u_12706,5.565264742234749e-05,412,0.0,0.001,0.0
u_12707,0.0,-1,0.0,,
u_12708,0.03080903171926259,4499,0.0,0.563,0.0
u_12709,0.0,-1,0.0,,
u_12710,0.0,-1,0.0,,
u_12711,0.04437334670199223,3457,0.0,0.787,0.0
u_12712,0.0,-1,0.0,,
u_12713,0.043034914056465874,2872,0.0,0.787,0.0
u_12714,0.0,-1,0.0,,
u_12715,0.0,-1,0.0,,
u_12716,0.04145697423739383,3469,0.0,0.787,0.0
u_12717,0.0,-1,0.0,,
u_12718,0.03989711368041833,4117,0.0,0.25,0.0
u_12719,0.0,-1,0.0,,
u_12720,0.0,-1,0.0,,
u_12721,0.0,-1,0.0,,
u_12722,0.0,-1,0.0,,
u_12723,0.0,-1,0.0,,
u_12724,0.12034832042317599,1021,0.0,0.787,0.0
u_12725,0.043034914056465874,6008,0.0,0.787,0.0
u_12726,0.0,-1,0.0,,
u_12727,0.0005463004589638306,2288,0.0,0.01,0.0
u_12728,0.0,-1,0.0,,
u_12729,0.0,-1,0.0,,
u_12730,0.043034914056465874,1862,0.0,0.787,0.0
u_12731,0.06877926663486462,27,0.0,0.656,0.0
u_12732,0.0,-1,0.0,,
u_12733,0.042130407716432006,5139,0.0,0.787,0.0
u_12734,0.028955765601031535,363,0.0,0.563,0.0
u_12735,0.000261316788987518,1804,0.0,0.005,0.0
u_12736,0.0,-1,0.0,,
u_12737,0.0,-1,0.0,,
u_12738,0.043034914056465874,3290,0.0,0.787,0.0
u_12739,0.0,-1,0.0,,
u_12740,0.0,-1,0.0,,
u_12741,0.03988967161836777,3940,0.0,0.787,0.0
u_12742,0.0,-1,0.0,,
u_12743,0.0,-1,0.0,,
u_12744,0.0,-1,0.0,,
u_12745,0.043034914056465874,3244,0.0,0.787,0.0
u_12746,0.08067882943370382,2469,0.0,0.787,0.0
u_12747,0.0,-1,0.0,,
u_12748,0.0,-1,0.0,,
u_12749,0.04046413749623592,478,0.0,0.787,0.0
u_12750,0.00013562357490035597,1263,0.0,0.002,0.0
u_12751,0.0,-1,0.0,,
u_12752,0.0,-1,0.0,,
u_12753,0.043034914056465874,4043,0.0,0.787,0.0
u_12754,0.0,-1,0.0,,
u_12755,0.0,-1,0.0,,
u_12756,0.0,-1,0.0,,
u_12757,0.043034914056465874,5140,0.0,0.787,0.0
u_12758,0.03989287138359916,2608,0.0,0.787,0.0
u_12759,0.0,-1,0.0,,
u_12760,0.0,-1,0.0,,
u_12761,0.043034914056465874,4771,0.0,0.787,0.0
u_12762,0.043034914056465874,3607,0.0,0.787,0.0
u_12763,0.0,-1,0.0,,
u_12764,0.0,-1,0.0,,
u_12765,0.0,-1,0.0,,
u_12766,0.052696348347358,4729,0.0,0.963,0.0
u_12767,0.009005018485605453,3416,0.0,0.084,0.0
u_12768,0.0,-1,0.0,,
u_12769,0.0003211432988055553,128,0.0,0.006,0.0
u_12770,0.0826716915879371,1348,0.0,0.787,0.0
u_12771,0.0,-1,0.0,,
u_12772,0.0,-1,0.0,,
u_12773,0.12260664203503681,959,0.0,0.787,0.0
u_12774,0.043034914056465874,5995,0.0,0.787,0.0
u_12775,0.0,-1,0.0,,
u_12776,0.0,-1,0.0,,
u_12777,0.009489628596563271,3981,0.0,0.18,0.0
u_12778,0.0,-1,0.0,,
u_12779,0.08417531978986129,5117,0.0,0.787,0.0
u_12780,0.0,-1,0.0,,
u_12781,0.0,-1,0.0,,
u_12782,0.043034914056465874,5141,0.0,0.787,0.0
u_12783,0.017926445672913644,805,0.0,0.334,0.0
u_12784,0.0,-1,0.0,,
u_12785,0.08417531978986129,5142,0.0,0.787,0.0
u_12786,0.0,-1,0.0,,
u_12787,0.008951023433595658,274,0.0,0.175,0.0
u_12788,0.0,-1,0.0,,
u_12789,0.0,-1,0.0,,
u_12790,0.039887388757933656,4476,0.0,0.787,0.0
u_12791,0.0,-1,0.0,,
u_12792,0.0,-1,0.0,,
u_12793,0.0,-1,0.0,,
u_12794,0.044371931233695996,1118,0.0,0.787,0.0
u_12795,0.0,-1,0.0,,
u_12796,0.0,-1,0.0,,
u_12797,0.0,-1,0.0,,
u_12798,0.0,-1,0.0,,
u_12799,0.0,-1,0.0,,
u_12800,0.043034914056465874,5143,0.0,0.787,0.0
u_12801,0.0,-1,0.0,,
u_12802,0.0,-1,0.0,,
u_12803,4.187461636063464e-05,29,0.0,0.001,0.0
u_12804,0.0,-1,0.0,,
u_12805,0.0,-1,0.0,,
u_12806,0.0,-1,0.0,,
u_12807,0.00015825764771584588,329,0.0,0.003,0.0
u_12808,0.0,-1,0.0,,
u_12809,0.043034914056465874,835,0.0,0.787,0.0
u_12810,0.0,-1,0.0,,
u_12811,0.041984960422275425,679,0.0,0.787,0.0
u_12812,0.0,-1,0.0,,
u_12813,0.0,-1,0.0,,
u_12814,0.0,-1,0.0,,
u_12815,0.043034914056465874,1832,0.0,0.787,0.0
u_12816,0.03988766076810371,1481,0.0,0.787,0.0
u_12817,0.0,-1,0.0,,
u_12818,8.273217009163505e-05,830,0.0,0.002,0.0
u_12819,0.04303225302863465,316,0.0,0.787,0.0
u_12820,0.0,-1,0.0,,
u_12821,0.0,-1,0.0,,
u_12822,0.0,-1,0.0,,
u_12823,0.08650297447814938,332,0.0,0.787,0.0
u_12824,0.0,-1,0.0,,
u_12825,0.007956192323051964,3857,0.0,0.145,0.0
u_12826,0.04529841000641014,1915,0.0,0.284,0.0
u_12827,0.0,-1,0.0,,
u_12828,0.043034914056465874,4114,0.0,0.787,0.0
u_12829,0.0,-1,0.0,,
u_12830,0.0022459979665544806,1163,0.0,0.021,0.0
u_12831,0.0,-1,0.0,,
u_12832,0.0005285148689308538,797,0.0,0.005,0.0
u_12833,0.000819330776954353,2550,0.0,0.015,0.0
u_12834,0.0,-1,0.0,,
u_12835,0.006937087200057406,3810,0.0,0.133,0.0
u_12836,0.043034914056465874,5063,0.0,0.787,0.0
u_12837,0.0,-1,0.0,,
u_12838,0.0,-1,0.0,,
u_12839,0.043034914056465874,3677,0.0,0.787,0.0
u_12840,0.041171501615478806,119,0.0,0.787,0.0
u_12841,0.08236131836212908,2666,0.0,0.787,0.0
u_12842,0.010516476742571676,547,0.0,0.102,0.0
u_12843,0.0,-1,0.0,,
u_12844,0.09201102190183313,4664,0.0,0.86,0.0
u_12845,0.0,-1,0.0,,
u_12846,0.00645462588566383,2667,0.0,0.041,0.0
u_12847,0.0,-1,0.0,,
u_12848,0.0,-1,0.0,,
u_12849,0.0,-1,0.0,,
u_12850,0.043034914056465874,3953,0.0,0.787,0.0
u_12851,0.0,-1,0.0,,
u_12852,0.0002290665094018883,1654,0.0,0.004,0.0
u_12853,8.210737981847396e-05,821,0.0,0.002,0.0
u_12854,0.0,-1,0.0,,
u_12855,0.07963114061199385,645,0.0,0.787,0.0
u_12856,0.0,-1,0.0,,
u_12857,0.0,-1,0.0,,
u_12858,0.0,-1,0.0,,
u_12859,0.043034914056465874,5144,0.0,0.787,0.0
u_12860,0.0,-1,0.0,,
u_12861,0.0,-1,0.0,,
u_12862,0.0,-1,0.0,,
u_12863,0.0,-1,0.0,,
u_12864,0.0,-1,0.0,,
u_12865,0.0001045405767748529,1052,0.0,0.002,0.0
u_12866,0.03988915922556684,465,0.0,0.787,0.0
u_12867,4.977317872212489e-05,257,0.0,0.001,0.0
u_12868,0.0,-1,0.0,,
u_12869,0.0,-1,0.0,,
u_12870,0.0,-1,0.0,,
u_12871,0.043034914056465874,745,0.0,0.787,0.0
u_12872,0.0,-1,0.0,,
u_12873,0.000790181270868397,97,0.0,0.008,0.0
u_12874,0.0,-1,0.0,,
u_12875,0.0,-1,0.0,,
u_12876,0.019226873704839675,4260,0.0,0.351,0.0
u_12877,0.0,-1,0.0,,
u_12878,0.0,-1,0.0,,
u_12879,0.043034914056465874,5145,0.0,0.787,0.0
u_12880,0.0,-1,0.0,,
u_12881,0.043034914056465874,5146,0.0,0.787,0.0
u_12882,0.043034914056465874,3847,0.0,0.787,0.0
u_12883,0.011114963389546331,2161,0.0,0.07,0.0
u_12884,0.0,-1,0.0,,
u_12885,0.0,-1,0.0,,
u_12886,0.0,-1,0.0,,
u_12887,0.0004328733235023687,2130,0.0,0.008,0.0
u_12888,0.00048268781427445215,550,0.0,0.004,0.0
u_12889,0.0,-1,0.0,,
u_12890,0.0,-1,0.0,,
u_12891,0.0,-1,0.0,,
u_12892,0.08460216780769199,74,0.0,0.787,0.0
u_12893,0.043034914056465874,5817,0.0,0.787,0.0
u_12894,0.0001239466331625785,546,0.0,0.001,0.0
u_12895,0.08417531978986129,1350,0.0,0.787,0.0
u_12896,0.010248882912050235,3848,0.0,0.187,0.0
u_12897,0.043034914056465874,5147,0.0,0.787,0.0
u_12898,0.043034914056465874,6009,0.0,0.787,0.0
u_12899,0.043034914056465874,5122,0.0,0.787,0.0
u_12900,0.0012387340412084158,2812,0.0,0.023,0.0
u_12901,0.0,-1,0.0,,
u_12902,3.9282074335951736e-05,37,0.0,0.001,0.0
u_12903,0.0,-1,0.0,,
u_12904,0.0,-1,0.0,,
u_12905,0.0,-1,0.0,,
u_12906,0.0,-1,0.0,,
u_12907,0.0,-1,0.0,,
u_12908,0.043126457473765416,1816,0.0,0.787,0.0
u_12909,6.313526830587109e-05,542,0.0,0.001,0.0
u_12910,0.0,-1,0.0,,
u_12911,0.03361134142524746,3642,0.0,0.314,0.0
u_12912,0.0,-1,0.0,,
u_12913,0.006348008257972448,3739,0.0,0.116,0.0
u_12914,0.016666357344878407,2363,0.0,0.318,0.0
u_12915,0.039888279973362833,2525,0.0,0.787,0.0
u_12916,0.0,-1,0.0,,
u_12917,0.043034914056465874,1386,0.0,0.787,0.0
u_12918,0.040806181481721,1272,0.0,0.787,0.0
u_12919,0.0,-1,0.0,,
u_12920,0.0025808163575858083,3261,0.0,0.05,0.0
u_12921,0.043034914056465874,5148,0.0,0.787,0.0
u_12922,0.0,-1,0.0,,
u_12923,0.0,-1,0.0,,
u_12924,0.0,-1,0.0,,
u_12925,0.0,-1,0.0,,
u_12926,0.0,-1,0.0,,
u_12927,0.0,-1,0.0,,
u_12928,0.030325728665982443,222,0.0,0.591,0.0
u_12929,0.030237517502252627,2489,0.0,0.283,0.0
u_12930,0.043034914056465874,6010,0.0,0.787,0.0
u_12931,0.0,-1,0.0,,
u_12932,0.00022557577449059418,1664,0.0,0.004,0.0
u_12933,0.0009150751886144003,2621,0.0,0.017,0.0
u_12934,0.0,-1,0.0,,
u_12935,0.0,-1,0.0,,
u_12936,0.0,-1,0.0,,
u_12937,0.0,-1,0.0,,
u_12938,0.080256486193087,931,0.0,0.787,0.0
u_12939,0.0430561953237426,2495,0.0,0.787,0.0
u_12940,0.0,-1,0.0,,
u_12941,0.0,-1,0.0,,
u_12942,0.0,-1,0.0,,
u_12943,0.043034914056465874,558,0.0,0.787,0.0
u_12944,0.0,-1,0.0,,
u_12945,0.0,-1,0.0,,
u_12946,0.0,-1,0.0,,
u_12947,0.04154412548667057,1106,0.0,0.787,0.0
u_12948,0.043034914056465874,2969,0.0,0.787,0.0
u_12949,0.03989042574467805,2751,0.0,0.787,0.0
u_12950,0.04049410308988761,2054,0.0,0.787,0.0
u_12951,0.0,-1,0.0,,
u_12952,0.0,-1,0.0,,
u_12953,0.0066024872869098914,162,0.0,0.063,0.0
u_12954,0.0,-1,0.0,,
u_12955,0.0848291113398795,299,0.0,0.787,0.0
u_12956,0.010823242340688028,87,0.0,0.102,0.0
u_12957,0.0,-1,0.0,,
u_12958,0.0,-1,0.0,,
u_12959,0.008970709634412813,3560,0.0,0.083,0.0
u_12960,0.0006116779154864791,2357,0.0,0.011,0.0
u_12961,0.0,-1,0.0,,
u_12962,0.00015709945966532824,1389,0.0,0.003,0.0
u_12963,0.0,-1,0.0,,
u_12964,0.0,-1,0.0,,
u_12965,0.0,-1,0.0,,
u_12966,0.009453165901145293,168,0.0,0.09,0.0
u_12967,0.08417531978986129,3105,0.0,0.787,0.0
u_12968,0.0,-1,0.0,,
u_12969,0.0,-1,0.0,,
u_12970,0.0,-1,0.0,,
u_12971,0.0,-1,0.0,,
u_12972,0.0,-1,0.0,,
u_12973,0.0,-1,0.0,,
u_12974,0.0,-1,0.0,,
u_12975,0.08236641210046383,1622,0.0,0.787,0.0
u_12976,0.0,-1,0.0,,
u_12977,0.0448267431930399,2039,0.0,0.832,0.0
u_12978,0.0,-1,0.0,,
u_12979,0.04237439783745351,4193,0.0,0.787,0.0
u_12980,0.0,-1,0.0,,
u_12981,0.0,-1,0.0,,
u_12982,0.042130407716432006,5414,0.0,0.787,0.0
u_12983,0.08257628240193803,678,0.0,0.787,0.0
u_12984,0.0,-1,0.0,,
u_12985,0.043034914056465874,2454,0.0,0.787,0.0
u_12986,0.0002867060094605848,1333,0.0,0.003,0.0
u_12987,0.0,-1,0.0,,
u_12988,0.043034914056465874,14,0.0,0.787,0.0
u_12989,0.0,-1,0.0,,
u_12990,0.0008678280515821717,925,0.0,0.017,0.0
u_12991,0.0,-1,0.0,,
u_12992,0.08551336094477259,3540,0.0,0.787,0.0
u_12993,0.0,-1,0.0,,
u_12994,0.0,-1,0.0,,
u_12995,0.043034914056465874,4872,0.0,0.787,0.0
u_12996,0.0,-1,0.0,,
u_12997,0.04059343333295496,162,0.0,0.787,0.0
u_12998,0.0398876558176572,358,0.0,0.787,0.0
u_12999,0.00034077087538670654,1952,0.0,0.006,0.0
u_13000,0.007577326271051473,49,0.0,0.146,0.0
u_13001,0.0,-1,0.0,,
u_13002,0.0,-1,0.0,,
u_13003,0.0,-1,0.0,,
u_13004,0.043034914056465874,5149,0.0,0.787,0.0
u_13005,0.001709072870047262,2798,0.0,0.031,0.0
u_13006,0.043034914056465874,6011,0.0,0.787,0.0
u_13007,0.0,-1,0.0,,
u_13008,0.002552770906100196,2851,0.0,0.024,0.0
u_13009,0.04057194422511243,1720,0.0,0.787,0.0
u_13010,0.0,-1,0.0,,
u_13011,0.0013624188044795097,2462,0.0,0.013,0.0
u_13012,0.0,-1,0.0,,
u_13013,0.0,-1,0.0,,
u_13014,0.0,-1,0.0,,
u_13015,0.0,-1,0.0,,
u_13016,0.0,-1,0.0,,
u_13017,0.0,-1,0.0,,
u_13018,0.0,-1,0.0,,
u_13019,0.0,-1,0.0,,
u_13020,0.0,-1,0.0,,
u_13021,0.0,-1,0.0,,
u_13022,0.0,-1,0.0,,
u_13023,0.0,-1,0.0,,
u_13024,0.0,-1,0.0,,
u_13025,0.014507199698927492,3089,0.0,0.091,0.0
u_13026,0.0,-1,0.0,,
u_13027,0.043034914056465874,723,0.0,0.787,0.0
u_13028,0.043034914056465874,5150,0.0,0.787,0.0
u_13029,5.902910000878769e-05,491,0.0,0.001,0.0
u_13030,0.0,-1,0.0,,
u_13031,0.0,-1,0.0,,
u_13032,0.0,-1,0.0,,
u_13033,0.0,-1,0.0,,
u_13034,0.0,-1,0.0,,
u_13035,0.0,-1,0.0,,
u_13036,0.0,-1,0.0,,
u_13037,0.0,-1,0.0,,
u_13038,0.0,-1,0.0,,
u_13039,0.00013341086902024212,77,0.0,0.003,0.0
u_13040,0.027319188000514288,161,0.0,0.268,0.0
u_13041,0.043034914056465874,2056,0.0,0.787,0.0
u_13042,0.0,-1,0.0,,
u_13043,0.0,-1,0.0,,
u_13044,0.0,-1,0.0,,
u_13045,0.0005149992461480955,1348,0.0,0.01,0.0
u_13046,0.0,-1,0.0,,
u_13047,0.0,-1,0.0,,
u_13048,0.0,-1,0.0,,
u_13049,0.0,-1,0.0,,
u_13050,0.0,-1,0.0,,
u_13051,0.0,-1,0.0,,
u_13052,0.0,-1,0.0,,
u_13053,0.043034914056465874,5151,0.0,0.787,0.0
u_13054,0.009293232598853505,2681,0.0,0.177,0.0
u_13055,0.0,-1,0.0,,
u_13056,0.0,-1,0.0,,
u_13057,0.0,-1,0.0,,
u_13058,0.042167928555273765,3984,0.0,0.787,0.0
u_13059,0.0,-1,0.0,,
u_13060,0.0,-1,0.0,,
u_13061,0.0012758867002613022,2444,0.0,0.013,0.0
u_13062,0.0,-1,0.0,,
u_13063,0.0,-1,0.0,,
u_13064,0.0,-1,0.0,,
u_13065,0.0,-1,0.0,,
u_13066,0.0020524233104577535,402,0.0,0.02,0.0
u_13067,0.0,-1,0.0,,
u_13068,0.00048156186471615527,2209,0.0,0.009,0.0
u_13069,0.008381417744390057,222,0.0,0.082,0.0
u_13070,0.043034914056465874,2184,0.0,0.787,0.0
u_13071,0.0,-1,0.0,,
u_13072,0.0,-1,0.0,,
u_13073,0.0,-1,0.0,,
u_13074,0.004183693473903038,3522,0.0,0.076,0.0
u_13075,0.0,-1,0.0,,
u_13076,0.043034914056465874,2065,0.0,0.787,0.0
u_13077,0.0,-1,0.0,,
u_13078,5.674826962467982e-05,434,0.0,0.001,0.0
u_13079,0.0005171750597606059,775,0.0,0.005,0.0
u_13080,0.0,-1,0.0,,
u_13081,0.0,-1,0.0,,
u_13082,0.043034914056465874,171,0.0,0.787,0.0
u_13083,0.0961452760392321,136,0.0,0.616,0.0
u_13084,0.0,-1,0.0,,
u_13085,0.142741264398929,258,0.0,0.906,0.0
u_13086,0.0,-1,0.0,,
u_13087,0.0,-1,0.0,,
u_13088,0.0,-1,0.0,,
u_13089,0.0,-1,0.0,,
u_13090,0.0,-1,0.0,,
u_13091,0.043034914056465874,5152,0.0,0.787,0.0
u_13092,0.004453001882367759,3553,0.0,0.081,0.0
u_13093,0.0,-1,0.0,,
u_13094,0.0,-1,0.0,,
u_13095,0.043034914056465874,382,0.0,0.787,0.0
u_13096,0.043034914056465874,3297,0.0,0.787,0.0
u_13097,0.0007200030060082242,2455,0.0,0.013,0.0
u_13098,0.043034914056465874,2300,0.0,0.787,0.0
u_13099,0.043906180820800444,451,0.0,0.787,0.0
u_13100,0.0,-1,0.0,,
u_13101,0.0,-1,0.0,,
u_13102,0.0,-1,0.0,,
u_13103,0.0,-1,0.0,,
u_13104,0.0,-1,0.0,,
u_13105,0.00022314784887820743,1659,0.0,0.004,0.0
u_13106,0.0,-1,0.0,,
u_13107,0.08417531978986129,2901,0.0,0.787,0.0
u_13108,0.0,-1,0.0,,
u_13109,0.04177164370480646,464,0.0,0.787,0.0
u_13110,9.93486630435986e-05,1013,0.0,0.002,0.0
u_13111,0.043034914056465874,5153,0.0,0.787,0.0
u_13112,0.0005922849294924264,2346,0.0,0.011,0.0
u_13113,0.0002037748655810833,1583,0.0,0.004,0.0
u_13114,8.516292063583046e-05,83,0.0,0.001,0.0
u_13115,0.0,-1,0.0,,
u_13116,0.0,-1,0.0,,
u_13117,0.023261602753571593,222,0.0,0.22,0.0
u_13118,0.0,-1,0.0,,
u_13119,0.04303435307183082,1030,0.0,0.787,0.0
u_13120,0.01656290157513317,1400,0.0,0.104,0.0
u_13121,0.043034914056465874,2503,0.0,0.787,0.0
u_13122,0.0,-1,0.0,,
u_13123,0.0,-1,0.0,,
u_13124,0.0,-1,0.0,,
u_13125,0.0,-1,0.0,,
u_13126,0.0,-1,0.0,,
u_13127,0.0,-1,0.0,,
u_13128,0.03988976566256559,1473,0.0,0.787,0.0
u_13129,0.0,-1,0.0,,
u_13130,0.08191907730842198,593,0.0,0.787,0.0
u_13131,0.04072013194036228,162,0.0,0.787,0.0
u_13132,0.0,-1,0.0,,
u_13133,0.003859901340104007,3463,0.0,0.068,0.0
u_13134,0.0,-1,0.0,,
u_13135,0.0,-1,0.0,,
u_13136,0.0,-1,0.0,,
u_13137,0.00103887273710888,2697,0.0,0.019,0.0
u_13138,0.0,-1,0.0,,
u_13139,0.0,-1,0.0,,
u_13140,0.0,-1,0.0,,
u_13141,0.0,-1,0.0,,
u_13142,0.0,-1,0.0,,
u_13143,0.0,-1,0.0,,
u_13144,0.02705340275890158,4121,0.0,0.253,0.0
u_13145,0.04723217917884428,1502,0.0,0.445,0.0
u_13146,0.0,-1,0.0,,
u_13147,0.043034914056465874,6012,0.0,0.787,0.0
u_13148,0.043034914056465874,5033,0.0,0.787,0.0
u_13149,0.043034914056465874,4886,0.0,0.787,0.0
u_13150,0.0,-1,0.0,,
u_13151,0.0,-1,0.0,,
u_13152,0.043034914056465874,5154,0.0,0.787,0.0
u_13153,0.0,-1,0.0,,
u_13154,0.0,-1,0.0,,
u_13155,4.605220382559961e-05,165,0.0,0.001,0.0
u_13156,0.0,-1,0.0,,
u_13157,0.0,-1,0.0,,
u_13158,0.02770710200254785,4444,0.0,0.506,0.0
u_13159,0.0,-1,0.0,,
u_13160,0.04063020343687592,280,0.0,0.787,0.0
u_13161,0.0,-1,0.0,,
u_13162,0.000139882245284615,1289,0.0,0.003,0.0
u_13163,0.0,-1,0.0,,
u_13164,0.0026865841362381953,736,0.0,0.025,0.0
u_13165,0.014886588625970233,4148,0.0,0.272,0.0
u_13166,0.0,-1,0.0,,
u_13167,0.0,-1,0.0,,
u_13168,0.0,-1,0.0,,
u_13169,0.041638796653143656,748,0.0,0.787,0.0
u_13170,0.0,-1,0.0,,
u_13171,0.0,-1,0.0,,
u_13172,0.0,-1,0.0,,
u_13173,0.0,-1,0.0,,
u_13174,0.08417531978986129,813,0.0,0.787,0.0
u_13175,0.0,-1,0.0,,
u_13176,0.03988765771171486,904,0.0,0.787,0.0
u_13177,0.0,-1,0.0,,
u_13178,0.0,-1,0.0,,
u_13179,0.0,-1,0.0,,
u_13180,0.06680263554160656,3547,0.0,0.615,0.0
u_13181,0.044311554175335645,54,0.0,0.821,0.0
u_13182,0.08374570335501735,1881,0.0,0.787,0.0
u_13183,0.0,-1,0.0,,
u_13184,0.043034914056465874,2021,0.0,0.787,0.0
u_13185,0.0,-1,0.0,,
u_13186,0.04261706684072455,529,0.0,0.787,0.0
u_13187,0.0010769012537340226,2718,0.0,0.02,0.0
u_13188,0.0,-1,0.0,,
u_13189,0.0,-1,0.0,,
u_13190,0.04061631899017817,2243,0.0,0.787,0.0
u_13191,0.0,-1,0.0,,
u_13192,0.009658944071705807,1206,0.0,0.092,0.0
u_13193,0.0,-1,0.0,,
u_13194,0.04437181916016521,4539,0.0,0.787,0.0
u_13195,0.0,-1,0.0,,
u_13196,0.0,-1,0.0,,
u_13197,0.043034914056465874,3636,0.0,0.787,0.0
u_13198,0.0,-1,0.0,,
u_13199,0.0,-1,0.0,,
u_13200,0.08417531978986129,2399,0.0,0.787,0.0
u_13201,0.043034914056465874,6013,0.0,0.787,0.0
u_13202,0.00028859867610096573,1852,0.0,0.005,0.0
u_13203,0.0,-1,0.0,,
u_13204,0.0,-1,0.0,,
u_13205,0.043034914056465874,3681,0.0,0.787,0.0
u_13206,0.0001915790930872031,7,0.0,0.002,0.0
u_13207,0.0,-1,0.0,,
u_13208,0.043034914056465874,5155,0.0,0.787,0.0
u_13209,0.001592539104448176,2985,0.0,0.029,0.0
u_13210,0.0,-1,0.0,,
u_13211,0.0,-1,0.0,,
u_13212,0.07963034599322148,475,0.0,0.787,0.0
u_13213,0.0,-1,0.0,,
u_13214,0.0,-1,0.0,,
u_13215,0.0005024440636208069,266,0.0,0.005,0.0
u_13216,0.0012240358398980442,2808,0.0,0.022,0.0
u_13217,0.0,-1,0.0,,
u_13218,0.04047081517722345,672,0.0,0.787,0.0
u_13219,0.0,-1,0.0,,
u_13220,0.0,-1,0.0,,
u_13221,0.04486262790117586,222,0.0,0.787,0.0
u_13222,0.0,-1,0.0,,
u_13223,0.0,-1,0.0,,
u_13224,0.0,-1,0.0,,
u_13225,4.2454045175717134e-05,59,0.0,0.001,0.0
u_13226,0.0,-1,0.0,,
u_13227,0.0,-1,0.0,,
u_13228,4.4301694516710894e-05,122,0.0,0.001,0.0
u_13229,0.03766996528104191,200,0.0,0.245,0.0
u_13230,0.0,-1,0.0,,
u_13231,0.0,-1,0.0,,
u_13232,0.0,-1,0.0,,
u_13233,0.040644518242805336,266,0.0,0.787,0.0
u_13234,0.0,-1,0.0,,
u_13235,0.0,-1,0.0,,
u_13236,0.043034914056465874,6014,0.0,0.787,0.0
u_13237,0.0,-1,0.0,,
u_13238,0.0,-1,0.0,,
u_13239,0.0,-1,0.0,,
u_13240,7.632257586080349e-05,752,0.0,0.001,0.0
u_13241,0.03197187122355115,498,0.0,0.625,0.0
u_13242,0.043034914056465874,5156,0.0,0.787,0.0
u_13243,0.043034914056465874,530,0.0,0.787,0.0
u_13244,0.045705098109749376,3087,0.0,0.787,0.0
u_13245,0.043034914056465874,2985,0.0,0.787,0.0
u_13246,0.0,-1,0.0,,
u_13247,0.0,-1,0.0,,
u_13248,0.08417531978986129,1505,0.0,0.787,0.0
u_13249,0.0025107862302325497,2580,0.0,0.016,0.0
u_13250,0.0,-1,0.0,,
u_13251,0.08417531978986129,3414,0.0,0.787,0.0
u_13252,0.000643580122395631,2372,0.0,0.011,0.0
u_13253,0.039071439213162654,1179,0.0,0.249,0.0
u_13254,0.0,-1,0.0,,
u_13255,0.0,-1,0.0,,
u_13256,0.043034914056465874,4701,0.0,0.787,0.0
u_13257,0.08417531978986129,1392,0.0,0.787,0.0
u_13258,0.12365347557191646,276,0.0,0.787,0.0
u_13259,0.0066166850847828446,3761,0.0,0.121,0.0
u_13260,0.0,-1,0.0,,
u_13261,0.0011474465034920815,616,0.0,0.011,0.0
u_13262,0.0,-1,0.0,,
u_13263,0.0,-1,0.0,,
u_13264,0.0,-1,0.0,,
u_13265,0.0,-1,0.0,,
u_13266,0.0,-1,0.0,,
u_13267,0.0005609561300218139,2312,0.0,0.01,0.0
u_13268,0.0,-1,0.0,,
u_13269,0.04159494776366715,12,0.0,0.787,0.0
u_13270,0.0,-1,0.0,,
u_13271,0.02546306001546521,5,0.0,0.492,0.0
u_13272,0.0,-1,0.0,,
u_13273,0.0,-1,0.0,,
u_13274,0.0,-1,0.0,,
u_13275,0.0,-1,0.0,,
u_13276,0.0,-1,0.0,,
u_13277,0.0,-1,0.0,,
u_13278,0.043034914056465874,6015,0.0,0.787,0.0
u_13279,0.0,-1,0.0,,
u_13280,0.002453331974455524,2006,0.0,0.046,0.0
u_13281,0.0,-1,0.0,,
u_13282,0.043034914056465874,3812,0.0,0.787,0.0
u_13283,0.0,-1,0.0,,
u_13284,0.0,-1,0.0,,
u_13285,0.0,-1,0.0,,
u_13286,8.680837372615592e-05,874,0.0,0.002,0.0
u_13287,0.0,-1,0.0,,
u_13288,0.04302974646211218,1864,0.0,0.787,0.0
u_13289,0.0,-1,0.0,,
u_13290,0.0,-1,0.0,,
u_13291,0.0,-1,0.0,,
u_13292,0.0,-1,0.0,,
u_13293,0.043034914056465874,1061,0.0,0.787,0.0
u_13294,0.043034914056465874,6016,0.0,0.787,0.0
u_13295,0.0,-1,0.0,,
u_13296,0.0,-1,0.0,,
u_13297,0.0,-1,0.0,,
u_13298,0.00013408824289729771,136,0.0,0.001,0.0
u_13299,0.0,-1,0.0,,
u_13300,0.0,-1,0.0,,
u_13301,0.0,-1,0.0,,
u_13302,0.0,-1,0.0,,
u_13303,0.0,-1,0.0,,
u_13304,0.0,-1,0.0,,
u_13305,0.0,-1,0.0,,
u_13306,0.0,-1,0.0,,
u_13307,0.0,-1,0.0,,
u_13308,0.04352205949500791,159,0.0,0.787,0.0
u_13309,0.002152501520150146,46,0.0,0.013,0.0
u_13310,0.0,-1,0.0,,
u_13311,0.11395017025778781,1698,0.0,0.712,0.0
u_13312,0.0,-1,0.0,,
u_13313,0.0,-1,0.0,,
u_13314,6.18098292201289e-05,525,0.0,0.001,0.0
u_13315,0.0,-1,0.0,,
u_13316,0.04429814897008414,2712,0.0,0.787,0.0
u_13317,0.0,-1,0.0,,
u_13318,0.0,-1,0.0,,
u_13319,0.02997740756435308,4487,0.0,0.548,0.0
u_13320,0.0,-1,0.0,,
u_13321,0.003507684722080948,112,0.0,0.061,0.0
u_13322,0.08236189558334264,3668,0.0,0.787,0.0
u_13323,0.0,-1,0.0,,
u_13324,0.008998043396404129,2452,0.0,0.085,0.0
u_13325,0.0,-1,0.0,,
u_13326,0.012332753127370939,4079,0.0,0.225,0.0
u_13327,0.0,-1,0.0,,
u_13328,0.0,-1,0.0,,
u_13329,0.0,-1,0.0,,
u_13330,0.03988729526287483,1286,0.0,0.787,0.0
u_13331,0.043034914056465874,3326,0.0,0.787,0.0
u_13332,0.0,-1,0.0,,
u_13333,0.0,-1,0.0,,
u_13334,0.0,-1,0.0,,
u_13335,0.0,-1,0.0,,
u_13336,0.04327223233114647,2536,0.0,0.787,0.0
u_13337,0.0,-1,0.0,,
u_13338,0.008608668736761499,1894,0.0,0.041,0.0
u_13339,0.0,-1,0.0,,
u_13340,0.03989086134453098,3200,0.0,0.787,0.0
u_13341,0.04010195268791118,599,0.0,0.787,0.0
u_13342,0.0,-1,0.0,,
u_13343,0.004912619669241406,3614,0.0,0.09,0.0
u_13344,0.0,-1,0.0,,
u_13345,0.0,-1,0.0,,
u_13346,0.08417531978986129,1987,0.0,0.787,0.0
u_13347,0.0008060494066999136,2539,0.0,0.015,0.0
u_13348,0.0,-1,0.0,,
u_13349,0.0,-1,0.0,,
u_13350,0.0,-1,0.0,,
u_13351,0.0,-1,0.0,,
u_13352,0.06075945412724917,1788,0.0,0.577,0.0
u_13353,0.0,-1,0.0,,
u_13354,0.043034914056465874,747,0.0,0.787,0.0
u_13355,0.0008474913009638745,551,0.0,0.016,0.0
u_13356,0.0,-1,0.0,,
u_13357,0.0,-1,0.0,,
u_13358,0.040679006956316766,1136,0.0,0.787,0.0
u_13359,0.0,-1,0.0,,
u_13360,0.0008108131970140153,1219,0.0,0.016,0.0
u_13361,0.02917525963236941,2446,0.0,0.563,0.0
u_13362,0.0,-1,0.0,,
u_13363,0.05865030161849553,26,0.0,0.368,0.0
u_13364,0.03989233044277147,2600,0.0,0.787,0.0
u_13365,0.0,-1,0.0,,
u_13366,0.0813939290215504,1553,0.0,0.787,0.0
u_13367,0.0,-1,0.0,,
u_13368,0.0,-1,0.0,,
u_13369,0.0,-1,0.0,,
u_13370,0.043034914056465874,5157,0.0,0.787,0.0
u_13371,0.08027412343349827,222,0.0,0.787,0.0
u_13372,0.0,-1,0.0,,
u_13373,0.039887247240866966,2547,0.0,0.787,0.0
u_13374,0.0,-1,0.0,,
u_13375,0.0029965599324076955,3303,0.0,0.053,0.0
u_13376,0.0,-1,0.0,,
u_13377,0.08417531978986129,5158,0.0,0.787,0.0
u_13378,0.0,-1,0.0,,
u_13379,0.056916653251453016,2874,0.0,0.532,0.0
u_13380,0.0010018244965618523,2675,0.0,0.018,0.0
u_13381,0.0,-1,0.0,,
u_13382,0.0005568646275648929,1822,0.0,0.005,0.0
u_13383,0.0,-1,0.0,,
u_13384,0.0,-1,0.0,,
u_13385,0.043034914056465874,5159,0.0,0.787,0.0
u_13386,0.043034914056465874,1083,0.0,0.787,0.0
u_13387,0.039485919696248324,4596,0.0,0.722,0.0
u_13388,0.039887921507026164,1732,0.0,0.787,0.0
u_13389,0.0017017901082924769,3010,0.0,0.031,0.0
u_13390,0.0,-1,0.0,,
u_13391,0.0,-1,0.0,,
u_13392,0.0,-1,0.0,,
u_13393,0.0,-1,0.0,,
u_13394,0.08814340370155885,2696,0.0,0.787,0.0
u_13395,0.040258067268093264,168,0.0,0.787,0.0
u_13396,0.0,-1,0.0,,
u_13397,0.0,-1,0.0,,
u_13398,0.0,-1,0.0,,
u_13399,0.043034914056465874,2535,0.0,0.787,0.0
u_13400,0.04073725201833964,222,0.0,0.787,0.0
u_13401,0.0,-1,0.0,,
u_13402,0.0040963023629803684,3513,0.0,0.075,0.0
u_13403,0.0,-1,0.0,,
u_13404,0.0,-1,0.0,,
u_13405,0.0,-1,0.0,,
u_13406,0.0,-1,0.0,,
u_13407,0.0,-1,0.0,,
u_13408,0.043034914056465874,6017,0.0,0.787,0.0
u_13409,0.08117797673911543,2473,0.0,0.787,0.0
u_13410,0.0012901333418208836,2321,0.0,0.024,0.0
u_13411,0.0,-1,0.0,,
u_13412,0.0,-1,0.0,,
u_13413,0.0,-1,0.0,,
u_13414,0.0,-1,0.0,,
u_13415,0.043034914056465874,5160,0.0,0.787,0.0
u_13416,0.0,-1,0.0,,
u_13417,0.0,-1,0.0,,
u_13418,0.0,-1,0.0,,
u_13419,0.03988893166798127,363,0.0,0.787,0.0
u_13420,0.0,-1,0.0,,
u_13421,0.0,-1,0.0,,
u_13422,0.043034914056465874,5161,0.0,0.787,0.0
u_13423,0.0,-1,0.0,,
u_13424,0.043034914056465874,5162,0.0,0.787,0.0
u_13425,0.0,-1,0.0,,
u_13426,0.0,-1,0.0,,
u_13427,0.0,-1,0.0,,
u_13428,0.0,-1,0.0,,
u_13429,7.053433222425416e-05,643,0.0,0.001,0.0
u_13430,0.0,-1,0.0,,
u_13431,0.0007133780071936753,2468,0.0,0.013,0.0
u_13432,0.043034914056465874,4925,0.0,0.787,0.0
u_13433,0.0,-1,0.0,,
u_13434,0.07995754896895567,222,0.0,0.787,0.0
u_13435,0.0,-1,0.0,,
u_13436,0.0,-1,0.0,,
u_13437,0.0,-1,0.0,,
u_13438,0.00042264288878917717,629,0.0,0.008,0.0
u_13439,0.0,-1,0.0,,
u_13440,0.043034914056465874,5163,0.0,0.787,0.0
u_13441,0.039888095707304866,2738,0.0,0.787,0.0
u_13442,0.0,-1,0.0,,
u_13443,0.0,-1,0.0,,
u_13444,0.07982665455083732,1542,0.0,0.787,0.0
u_13445,0.0,-1,0.0,,
u_13446,0.0,-1,0.0,,
u_13447,0.0,-1,0.0,,
u_13448,0.0,-1,0.0,,
u_13449,0.0,-1,0.0,,
u_13450,0.043034914056465874,5164,0.0,0.787,0.0
u_13451,0.039888555957935876,650,0.0,0.787,0.0
u_13452,0.048100132128213874,4376,0.0,0.45,0.0
u_13453,0.0,-1,0.0,,
u_13454,0.0,-1,0.0,,
u_13455,0.0,-1,0.0,,
u_13456,0.043034914056465874,5165,0.0,0.787,0.0
u_13457,0.043034914056465874,2749,0.0,0.787,0.0
u_13458,0.000807316799482808,2542,0.0,0.015,0.0
u_13459,0.0,-1,0.0,,
u_13460,0.043034914056465874,5087,0.0,0.787,0.0
u_13461,0.0,-1,0.0,,
u_13462,0.0,-1,0.0,,
u_13463,0.013746708976433916,3148,0.0,0.256,0.0
u_13464,0.0,-1,0.0,,
u_13465,0.0405794157656713,633,0.0,0.787,0.0
u_13466,0.0,-1,0.0,,
u_13467,0.04303184485909936,980,0.0,0.787,0.0
u_13468,0.0,-1,0.0,,
u_13469,0.0,-1,0.0,,
u_13470,0.0,-1,0.0,,
u_13471,0.08150986545303265,33,0.0,0.787,0.0
u_13472,0.0004334179127636193,421,0.0,0.008,0.0
u_13473,0.0,-1,0.0,,
u_13474,0.0,-1,0.0,,
u_13475,0.034137453532920074,4546,0.0,0.624,0.0
u_13476,0.043034914056465874,6018,0.0,0.787,0.0
u_13477,0.0,-1,0.0,,
u_13478,0.0008210766920190918,1113,0.0,0.008,0.0
u_13479,0.043034914056465874,4824,0.0,0.787,0.0
u_13480,0.0,-1,0.0,,
u_13481,0.0,-1,0.0,,
u_13482,0.043034914056465874,5166,0.0,0.787,0.0
u_13483,0.043034914056465874,5167,0.0,0.787,0.0
u_13484,0.043034914056465874,6008,0.0,0.787,0.0
u_13485,0.08084947055148722,222,0.0,0.787,0.0
u_13486,0.0,-1,0.0,,
u_13487,0.043034914056465874,2982,0.0,0.787,0.0
u_13488,0.0,-1,0.0,,
u_13489,0.043034914056465874,2231,0.0,0.787,0.0
u_13490,0.0,-1,0.0,,
u_13491,0.0,-1,0.0,,
u_13492,0.0,-1,0.0,,
u_13493,0.0,-1,0.0,,
u_13494,0.03503270277764418,161,0.0,0.325,0.0
u_13495,0.08237133007293403,68,0.0,0.787,0.0
u_13496,0.0,-1,0.0,,
u_13497,0.1255760808588636,3932,0.0,0.787,0.0
u_13498,0.0,-1,0.0,,
u_13499,0.015590685747359148,3820,0.0,0.149,0.0
u_13500,4.8287088444728545e-05,215,0.0,0.001,0.0
u_13501,0.0,-1,0.0,,
u_13502,0.0,-1,0.0,,
u_13503,0.039889238871589586,2650,0.0,0.787,0.0
u_13504,0.043034914056465874,5168,0.0,0.787,0.0
u_13505,0.043034914056465874,4956,0.0,0.787,0.0
u_13506,0.0,-1,0.0,,
u_13507,0.0,-1,0.0,,
u_13508,0.04302076935180602,1908,0.0,0.787,0.0
u_13509,0.0,-1,0.0,,
u_13510,0.0,-1,0.0,,
u_13511,0.04436913679309183,832,0.0,0.787,0.0
u_13512,0.04176577722997735,2962,0.0,0.787,0.0
u_13513,0.043034914056465874,3430,0.0,0.787,0.0
u_13514,0.0006274945664039832,853,0.0,0.006,0.0
u_13515,0.043034914056465874,5169,0.0,0.787,0.0
u_13516,0.0,-1,0.0,,
u_13517,0.0,-1,0.0,,
u_13518,0.0891136701178523,2676,0.0,0.827,0.0
u_13519,0.0,-1,0.0,,
u_13520,0.041001645718566716,2788,0.0,0.787,0.0
u_13521,0.0,-1,0.0,,
u_13522,0.0,-1,0.0,,
u_13523,0.0,-1,0.0,,
u_13524,0.0,-1,0.0,,
u_13525,0.0,-1,0.0,,
u_13526,0.0,-1,0.0,,
u_13527,0.0,-1,0.0,,
u_13528,0.043034914056465874,390,0.0,0.787,0.0
u_13529,0.0,-1,0.0,,
u_13530,0.043034914056465874,1513,0.0,0.787,0.0
u_13531,0.0,-1,0.0,,
u_13532,0.043034914056465874,6019,0.0,0.787,0.0
u_13533,0.0,-1,0.0,,
u_13534,0.0,-1,0.0,,
u_13535,0.03988779827545542,1861,0.0,0.787,0.0
u_13536,0.040905796273742474,1401,0.0,0.787,0.0
u_13537,0.0,-1,0.0,,
u_13538,0.0,-1,0.0,,
u_13539,0.0,-1,0.0,,
u_13540,0.0,-1,0.0,,
u_13541,0.0,-1,0.0,,
u_13542,9.049234875807666e-05,929,0.0,0.002,0.0
u_13543,0.0,-1,0.0,,
u_13544,0.0012745583101306584,77,0.0,0.023,0.0
u_13545,0.0,-1,0.0,,
u_13546,0.0,-1,0.0,,
u_13547,0.0,-1,0.0,,
u_13548,0.17279259590896356,4579,0.0,0.673,0.0
u_13549,0.0,-1,0.0,,
u_13550,0.0,-1,0.0,,
u_13551,0.0,-1,0.0,,
u_13552,0.0,-1,0.0,,
u_13553,0.0,-1,0.0,,
u_13554,0.043034914056465874,6020,0.0,0.787,0.0
u_13555,0.0,-1,0.0,,
u_13556,0.0,-1,0.0,,
u_13557,0.0,-1,0.0,,
u_13558,0.043034914056465874,2997,0.0,0.787,0.0
u_13559,0.0,-1,0.0,,
u_13560,0.12265177784287784,27,0.0,0.787,0.0
u_13561,0.03989702074117375,2909,0.0,0.787,0.0
u_13562,0.0,-1,0.0,,
u_13563,0.0,-1,0.0,,
u_13564,0.043034914056465874,4909,0.0,0.787,0.0
u_13565,0.0,-1,0.0,,
u_13566,0.0,-1,0.0,,
u_13567,0.0,-1,0.0,,
u_13568,0.0,-1,0.0,,
u_13569,0.0,-1,0.0,,
u_13570,0.0,-1,0.0,,
u_13571,0.0,-1,0.0,,
u_13572,0.0,-1,0.0,,
u_13573,0.0,-1,0.0,,
u_13574,0.04123937659610827,1705,0.0,0.787,0.0
u_13575,0.0,-1,0.0,,
u_13576,0.0,-1,0.0,,
u_13577,0.0,-1,0.0,,
u_13578,0.043034914056465874,2728,0.0,0.787,0.0
u_13579,0.0,-1,0.0,,
u_13580,0.0,-1,0.0,,
u_13581,0.0009324956409291867,1908,0.0,0.006,0.0
u_13582,0.0,-1,0.0,,
u_13583,0.0,-1,0.0,,
u_13584,0.0032707396669491547,3382,0.0,0.06,0.0
u_13585,0.04236735694377232,3772,0.0,0.787,0.0
u_13586,0.0,-1,0.0,,
u_13587,0.0,-1,0.0,,
u_13588,0.0,-1,0.0,,
u_13589,0.0,-1,0.0,,
u_13590,5.763091684328992e-05,448,0.0,0.001,0.0
u_13591,0.0,-1,0.0,,
u_13592,0.043034914056465874,5170,0.0,0.787,0.0
u_13593,0.0,-1,0.0,,
u_13594,0.002384129769932058,3175,0.0,0.044,0.0
u_13595,0.0,-1,0.0,,
u_13596,0.03988731108760218,733,0.0,0.787,0.0
u_13597,0.0,-1,0.0,,
u_13598,0.0,-1,0.0,,
u_13599,0.0,-1,0.0,,
u_13600,0.0,-1,0.0,,
u_13601,0.0,-1,0.0,,
u_13602,0.0,-1,0.0,,
u_13603,0.03988861357394581,2337,0.0,0.787,0.0
u_13604,0.0,-1,0.0,,
u_13605,0.010561122941538981,4001,0.0,0.187,0.0
u_13606,0.0,-1,0.0,,
u_13607,0.0002048732958108403,1053,0.0,0.002,0.0
u_13608,0.043034914056465874,3663,0.0,0.787,0.0
u_13609,0.0,-1,0.0,,
u_13610,0.0,-1,0.0,,
u_13611,0.0,-1,0.0,,
u_13612,0.0,-1,0.0,,
u_13613,0.043034914056465874,6021,0.0,0.787,0.0
u_13614,0.043034914056465874,246,0.0,0.787,0.0
u_13615,0.043034914056465874,4957,0.0,0.787,0.0
u_13616,0.0,-1,0.0,,
u_13617,0.08417531978986129,1947,0.0,0.787,0.0
u_13618,0.04363091550444064,4058,0.0,0.787,0.0
u_13619,0.0,-1,0.0,,
u_13620,0.0,-1,0.0,,
u_13621,0.03988745810729792,1779,0.0,0.787,0.0
u_13622,0.0,-1,0.0,,
u_13623,0.0,-1,0.0,,
u_13624,0.043034914056465874,6022,0.0,0.787,0.0
u_13625,0.0,-1,0.0,,
u_13626,0.0,-1,0.0,,
u_13627,4.8240677600409585e-05,236,0.0,0.001,0.0
u_13628,0.0,-1,0.0,,
u_13629,0.0,-1,0.0,,
u_13630,0.008406685843849878,50,0.0,0.157,0.0
u_13631,0.0,-1,0.0,,
u_13632,0.0,-1,0.0,,
u_13633,0.0,-1,0.0,,
u_13634,0.043034914056465874,5171,0.0,0.787,0.0
u_13635,0.0,-1,0.0,,
u_13636,0.0,-1,0.0,,
u_13637,0.0,-1,0.0,,
u_13638,0.0,-1,0.0,,
u_13639,0.0,-1,0.0,,
u_13640,0.043034914056465874,5172,0.0,0.787,0.0
u_13641,0.0,-1,0.0,,
u_13642,0.0009678664709874173,2226,0.0,0.009,0.0
u_13643,0.043034914056465874,3186,0.0,0.787,0.0
u_13644,0.0,-1,0.0,,
u_13645,0.04303239471168748,1074,0.0,0.787,0.0
u_13646,0.043034914056465874,6023,0.0,0.787,0.0
u_13647,0.0,-1,0.0,,
u_13648,0.0,-1,0.0,,
u_13649,0.0,-1,0.0,,
u_13650,0.043034873475996833,1058,0.0,0.787,0.0
u_13651,0.08282568888782713,2565,0.0,0.787,0.0
u_13652,0.0,-1,0.0,,
u_13653,0.00017168666395260063,7,0.0,0.003,0.0
u_13654,0.08417531978986129,1895,0.0,0.787,0.0
u_13655,0.0,-1,0.0,,
u_13656,0.043034914056465874,3206,0.0,0.787,0.0
u_13657,0.0,-1,0.0,,
u_13658,0.0,-1,0.0,,
u_13659,0.08236630710979355,5173,0.0,0.787,0.0
u_13660,0.0,-1,0.0,,
u_13661,7.593920561983716e-05,229,0.0,0.001,0.0
u_13662,0.044774830375242256,349,0.0,0.787,0.0
u_13663,0.04052236352027474,963,0.0,0.787,0.0
u_13664,0.0,-1,0.0,,
u_13665,0.0,-1,0.0,,
u_13666,0.010168336465622811,3979,0.0,0.18,0.0
u_13667,0.0,-1,0.0,,
u_13668,0.0,-1,0.0,,
u_13669,0.0,-1,0.0,,
u_13670,0.0021122738005579142,3115,0.0,0.039,0.0
u_13671,0.0,-1,0.0,,
u_13672,0.0,-1,0.0,,
u_13673,0.039888983161986045,1169,0.0,0.787,0.0
u_13674,0.0,-1,0.0,,
u_13675,0.043034914056465874,6024,0.0,0.787,0.0
u_13676,0.043034914056465874,5174,0.0,0.787,0.0
u_13677,0.043034914056465874,5970,0.0,0.787,0.0
u_13678,0.043034914056465874,211,0.0,0.787,0.0
u_13679,0.0,-1,0.0,,
u_13680,0.0398877812808897,3671,0.0,0.787,0.0
u_13681,0.0,-1,0.0,,
u_13682,0.0,-1,0.0,,
u_13683,0.043034914056465874,6025,0.0,0.787,0.0
u_13684,0.043034914056465874,5956,0.0,0.787,0.0
u_13685,0.0,-1,0.0,,
u_13686,0.0,-1,0.0,,
u_13687,0.043034914056465874,5175,0.0,0.787,0.0
u_13688,0.043034914056465874,1927,0.0,0.787,0.0
u_13689,0.0,-1,0.0,,
u_13690,0.0,-1,0.0,,
u_13691,0.08417531978986129,2891,0.0,0.787,0.0
u_13692,4.667271617070905e-05,184,0.0,0.001,0.0
u_13693,0.0,-1,0.0,,
u_13694,0.0,-1,0.0,,
u_13695,0.043034914056465874,5176,0.0,0.787,0.0
u_13696,0.0,-1,0.0,,
u_13697,0.0,-1,0.0,,
u_13698,0.0,-1,0.0,,
u_13699,0.0,-1,0.0,,
u_13700,0.0,-1,0.0,,
u_13701,0.0,-1,0.0,,
u_13702,0.00021824259002771348,1640,0.0,0.004,0.0
u_13703,0.00024604600109726793,1222,0.0,0.002,0.0
u_13704,0.0,-1,0.0,,
u_13705,0.0,-1,0.0,,
u_13706,0.0,-1,0.0,,
u_13707,0.0,-1,0.0,,
u_13708,0.0,-1,0.0,,
u_13709,0.0,-1,0.0,,
u_13710,0.0,-1,0.0,,
u_13711,0.12154520297498722,991,0.0,0.78,0.0
u_13712,0.08417531978986129,2828,0.0,0.787,0.0
u_13713,0.030870716688707434,1105,0.0,0.538,0.0
u_13714,0.0,-1,0.0,,
u_13715,0.0,-1,0.0,,
u_13716,0.0,-1,0.0,,
u_13717,0.043034914056465874,3865,0.0,0.787,0.0
u_13718,0.0,-1,0.0,,
u_13719,0.0,-1,0.0,,
u_13720,0.0,-1,0.0,,
u_13721,0.0,-1,0.0,,
u_13722,0.0,-1,0.0,,
u_13723,0.043034914056465874,5177,0.0,0.787,0.0
u_13724,0.0,-1,0.0,,
u_13725,0.0,-1,0.0,,
u_13726,0.0,-1,0.0,,
u_13727,0.0,-1,0.0,,
u_13728,0.0,-1,0.0,,
u_13729,0.0,-1,0.0,,
u_13730,0.0,-1,0.0,,
u_13731,0.09031282340063326,904,0.0,0.591,0.0
u_13732,0.0,-1,0.0,,
u_13733,0.0,-1,0.0,,
u_13734,0.0013711508235995265,33,0.0,0.013,0.0
u_13735,0.0,-1,0.0,,
u_13736,0.0,-1,0.0,,
u_13737,0.03988945386493149,2830,0.0,0.787,0.0
u_13738,0.0,-1,0.0,,
u_13739,0.029309517429689156,4472,0.0,0.536,0.0
u_13740,0.0,-1,0.0,,
u_13741,0.0,-1,0.0,,
u_13742,0.0,-1,0.0,,
u_13743,0.0,-1,0.0,,
u_13744,0.0,-1,0.0,,
u_13745,0.0,-1,0.0,,
u_13746,0.0,-1,0.0,,
u_13747,0.08417531978986129,3829,0.0,0.787,0.0
u_13748,0.0,-1,0.0,,
u_13749,0.043034914056465874,4473,0.0,0.787,0.0
u_13750,0.0,-1,0.0,,
u_13751,0.003488060248074315,3423,0.0,0.064,0.0
u_13752,0.0,-1,0.0,,
u_13753,0.0,-1,0.0,,
u_13754,0.0,-1,0.0,,
u_13755,0.0,-1,0.0,,
u_13756,0.0,-1,0.0,,
u_13757,0.001371978979878166,2878,0.0,0.025,0.0
u_13758,0.038781308725506274,1054,0.0,0.74,0.0
u_13759,0.0,-1,0.0,,
u_13760,0.043034914056465874,6026,0.0,0.787,0.0
u_13761,0.0,-1,0.0,,
u_13762,0.0,-1,0.0,,
u_13763,0.0,-1,0.0,,
u_13764,0.0,-1,0.0,,
u_13765,0.0,-1,0.0,,
u_13766,0.043034914056465874,5178,0.0,0.787,0.0
u_13767,0.0,-1,0.0,,
u_13768,0.00034954085866539423,251,0.0,0.002,0.0
u_13769,0.04310799425876464,867,0.0,0.787,0.0
u_13770,0.0,-1,0.0,,
u_13771,0.0,-1,0.0,,
u_13772,0.02903055638679517,222,0.0,0.267,0.0
u_13773,0.0,-1,0.0,,
u_13774,0.0,-1,0.0,,
u_13775,0.0035277522194040924,3430,0.0,0.064,0.0
u_13776,0.0,-1,0.0,,
u_13777,0.03350154874412399,4532,0.0,0.612,0.0
u_13778,0.0,-1,0.0,,
u_13779,0.0023023018302139723,2785,0.0,0.022,0.0
u_13780,0.0,-1,0.0,,
u_13781,0.040571711141859465,168,0.0,0.787,0.0
u_13782,0.03982040740870088,288,0.0,0.369,0.0
u_13783,0.0009345258431572699,1272,0.0,0.018,0.0
u_13784,0.0,-1,0.0,,
u_13785,0.02528501085122593,3864,0.0,0.476,0.0
u_13786,0.0,-1,0.0,,
u_13787,0.08236630710979355,5179,0.0,0.787,0.0
u_13788,0.0,-1,0.0,,
u_13789,0.0,-1,0.0,,
u_13790,0.0,-1,0.0,,
u_13791,0.0,-1,0.0,,
u_13792,0.0,-1,0.0,,
u_13793,0.0,-1,0.0,,
u_13794,0.0,-1,0.0,,
u_13795,0.0,-1,0.0,,
u_13796,0.0,-1,0.0,,
u_13797,0.0,-1,0.0,,
u_13798,0.0,-1,0.0,,
u_13799,0.0002738741265817895,1793,0.0,0.005,0.0
u_13800,0.0,-1,0.0,,
u_13801,0.08168929441160572,615,0.0,0.787,0.0
u_13802,0.0,-1,0.0,,
u_13803,0.043034914056465874,3557,0.0,0.787,0.0
u_13804,0.043034914056465874,4135,0.0,0.787,0.0
u_13805,0.0,-1,0.0,,
u_13806,0.0,-1,0.0,,
u_13807,0.0,-1,0.0,,
u_13808,0.03989203161884138,2327,0.0,0.787,0.0
u_13809,0.0,-1,0.0,,
u_13810,0.00021638963302545269,222,0.0,0.004,0.0
u_13811,0.08101285907962576,3249,0.0,0.787,0.0
u_13812,0.08417531978986129,5180,0.0,0.787,0.0
u_13813,0.00014042612042613892,498,0.0,0.001,0.0
u_13814,0.0003271124370405162,1917,0.0,0.006,0.0
u_13815,0.00039857689323984693,277,0.0,0.004,0.0
u_13816,0.0,-1,0.0,,
u_13817,0.043034914056465874,875,0.0,0.787,0.0
u_13818,0.0,-1,0.0,,
u_13819,0.0,-1,0.0,,
u_13820,0.043034914056465874,6027,0.0,0.787,0.0
u_13821,0.003020421528926252,2525,0.0,0.055,0.0
u_13822,0.040674886711858385,260,0.0,0.787,0.0
u_13823,0.0,-1,0.0,,
u_13824,0.0,-1,0.0,,
u_13825,0.019373709736304267,3189,0.0,0.188,0.0
u_13826,0.0,-1,0.0,,
u_13827,0.0,-1,0.0,,
u_13828,0.0,-1,0.0,,
u_13829,0.028422624788256454,4456,0.0,0.52,0.0
u_13830,0.0,-1,0.0,,
u_13831,0.0,-1,0.0,,
u_13832,0.0,-1,0.0,,
u_13833,0.0,-1,0.0,,
u_13834,5.1033400531121525e-05,352,0.0,0.001,0.0
u_13835,0.004954873592614725,1537,0.0,0.032,0.0
u_13836,0.0,-1,0.0,,
u_13837,0.0,-1,0.0,,
u_13838,0.08417531978986129,4679,0.0,0.787,0.0
u_13839,0.12664172101564142,1458,0.0,0.787,0.0
u_13840,0.0,-1,0.0,,
u_13841,0.08314944089705746,3190,0.0,0.787,0.0
u_13842,0.0,-1,0.0,,
u_13843,0.0,-1,0.0,,
u_13844,0.0,-1,0.0,,
u_13845,0.0,-1,0.0,,
u_13846,0.0,-1,0.0,,
u_13847,0.043034914056465874,5181,0.0,0.787,0.0
u_13848,0.01862733705653109,3962,0.0,0.174,0.0
u_13849,0.00880938620805711,911,0.0,0.082,0.0
u_13850,0.043034914056465874,6028,0.0,0.787,0.0
u_13851,0.0,-1,0.0,,
u_13852,0.0,-1,0.0,,
u_13853,0.0,-1,0.0,,
u_13854,0.0,-1,0.0,,
u_13855,0.04318813480994737,629,0.0,0.787,0.0
u_13856,0.0,-1,0.0,,
u_13857,0.0,-1,0.0,,
u_13858,0.039889946942622816,1203,0.0,0.787,0.0
u_13859,0.0,-1,0.0,,
u_13860,0.0,-1,0.0,,
u_13861,0.0,-1,0.0,,
u_13862,0.043034914056465874,3657,0.0,0.787,0.0
u_13863,0.041309429005195096,491,0.0,0.386,0.0
u_13864,0.0,-1,0.0,,
u_13865,0.006239156885723115,3704,0.0,0.111,0.0
u_13866,0.0,-1,0.0,,
u_13867,0.12284549929728407,801,0.0,0.787,0.0
u_13868,0.007899029956430985,3862,0.0,0.147,0.0
u_13869,0.0,-1,0.0,,
u_13870,0.004270739858067462,912,0.0,0.04,0.0
u_13871,0.0,-1,0.0,,
u_13872,0.0,-1,0.0,,
u_13873,0.041846988850116534,280,0.0,0.787,0.0
u_13874,0.0003217599088601341,1885,0.0,0.006,0.0
u_13875,0.043034914056465874,3103,0.0,0.787,0.0
u_13876,0.009826555150266324,1773,0.0,0.186,0.0
u_13877,0.0,-1,0.0,,
u_13878,0.0813601397833755,904,0.0,0.787,0.0
u_13879,0.0,-1,0.0,,
u_13880,0.0,-1,0.0,,
u_13881,0.0,-1,0.0,,
u_13882,0.0,-1,0.0,,
u_13883,0.0,-1,0.0,,
u_13884,0.04111602855977173,161,0.0,0.787,0.0
u_13885,0.0,-1,0.0,,
u_13886,0.0,-1,0.0,,
u_13887,0.023562313123344978,168,0.0,0.454,0.0
u_13888,0.0,-1,0.0,,
u_13889,0.0,-1,0.0,,
u_13890,0.0,-1,0.0,,
u_13891,0.0,-1,0.0,,
u_13892,0.0025411423809649156,168,0.0,0.05,0.0
u_13893,0.0,-1,0.0,,
u_13894,0.05745070773682793,4476,0.0,0.537,0.0
u_13895,0.0,-1,0.0,,
u_13896,0.04042362181074983,592,0.0,0.787,0.0
u_13897,0.0,-1,0.0,,
u_13898,0.0,-1,0.0,,
u_13899,0.0,-1,0.0,,
u_13900,0.0,-1,0.0,,
u_13901,0.08427413830888222,267,0.0,0.787,0.0
u_13902,0.04288248178246649,449,0.0,0.787,0.0
u_13903,0.0,-1,0.0,,
u_13904,0.0,-1,0.0,,
u_13905,0.0,-1,0.0,,
u_13906,0.043034914056465874,6012,0.0,0.787,0.0
u_13907,0.043034914056465874,5182,0.0,0.787,0.0
u_13908,0.0,-1,0.0,,
u_13909,0.0,-1,0.0,,
u_13910,0.0,-1,0.0,,
u_13911,0.0,-1,0.0,,
u_13912,0.043034914056465874,5880,0.0,0.787,0.0
u_13913,0.005675098996825192,3677,0.0,0.104,0.0
u_13914,0.0,-1,0.0,,
u_13915,0.0,-1,0.0,,
u_13916,0.040555330744147446,4609,0.0,0.741,0.0
u_13917,0.08236630710979355,5179,0.0,0.787,0.0
u_13918,0.0,-1,0.0,,
u_13919,0.0,-1,0.0,,
u_13920,0.03988935136603052,1458,0.0,0.787,0.0
u_13921,0.0,-1,0.0,,
u_13922,0.043034914056465874,1181,0.0,0.787,0.0
u_13923,0.0001300877957209298,659,0.0,0.001,0.0
u_13924,0.0,-1,0.0,,
u_13925,0.0,-1,0.0,,
u_13926,0.0,-1,0.0,,
u_13927,0.0,-1,0.0,,
u_13928,0.08417531978986129,2357,0.0,0.787,0.0
u_13929,0.0,-1,0.0,,
u_13930,0.040399793660442544,1883,0.0,0.787,0.0
u_13931,0.0,-1,0.0,,
u_13932,0.043566472672644775,2640,0.0,0.787,0.0
u_13933,0.0,-1,0.0,,
u_13934,0.0,-1,0.0,,
u_13935,0.08232844760343468,472,0.0,0.787,0.0
u_13936,0.0,-1,0.0,,
u_13937,0.0,-1,0.0,,
u_13938,0.043034914056465874,6029,0.0,0.787,0.0
u_13939,0.0,-1,0.0,,
u_13940,0.0,-1,0.0,,
u_13941,0.0,-1,0.0,,
u_13942,0.0013982106008254864,469,0.0,0.026,0.0
u_13943,0.0020468806677311495,1882,0.0,0.037,0.0
u_13944,0.04395391651808642,3027,0.0,0.787,0.0
u_13945,0.0,-1,0.0,,
u_13946,0.0,-1,0.0,,
u_13947,0.0,-1,0.0,,
u_13948,0.0,-1,0.0,,
u_13949,0.043034914056465874,1575,0.0,0.787,0.0
u_13950,0.0013821726669854873,193,0.0,0.026,0.0
u_13951,0.043034914056465874,2354,0.0,0.787,0.0
u_13952,0.0,-1,0.0,,
u_13953,0.0,-1,0.0,,
u_13954,0.0,-1,0.0,,
u_13955,0.00013860184982795914,646,0.0,0.001,0.0
u_13956,0.0,-1,0.0,,
u_13957,0.0,-1,0.0,,
u_13958,0.0,-1,0.0,,
u_13959,0.0,-1,0.0,,
u_13960,0.042130407716432006,5183,0.0,0.787,0.0
u_13961,0.0,-1,0.0,,
u_13962,0.0,-1,0.0,,
u_13963,0.016992661452485857,3909,0.0,0.159,0.0
u_13964,0.0,-1,0.0,,
u_13965,0.0,-1,0.0,,
u_13966,0.0,-1,0.0,,
u_13967,0.00214492667733041,2030,0.0,0.019,0.0
u_13968,0.08479290935383511,61,0.0,0.787,0.0
u_13969,0.0,-1,0.0,,
u_13970,0.03989411683967723,1584,0.0,0.787,0.0
u_13971,0.043034914056465874,1840,0.0,0.787,0.0
u_13972,0.0,-1,0.0,,
u_13973,0.0,-1,0.0,,
u_13974,0.08074829097805565,373,0.0,0.787,0.0
u_13975,0.043034914056465874,4397,0.0,0.787,0.0
u_13976,0.08271925984811186,420,0.0,0.787,0.0
u_13977,0.0,-1,0.0,,
u_13978,0.043034914056465874,5184,0.0,0.787,0.0
u_13979,0.0,-1,0.0,,
u_13980,0.0,-1,0.0,,
u_13981,0.02804373105149955,142,0.0,0.543,0.0
u_13982,0.0,-1,0.0,,
u_13983,0.0,-1,0.0,,
u_13984,0.043091682382508927,3089,0.0,0.787,0.0
u_13985,0.0005539158316649284,2300,0.0,0.01,0.0
u_13986,0.0,-1,0.0,,
u_13987,0.010907105461618546,1108,0.0,0.102,0.0
u_13988,0.0018195984138349086,1453,0.0,0.034,0.0
u_13989,0.043034914056465874,4383,0.0,0.787,0.0
u_13990,0.0,-1,0.0,,
u_13991,0.0,-1,0.0,,
u_13992,0.0006097749588950825,2360,0.0,0.011,0.0
u_13993,0.03988872324234719,112,0.0,0.787,0.0
u_13994,0.0,-1,0.0,,
u_13995,0.043034914056465874,4688,0.0,0.787,0.0
u_13996,0.0,-1,0.0,,
u_13997,0.0,-1,0.0,,
u_13998,0.0,-1,0.0,,
u_13999,0.0,-1,0.0,,
u_14000,0.0,-1,0.0,,
u_14001,0.0005848790797054914,1534,0.0,0.011,0.0
u_14002,0.0,-1,0.0,,
u_14003,0.0,-1,0.0,,
u_14004,0.0,-1,0.0,,
u_14005,0.0,-1,0.0,,
u_14006,0.006046186416571393,350,0.0,0.058,0.0
u_14007,0.0,-1,0.0,,
u_14008,0.0,-1,0.0,,
u_14009,0.043034914056465874,3370,0.0,0.787,0.0
u_14010,0.0,-1,0.0,,
u_14011,0.04214626395233563,277,0.0,0.787,0.0
u_14012,0.0,-1,0.0,,
u_14013,0.0,-1,0.0,,
u_14014,0.0,-1,0.0,,
u_14015,0.003404670148712412,104,0.0,0.033,0.0
u_14016,0.0,-1,0.0,,
u_14017,0.040550792865606915,2133,0.0,0.787,0.0
u_14018,0.11935054143974944,2435,0.0,0.749,0.0
u_14019,0.008794096564375898,3921,0.0,0.161,0.0
u_14020,0.0,-1,0.0,,
u_14021,0.040379160754777245,2882,0.0,0.787,0.0
u_14022,0.0,-1,0.0,,
u_14023,0.0,-1,0.0,,
u_14024,0.0,-1,0.0,,
u_14025,0.042130407716432006,5099,0.0,0.787,0.0
u_14026,0.0,-1,0.0,,
u_14027,0.0,-1,0.0,,
u_14028,0.0,-1,0.0,,
u_14029,0.006838287375985814,414,0.0,0.126,0.0
u_14030,0.08027640321574109,342,0.0,0.787,0.0
u_14031,0.0005344693877782629,2277,0.0,0.01,0.0
u_14032,0.043034914056465874,6030,0.0,0.787,0.0
u_14033,0.0,-1,0.0,,
u_14034,0.0,-1,0.0,,
u_14035,0.0,-1,0.0,,
u_14036,0.01880444522492913,4252,0.0,0.344,0.0
u_14037,0.0,-1,0.0,,
u_14038,0.0,-1,0.0,,
u_14039,0.004769597914390413,3595,0.0,0.087,0.0
u_14040,0.0,-1,0.0,,
u_14041,0.0,-1,0.0,,
u_14042,0.0,-1,0.0,,
u_14043,0.0,-1,0.0,,
u_14044,0.0006035029521563367,2353,0.0,0.011,0.0
u_14045,0.0,-1,0.0,,
u_14046,0.0,-1,0.0,,
u_14047,0.043034914056465874,5185,0.0,0.787,0.0
u_14048,0.0,-1,0.0,,
u_14049,0.043034914056465874,1199,0.0,0.787,0.0
u_14050,0.043034914056465874,6031,0.0,0.787,0.0
u_14051,0.043034914056465874,5186,0.0,0.787,0.0
u_14052,0.043034914056465874,5884,0.0,0.787,0.0
u_14053,0.08417531978986129,3517,0.0,0.787,0.0
u_14054,0.0,-1,0.0,,
u_14055,0.0,-1,0.0,,
u_14056,0.043034914056465874,3255,0.0,0.787,0.0
u_14057,0.0,-1,0.0,,
u_14058,0.0,-1,0.0,,
u_14059,0.0,-1,0.0,,
u_14060,0.0,-1,0.0,,
u_14061,0.0,-1,0.0,,
u_14062,0.0,-1,0.0,,
u_14063,0.0,-1,0.0,,
u_14064,0.00018631225078103505,1494,0.0,0.003,0.0
u_14065,0.0,-1,0.0,,
u_14066,0.043034914056465874,5094,0.0,0.787,0.0
u_14067,0.0,-1,0.0,,
u_14068,0.0,-1,0.0,,
u_14069,0.0006998117241262537,2476,0.0,0.013,0.0
u_14070,0.0,-1,0.0,,
u_14071,0.0002526812323510182,1734,0.0,0.005,0.0
u_14072,0.12260547052482346,4318,0.0,0.787,0.0
u_14073,0.043034914056465874,5187,0.0,0.787,0.0
u_14074,0.0,-1,0.0,,
u_14075,0.039887931505126595,143,0.0,0.787,0.0
u_14076,0.0,-1,0.0,,
u_14077,0.08161843985691233,251,0.0,0.787,0.0
u_14078,0.027255588528648175,4433,0.0,0.498,0.0
u_14079,0.043034914056465874,4853,0.0,0.787,0.0
u_14080,0.0,-1,0.0,,
u_14081,0.0,-1,0.0,,
u_14082,0.0022616011336856305,3130,0.0,0.04,0.0
u_14083,0.043034914056465874,2215,0.0,0.787,0.0
u_14084,0.0,-1,0.0,,
u_14085,0.08417531978986129,3363,0.0,0.787,0.0
u_14086,0.0,-1,0.0,,
u_14087,0.041186188685334406,136,0.0,0.787,0.0
u_14088,0.0,-1,0.0,,
u_14089,0.040100698281104755,2143,0.0,0.787,0.0
u_14090,0.0001270027933736444,1239,0.0,0.002,0.0
u_14091,0.0,-1,0.0,,
u_14092,0.0,-1,0.0,,
u_14093,0.0,-1,0.0,,
u_14094,0.00012378034754916383,1181,0.0,0.002,0.0
u_14095,0.0,-1,0.0,,
u_14096,0.0,-1,0.0,,
u_14097,0.0,-1,0.0,,
u_14098,0.0,-1,0.0,,
u_14099,0.0,-1,0.0,,
u_14100,0.04332753077798416,2167,0.0,0.787,0.0
u_14101,0.014762066759197428,3168,0.0,0.138,0.0
u_14102,0.043034914056465874,5188,0.0,0.787,0.0
u_14103,0.0,-1,0.0,,
u_14104,0.0,-1,0.0,,
u_14105,0.0,-1,0.0,,
u_14106,0.08236630710979355,6032,0.0,0.787,0.0
u_14107,0.0,-1,0.0,,
u_14108,0.043034914056465874,1793,0.0,0.787,0.0
u_14109,0.0004819532620561409,2229,0.0,0.009,0.0
u_14110,0.0,-1,0.0,,
u_14111,0.010437077046579058,4009,0.0,0.191,0.0
u_14112,0.0,-1,0.0,,
u_14113,0.0010275020812047543,1102,0.0,0.02,0.0
u_14114,0.000249584170045062,1706,0.0,0.004,0.0
u_14115,0.043034914056465874,5189,0.0,0.787,0.0
u_14116,0.042873388821218605,350,0.0,0.787,0.0
u_14117,0.0,-1,0.0,,
u_14118,0.0,-1,0.0,,
u_14119,0.0,-1,0.0,,
u_14120,0.042821190687439684,844,0.0,0.787,0.0
u_14121,0.0,-1,0.0,,
u_14122,0.0,-1,0.0,,
u_14123,0.0,-1,0.0,,
u_14124,0.0,-1,0.0,,
u_14125,0.006822436418335915,3410,0.0,0.064,0.0
u_14126,0.0,-1,0.0,,
u_14127,0.0,-1,0.0,,
u_14128,0.0,-1,0.0,,
u_14129,0.043034914056465874,6033,0.0,0.787,0.0
u_14130,0.0,-1,0.0,,
u_14131,0.0,-1,0.0,,
u_14132,0.043034914056465874,2562,0.0,0.787,0.0
u_14133,0.0,-1,0.0,,
u_14134,0.0,-1,0.0,,
u_14135,0.0,-1,0.0,,
u_14136,0.0,-1,0.0,,
u_14137,0.0014784184672301983,2933,0.0,0.027,0.0
u_14138,0.043034914056465874,5190,0.0,0.787,0.0
u_14139,0.0,-1,0.0,,
u_14140,9.459988586508831e-05,967,0.0,0.002,0.0
u_14141,0.0,-1,0.0,,
u_14142,0.0,-1,0.0,,
u_14143,0.0,-1,0.0,,
u_14144,0.0005423544914731551,1573,0.0,0.005,0.0
u_14145,0.0,-1,0.0,,
u_14146,0.0,-1,0.0,,
u_14147,0.02154860406634539,3027,0.0,0.421,0.0
u_14148,0.0,-1,0.0,,
u_14149,0.0,-1,0.0,,
u_14150,0.042719812982304005,222,0.0,0.787,0.0
u_14151,0.0,-1,0.0,,
u_14152,0.0,-1,0.0,,
u_14153,0.0,-1,0.0,,
u_14154,0.0,-1,0.0,,
u_14155,0.0008445576470515962,2549,0.0,0.015,0.0
u_14156,0.0,-1,0.0,,
u_14157,0.043034914056465874,3947,0.0,0.787,0.0
u_14158,0.0,-1,0.0,,
u_14159,0.0,-1,0.0,,
u_14160,0.0,-1,0.0,,
u_14161,0.0,-1,0.0,,
u_14162,0.0,-1,0.0,,
u_14163,0.0,-1,0.0,,
u_14164,0.0,-1,0.0,,
u_14165,0.0,-1,0.0,,
u_14166,0.03988919522902748,4521,0.0,0.787,0.0
u_14167,0.0,-1,0.0,,
u_14168,0.0,-1,0.0,,
u_14169,0.0034043127374382386,3408,0.0,0.062,0.0
u_14170,0.0,-1,0.0,,
u_14171,0.043034914056465874,2878,0.0,0.787,0.0
u_14172,0.0024140110295462216,2848,0.0,0.024,0.0
u_14173,0.0,-1,0.0,,
u_14174,0.0015989680766949844,1940,0.0,0.029,0.0
u_14175,0.0,-1,0.0,,
u_14176,0.0,-1,0.0,,
u_14177,0.0004451508861370898,2189,0.0,0.009,0.0
u_14178,0.0,-1,0.0,,
u_14179,0.0,-1,0.0,,
u_14180,0.0,-1,0.0,,
u_14181,0.039888200247209044,3754,0.0,0.787,0.0
u_14182,0.039888613605672876,2541,0.0,0.787,0.0
u_14183,0.20202256064990212,162,0.0,0.98,0.0
u_14184,0.0,-1,0.0,,
u_14185,0.1222300402028476,168,0.0,0.787,0.0
u_14186,0.0,-1,0.0,,
u_14187,0.0,-1,0.0,,
u_14188,0.03988890625865746,174,0.0,0.787,0.0
u_14189,0.0,-1,0.0,,
u_14190,5.5558667921819286e-05,408,0.0,0.001,0.0
u_14191,0.0,-1,0.0,,
u_14192,0.043034914056465874,5191,0.0,0.787,0.0
u_14193,0.043034914056465874,5192,0.0,0.787,0.0
u_14194,0.017846260408995944,4224,0.0,0.326,0.0
u_14195,0.0,-1,0.0,,
u_14196,0.14312839149222759,630,0.0,0.914,0.0
u_14197,0.0,-1,0.0,,
u_14198,0.00036466541909965024,2016,0.0,0.007,0.0
u_14199,0.04893693123363597,332,0.0,0.901,0.0
u_14200,0.0,-1,0.0,,
u_14201,0.0,-1,0.0,,
u_14202,0.043034914056465874,5193,0.0,0.787,0.0
u_14203,0.04097453244762716,3193,0.0,0.787,0.0
u_14204,0.003982124533828989,3494,0.0,0.073,0.0
u_14205,0.0,-1,0.0,,
u_14206,0.0,-1,0.0,,
u_14207,0.0,-1,0.0,,
u_14208,0.04350365062906702,1519,0.0,0.787,0.0
u_14209,0.03989013614215498,2246,0.0,0.787,0.0
u_14210,0.0,-1,0.0,,
u_14211,0.03989078511105624,2110,0.0,0.787,0.0
u_14212,0.0,-1,0.0,,
u_14213,0.0,-1,0.0,,
u_14214,0.0823668680944286,1030,0.0,0.787,0.0
u_14215,0.0,-1,0.0,,
u_14216,0.0,-1,0.0,,
u_14217,0.0,-1,0.0,,
u_14218,0.0,-1,0.0,,
u_14219,4.2803934889169846e-05,156,0.0,0.001,0.0
u_14220,0.0,-1,0.0,,
u_14221,0.043034914056465874,6034,0.0,0.787,0.0
u_14222,0.043766712342976404,2054,0.0,0.787,0.0
u_14223,0.0844094360535334,5,0.0,0.787,0.0
u_14224,0.0,-1,0.0,,
u_14225,0.02145129474782249,1363,0.0,0.409,0.0
u_14226,0.0,-1,0.0,,
u_14227,0.0,-1,0.0,,
u_14228,0.12472760894629328,3320,0.0,0.787,0.0
u_14229,0.00015445838200378438,711,0.0,0.003,0.0
u_14230,0.043034914056465874,5952,0.0,0.787,0.0
u_14231,0.0,-1,0.0,,
u_14232,0.0,-1,0.0,,
u_14233,0.0,-1,0.0,,
u_14234,0.043034914056465874,4568,0.0,0.787,0.0
u_14235,0.0,-1,0.0,,
u_14236,0.0,-1,0.0,,
u_14237,0.0,-1,0.0,,
u_14238,0.0,-1,0.0,,
u_14239,0.0,-1,0.0,,
u_14240,0.0,-1,0.0,,
u_14241,0.0,-1,0.0,,
u_14242,0.0,-1,0.0,,
u_14243,0.0,-1,0.0,,
u_14244,0.039887813174696814,3871,0.0,0.787,0.0
u_14245,0.043034914056465874,1465,0.0,0.787,0.0
u_14246,0.042167846364565095,922,0.0,0.787,0.0
u_14247,0.042130407716432006,5194,0.0,0.787,0.0
u_14248,0.0,-1,0.0,,
u_14249,0.0,-1,0.0,,
u_14250,0.0,-1,0.0,,
u_14251,0.0,-1,0.0,,
u_14252,0.0,-1,0.0,,
u_14253,0.0,-1,0.0,,
u_14254,0.0,-1,0.0,,
u_14255,0.004697483738790933,168,0.0,0.088,0.0
u_14256,0.000599051541758443,1871,0.0,0.006,0.0
u_14257,0.043034914056465874,3221,0.0,0.787,0.0
u_14258,0.0,-1,0.0,,
u_14259,0.003574860669792619,2452,0.0,0.064,0.0
u_14260,0.0,-1,0.0,,
u_14261,0.0,-1,0.0,,
u_14262,0.0,-1,0.0,,
u_14263,0.0,-1,0.0,,
u_14264,0.0,-1,0.0,,
u_14265,0.0,-1,0.0,,
u_14266,0.0,-1,0.0,,
u_14267,0.0,-1,0.0,,
u_14268,0.0,-1,0.0,,
u_14269,0.0,-1,0.0,,
u_14270,0.08417531978986129,431,0.0,0.787,0.0
u_14271,0.0,-1,0.0,,
u_14272,0.0,-1,0.0,,
u_14273,0.005451621224403694,3662,0.0,0.1,0.0
u_14274,0.0,-1,0.0,,
u_14275,0.043034914056465874,3099,0.0,0.787,0.0
u_14276,0.04394973228971906,1088,0.0,0.787,0.0
u_14277,0.018304740307524357,1036,0.0,0.35,0.0
u_14278,0.0,-1,0.0,,
u_14279,0.0,-1,0.0,,
u_14280,0.0,-1,0.0,,
u_14281,0.0,-1,0.0,,
u_14282,0.043034914056465874,5009,0.0,0.787,0.0
u_14283,0.0,-1,0.0,,
u_14284,0.0,-1,0.0,,
u_14285,0.0,-1,0.0,,
u_14286,0.039887719131847583,3032,0.0,0.787,0.0
u_14287,0.0,-1,0.0,,
u_14288,0.044370367978490595,1076,0.0,0.787,0.0
u_14289,0.04437111310989374,831,0.0,0.787,0.0
u_14290,0.0,-1,0.0,,
u_14291,0.0,-1,0.0,,
u_14292,0.00019758709111981706,1026,0.0,0.002,0.0
u_14293,0.0,-1,0.0,,
u_14294,0.0,-1,0.0,,
u_14295,0.0,-1,0.0,,
u_14296,0.0,-1,0.0,,
u_14297,0.042130407716432006,5195,0.0,0.787,0.0
u_14298,0.0,-1,0.0,,
u_14299,0.0,-1,0.0,,
u_14300,0.0015234587773770938,2886,0.0,0.025,0.0
u_14301,0.0,-1,0.0,,
u_14302,0.0,-1,0.0,,
u_14303,0.0,-1,0.0,,
u_14304,0.0,-1,0.0,,
u_14305,0.0,-1,0.0,,
u_14306,0.0,-1,0.0,,
u_14307,0.0,-1,0.0,,
u_14308,0.042327817192623234,797,0.0,0.827,0.0
u_14309,0.0,-1,0.0,,
u_14310,0.0023253048710659917,3165,0.0,0.043,0.0
u_14311,0.0,-1,0.0,,
u_14312,0.0,-1,0.0,,
u_14313,0.0,-1,0.0,,
u_14314,0.0,-1,0.0,,
u_14315,0.0,-1,0.0,,
u_14316,0.0,-1,0.0,,
u_14317,0.0002089707894292545,1603,0.0,0.004,0.0
u_14318,0.0,-1,0.0,,
u_14319,0.0,-1,0.0,,
u_14320,0.0,-1,0.0,,
u_14321,0.0020965748220729374,867,0.0,0.039,0.0
u_14322,0.0,-1,0.0,,
u_14323,0.0,-1,0.0,,
u_14324,0.0,-1,0.0,,
u_14325,0.0,-1,0.0,,
u_14326,0.043034914056465874,5196,0.0,0.787,0.0
u_14327,0.0,-1,0.0,,
u_14328,0.0,-1,0.0,,
u_14329,0.04244617465776359,2429,0.0,0.787,0.0
u_14330,0.0,-1,0.0,,
u_14331,0.0,-1,0.0,,
u_14332,0.084632624088683,74,0.0,0.787,0.0
u_14333,0.0,-1,0.0,,
u_14334,0.0,-1,0.0,,
u_14335,0.0,-1,0.0,,
u_14336,0.0,-1,0.0,,
u_14337,0.0,-1,0.0,,
u_14338,0.0,-1,0.0,,
u_14339,0.0,-1,0.0,,
u_14340,0.0,-1,0.0,,
u_14341,0.07922095174578536,981,0.0,0.787,0.0
u_14342,0.0,-1,0.0,,
u_14343,0.043034914056465874,231,0.0,0.787,0.0
u_14344,0.043034914056465874,732,0.0,0.787,0.0
u_14345,0.0,-1,0.0,,
u_14346,0.0,-1,0.0,,
u_14347,0.0,-1,0.0,,
u_14348,0.0,-1,0.0,,
u_14349,0.0,-1,0.0,,
u_14350,0.0,-1,0.0,,
u_14351,0.0,-1,0.0,,
u_14352,0.0,-1,0.0,,
u_14353,0.0,-1,0.0,,
u_14354,0.0,-1,0.0,,
u_14355,0.0,-1,0.0,,
u_14356,0.08080706485762569,4586,0.0,0.787,0.0
u_14357,0.003955613325586111,3488,0.0,0.072,0.0
u_14358,0.16295487786839555,176,0.0,0.787,0.0
u_14359,0.029162083017854997,4466,0.0,0.533,0.0
u_14360,0.0,-1,0.0,,
u_14361,0.0,-1,0.0,,
u_14362,0.0,-1,0.0,,
u_14363,0.04075404978702502,3333,0.0,0.787,0.0
u_14364,0.0,-1,0.0,,
u_14365,0.0,-1,0.0,,
u_14366,0.0,-1,0.0,,
u_14367,0.0,-1,0.0,,
u_14368,0.012531332066325262,3742,0.0,0.117,0.0
u_14369,0.0,-1,0.0,,
u_14370,0.0,-1,0.0,,
u_14371,0.0,-1,0.0,,
u_14372,0.08417531978986129,4041,0.0,0.787,0.0
u_14373,0.0,-1,0.0,,
u_14374,0.08236630710979355,4849,0.0,0.787,0.0
u_14375,0.0,-1,0.0,,
u_14376,0.0,-1,0.0,,
u_14377,0.0,-1,0.0,,
u_14378,0.043034914056465874,5197,0.0,0.787,0.0
u_14379,0.0,-1,0.0,,
u_14380,0.0,-1,0.0,,
u_14381,0.0,-1,0.0,,
u_14382,0.0,-1,0.0,,
u_14383,0.0,-1,0.0,,
u_14384,0.043034914056465874,5198,0.0,0.787,0.0
u_14385,0.0,-1,0.0,,
u_14386,0.0,-1,0.0,,
u_14387,0.043034914056465874,6035,0.0,0.787,0.0
u_14388,9.04946367521818e-05,305,0.0,0.002,0.0
u_14389,0.0,-1,0.0,,
u_14390,0.043034914056465874,1249,0.0,0.787,0.0
u_14391,0.0,-1,0.0,,
u_14392,0.0,-1,0.0,,
u_14393,0.040794992326154,1095,0.0,0.733,0.0
u_14394,0.0,-1,0.0,,
u_14395,0.005631716948805465,3698,0.0,0.109,0.0
u_14396,0.0,-1,0.0,,
u_14397,0.03989066582115649,4261,0.0,0.787,0.0
u_14398,0.0,-1,0.0,,
u_14399,0.043034914056465874,2913,0.0,0.787,0.0
u_14400,0.039889065965100584,4556,0.0,0.787,0.0
u_14401,8.710591370823357e-05,886,0.0,0.002,0.0
u_14402,0.026156183772859894,4416,0.0,0.478,0.0
u_14403,0.0,-1,0.0,,
u_14404,0.0,-1,0.0,,
u_14405,0.0,-1,0.0,,
u_14406,0.0,-1,0.0,,
u_14407,0.0,-1,0.0,,
u_14408,0.00013913573774514707,1320,0.0,0.003,0.0
u_14409,0.0,-1,0.0,,
u_14410,0.0,-1,0.0,,
u_14411,0.042441773526046965,4404,0.0,0.787,0.0
u_14412,0.024927983855932753,4385,0.0,0.456,0.0
u_14413,0.12652879996057456,2030,0.0,0.787,0.0
u_14414,0.04038336648896712,1341,0.0,0.787,0.0
u_14415,0.0,-1,0.0,,
u_14416,0.043034914056465874,3898,0.0,0.787,0.0
u_14417,0.0,-1,0.0,,
u_14418,0.0,-1,0.0,,
u_14419,0.0,-1,0.0,,
u_14420,0.0,-1,0.0,,
u_14421,0.0,-1,0.0,,
u_14422,0.0,-1,0.0,,
u_14423,0.0,-1,0.0,,
u_14424,0.0,-1,0.0,,
u_14425,0.043034914056465874,1482,0.0,0.787,0.0
u_14426,0.0,-1,0.0,,
u_14427,0.003530733692292181,55,0.0,0.062,0.0
u_14428,0.0,-1,0.0,,
u_14429,0.04056711813674267,2866,0.0,0.787,0.0
u_14430,0.0,-1,0.0,,
u_14431,0.0,-1,0.0,,
u_14432,0.0,-1,0.0,,
u_14433,0.01896897927847744,198,0.0,0.09,0.0
u_14434,0.0003818804305511684,2051,0.0,0.007,0.0
u_14435,0.0,-1,0.0,,
u_14436,0.04336536153084358,2905,0.0,0.787,0.0
u_14437,0.00019173695245400927,1544,0.0,0.004,0.0
u_14438,0.0,-1,0.0,,
u_14439,0.02458213302840757,4375,0.0,0.449,0.0
u_14440,0.08482929556805484,3379,0.0,0.787,0.0
u_14441,0.0,-1,0.0,,
u_14442,0.000135701025317343,613,0.0,0.001,0.0
u_14443,0.0,-1,0.0,,
u_14444,0.01708214303393384,3694,0.0,0.107,0.0
u_14445,0.0006335244932150673,2384,0.0,0.012,0.0
u_14446,0.039889975279062406,1617,0.0,0.787,0.0
u_14447,0.0,-1,0.0,,
u_14448,0.0,-1,0.0,,
u_14449,0.0,-1,0.0,,
u_14450,0.043034914056465874,6036,0.0,0.787,0.0
u_14451,0.0,-1,0.0,,
u_14452,0.0,-1,0.0,,
u_14453,0.0,-1,0.0,,
u_14454,0.0,-1,0.0,,
u_14455,5.7459446115871166e-05,481,0.0,0.001,0.0
u_14456,0.00018893541098464765,1533,0.0,0.003,0.0
u_14457,0.043034914056465874,6037,0.0,0.787,0.0
u_14458,0.0,-1,0.0,,
u_14459,0.0,-1,0.0,,
u_14460,0.043034914056465874,2771,0.0,0.787,0.0
u_14461,0.040271696585265894,1130,0.0,0.787,0.0
u_14462,0.0,-1,0.0,,
u_14463,0.041315436781517445,587,0.0,0.787,0.0
u_14464,0.0,-1,0.0,,
u_14465,0.04072137784031505,112,0.0,0.787,0.0
u_14466,0.039914508332927166,3560,0.0,0.787,0.0
u_14467,0.020669611587310927,4305,0.0,0.378,0.0
u_14468,0.0,-1,0.0,,
u_14469,0.030041827795214502,1095,0.0,0.283,0.0
u_14470,0.08417531978986129,1327,0.0,0.787,0.0
u_14471,0.009504222126415818,3959,0.0,0.174,0.0
u_14472,0.0,-1,0.0,,
u_14473,0.0,-1,0.0,,
u_14474,0.043034914056465874,4460,0.0,0.787,0.0
u_14475,0.0,-1,0.0,,
u_14476,0.0,-1,0.0,,
u_14477,0.0,-1,0.0,,
u_14478,0.041710373529925,3716,0.0,0.787,0.0
u_14479,0.04251754948586478,81,0.0,0.787,0.0
u_14480,0.0,-1,0.0,,
u_14481,0.08285071407234952,1940,0.0,0.787,0.0
u_14482,0.0,-1,0.0,,
u_14483,0.0,-1,0.0,,
u_14484,0.0032233644443252964,2998,0.0,0.03,0.0
u_14485,0.0,-1,0.0,,
u_14486,0.0,-1,0.0,,
u_14487,0.0,-1,0.0,,
u_14488,0.0,-1,0.0,,
u_14489,0.0,-1,0.0,,
u_14490,0.0,-1,0.0,,
u_14491,0.006545415460898887,964,0.0,0.121,0.0
u_14492,0.0,-1,0.0,,
u_14493,0.0,-1,0.0,,
u_14494,0.043034914056465874,2404,0.0,0.787,0.0
u_14495,0.0,-1,0.0,,
u_14496,0.0,-1,0.0,,
u_14497,0.043034914056465874,5082,0.0,0.787,0.0
u_14498,0.0,-1,0.0,,
u_14499,0.08417531978986129,3001,0.0,0.787,0.0
u_14500,0.039888591732615226,4149,0.0,0.787,0.0
u_14501,0.0,-1,0.0,,
u_14502,0.0,-1,0.0,,
u_14503,0.0,-1,0.0,,
u_14504,0.0,-1,0.0,,
u_14505,0.0,-1,0.0,,
u_14506,0.0,-1,0.0,,
u_14507,0.0,-1,0.0,,
u_14508,0.0,-1,0.0,,
u_14509,0.006229189685522115,3313,0.0,0.058,0.0
u_14510,0.0,-1,0.0,,
u_14511,0.09870322632209394,2166,0.0,0.943,0.0
u_14512,0.0,-1,0.0,,
u_14513,0.043034914056465874,5199,0.0,0.787,0.0
u_14514,0.0,-1,0.0,,
u_14515,0.08566220109955547,2975,0.0,0.801,0.0
u_14516,0.0,-1,0.0,,
u_14517,0.0,-1,0.0,,
u_14518,0.0,-1,0.0,,
u_14519,0.043034914056465874,15,0.0,0.787,0.0
u_14520,0.043034914056465874,6038,0.0,0.787,0.0
u_14521,0.0,-1,0.0,,
u_14522,0.0,-1,0.0,,
u_14523,0.042818386279349,83,0.0,0.787,0.0
u_14524,0.043034914056465874,146,0.0,0.787,0.0
u_14525,0.0,-1,0.0,,
u_14526,0.0,-1,0.0,,
u_14527,0.00011477577442991715,1114,0.0,0.002,0.0
u_14528,0.0,-1,0.0,,
u_14529,0.0,-1,0.0,,
u_14530,0.0,-1,0.0,,
u_14531,0.043034914056465874,4243,0.0,0.787,0.0
u_14532,0.0,-1,0.0,,
u_14533,0.0006249935119608609,1910,0.0,0.006,0.0
u_14534,0.003911433299352831,1066,0.0,0.025,0.0
u_14535,0.0,-1,0.0,,
u_14536,0.0,-1,0.0,,
u_14537,0.043034914056465874,188,0.0,0.787,0.0
u_14538,0.0,-1,0.0,,
u_14539,0.0,-1,0.0,,
u_14540,0.002140798826456519,3120,0.0,0.039,0.0
u_14541,0.043034914056465874,934,0.0,0.787,0.0
u_14542,0.0002918316584156772,1859,0.0,0.005,0.0
u_14543,0.041860662793260485,2271,0.0,0.787,0.0
u_14544,0.0,-1,0.0,,
u_14545,0.0,-1,0.0,,
u_14546,0.0,-1,0.0,,
u_14547,0.0,-1,0.0,,
u_14548,0.0,-1,0.0,,
u_14549,0.0,-1,0.0,,
u_14550,0.0,-1,0.0,,
u_14551,0.0,-1,0.0,,
u_14552,0.0,-1,0.0,,
u_14553,0.006736402995937741,3415,0.0,0.063,0.0
u_14554,0.015307369817783502,902,0.0,0.287,0.0
u_14555,0.043034914056465874,3022,0.0,0.787,0.0
u_14556,0.003218086814652805,169,0.0,0.062,0.0
u_14557,0.04341645843559228,4572,0.0,0.787,0.0
u_14558,0.0,-1,0.0,,
u_14559,0.0,-1,0.0,,
u_14560,0.012464368482857613,4083,0.0,0.228,0.0
u_14561,0.043034914056465874,2468,0.0,0.787,0.0
u_14562,0.08452486081974345,2294,0.0,0.787,0.0
u_14563,0.0,-1,0.0,,
u_14564,0.0,-1,0.0,,
u_14565,0.08236982111605712,1958,0.0,0.787,0.0
u_14566,0.01286259346122825,4095,0.0,0.235,0.0
u_14567,0.01707415201841155,4205,0.0,0.312,0.0
u_14568,0.0036282761364260637,1039,0.0,0.034,0.0
u_14569,0.0,-1,0.0,,
u_14570,0.0,-1,0.0,,
u_14571,0.0,-1,0.0,,
u_14572,0.0,-1,0.0,,
u_14573,0.0,-1,0.0,,
u_14574,0.039889301239683844,2665,0.0,0.787,0.0
u_14575,0.002601254664187618,3152,0.0,0.048,0.0
u_14576,0.0,-1,0.0,,
u_14577,0.004609334778268835,3573,0.0,0.084,0.0
u_14578,0.028464509096704387,4457,0.0,0.52,0.0
u_14579,0.0,-1,0.0,,
u_14580,0.03988746873087178,3457,0.0,0.787,0.0
u_14581,0.08356897456459801,797,0.0,0.787,0.0
u_14582,0.0,-1,0.0,,
u_14583,0.010330330506620702,4005,0.0,0.189,0.0
u_14584,0.002401014797195631,1972,0.0,0.011,0.0
u_14585,0.0,-1,0.0,,
u_14586,0.0007309274352965402,2482,0.0,0.013,0.0
u_14587,0.0,-1,0.0,,
u_14588,0.0,-1,0.0,,
u_14589,0.08247585296931534,2167,0.0,0.787,0.0
u_14590,0.028781918731381775,4461,0.0,0.526,0.0
u_14591,0.0,-1,0.0,,
u_14592,0.0,-1,0.0,,
u_14593,0.04122785561661154,176,0.0,0.787,0.0
u_14594,0.03988846202546524,277,0.0,0.787,0.0
u_14595,0.0403530158210619,670,0.0,0.787,0.0
u_14596,0.005359452137807441,840,0.0,0.049,0.0
u_14597,0.043034914056465874,5200,0.0,0.787,0.0
u_14598,0.0,-1,0.0,,
u_14599,0.0,-1,0.0,,
u_14600,0.0,-1,0.0,,
u_14601,0.0402593464862409,1043,0.0,0.787,0.0
u_14602,0.0,-1,0.0,,
u_14603,0.018547984757116092,4246,0.0,0.339,0.0
u_14604,0.0,-1,0.0,,
u_14605,0.0008586195504418096,2575,0.0,0.016,0.0
u_14606,0.0,-1,0.0,,
u_14607,0.004331899233787499,2359,0.0,0.021,0.0
u_14608,0.0,-1,0.0,,
u_14609,0.0,-1,0.0,,
u_14610,0.0,-1,0.0,,
u_14611,0.0,-1,0.0,,
u_14612,0.0,-1,0.0,,
u_14613,8.466358516379006e-05,848,0.0,0.002,0.0
u_14614,0.0,-1,0.0,,
u_14615,0.0,-1,0.0,,
u_14616,7.024825285620772e-05,658,0.0,0.001,0.0
u_14617,0.0,-1,0.0,,
u_14618,0.00666030049845828,3572,0.0,0.123,0.0
u_14619,0.0,-1,0.0,,
u_14620,7.185601038104455e-05,168,0.0,0.001,0.0
u_14621,0.0,-1,0.0,,
u_14622,0.08236843303300974,3617,0.0,0.787,0.0
u_14623,0.007516690221482908,2950,0.0,0.139,0.0
u_14624,0.0,-1,0.0,,
u_14625,0.0,-1,0.0,,
u_14626,0.04044003273586352,2992,0.0,0.787,0.0
u_14627,0.043034914056465874,216,0.0,0.787,0.0
u_14628,0.040823456802211666,1371,0.0,0.787,0.0
u_14629,0.0,-1,0.0,,
u_14630,0.0,-1,0.0,,
u_14631,8.397896545981782e-05,621,0.0,0.002,0.0
u_14632,0.00028346233809403395,1819,0.0,0.005,0.0
u_14633,0.0,-1,0.0,,
u_14634,0.0,-1,0.0,,
u_14635,0.0,-1,0.0,,
u_14636,0.0,-1,0.0,,
u_14637,0.0,-1,0.0,,
u_14638,0.0,-1,0.0,,
u_14639,0.0002450801458088178,254,0.0,0.002,0.0
u_14640,0.0,-1,0.0,,
u_14641,0.0,-1,0.0,,
u_14642,0.0,-1,0.0,,
u_14643,0.0,-1,0.0,,
u_14644,0.0,-1,0.0,,
u_14645,0.0,-1,0.0,,
u_14646,0.08462545055554445,1703,0.0,0.787,0.0
u_14647,0.0,-1,0.0,,
u_14648,0.0012792638959512885,49,0.0,0.025,0.0
u_14649,0.04060750018004297,313,0.0,0.787,0.0
u_14650,0.0,-1,0.0,,
u_14651,0.043034914056465874,5201,0.0,0.787,0.0
u_14652,0.0,-1,0.0,,
u_14653,0.08237244283939194,1975,0.0,0.787,0.0
u_14654,0.0,-1,0.0,,
u_14655,0.0,-1,0.0,,
u_14656,0.00022156749363558368,1652,0.0,0.004,0.0
u_14657,0.08236569817076145,376,0.0,0.787,0.0
u_14658,0.0038519424024469184,3452,0.0,0.067,0.0
u_14659,0.0,-1,0.0,,
u_14660,0.0,-1,0.0,,
u_14661,0.0,-1,0.0,,
u_14662,0.0,-1,0.0,,
u_14663,0.00993278860801798,742,0.0,0.193,0.0
u_14664,0.043034914056465874,4155,0.0,0.787,0.0
u_14665,0.0009339057835219841,1674,0.0,0.009,0.0
u_14666,0.0,-1,0.0,,
u_14667,0.043034914056465874,5202,0.0,0.787,0.0
u_14668,0.0,-1,0.0,,
u_14669,0.042130407716432006,5571,0.0,0.787,0.0
u_14670,0.0,-1,0.0,,
u_14671,0.0,-1,0.0,,
u_14672,0.043034914056465874,5203,0.0,0.787,0.0
u_14673,0.0,-1,0.0,,
u_14674,0.0,-1,0.0,,
u_14675,0.043034914056465874,5204,0.0,0.787,0.0
u_14676,0.043034914056465874,2439,0.0,0.787,0.0
u_14677,0.0,-1,0.0,,
u_14678,0.0,-1,0.0,,
u_14679,0.043034914056465874,5205,0.0,0.787,0.0
u_14680,0.0,-1,0.0,,
u_14681,0.0,-1,0.0,,
u_14682,0.05007619535132659,33,0.0,0.316,0.0
u_14683,0.0,-1,0.0,,
u_14684,0.0,-1,0.0,,
u_14685,0.0,-1,0.0,,
u_14686,0.0,-1,0.0,,
u_14687,0.0,-1,0.0,,
u_14688,0.0,-1,0.0,,
u_14689,0.0,-1,0.0,,
u_14690,0.0,-1,0.0,,
u_14691,0.0,-1,0.0,,
u_14692,0.0,-1,0.0,,
u_14693,4.565220070389113e-05,151,0.0,0.001,0.0
u_14694,0.0,-1,0.0,,
u_14695,0.0,-1,0.0,,
u_14696,0.0,-1,0.0,,
u_14697,0.0,-1,0.0,,
u_14698,0.0003678680305439775,2023,0.0,0.007,0.0
u_14699,0.0,-1,0.0,,
u_14700,0.04020245738297803,1218,0.0,0.787,0.0
u_14701,0.00014613813892488844,1381,0.0,0.003,0.0
u_14702,0.0,-1,0.0,,
u_14703,0.0,-1,0.0,,
u_14704,0.04182236034870203,2877,0.0,0.787,0.0
u_14705,0.0,-1,0.0,,
u_14706,0.0,-1,0.0,,
u_14707,0.0,-1,0.0,,
u_14708,0.043034914056465874,5206,0.0,0.787,0.0
u_14709,0.0,-1,0.0,,
u_14710,0.043034914056465874,6039,0.0,0.787,0.0
u_14711,0.0,-1,0.0,,
u_14712,0.0,-1,0.0,,
u_14713,0.0,-1,0.0,,
u_14714,0.0,-1,0.0,,
u_14715,0.0,-1,0.0,,
u_14716,0.019384436044201352,2176,0.0,0.358,0.0
u_14717,0.0015613507658390575,327,0.0,0.014,0.0
u_14718,0.0,-1,0.0,,
u_14719,0.0,-1,0.0,,
u_14720,0.0,-1,0.0,,
u_14721,0.0,-1,0.0,,
u_14722,0.0,-1,0.0,,
u_14723,0.0,-1,0.0,,
u_14724,0.0,-1,0.0,,
u_14725,0.0,-1,0.0,,
u_14726,0.0,-1,0.0,,
u_14727,0.0,-1,0.0,,
u_14728,0.0,-1,0.0,,
u_14729,0.0,-1,0.0,,
u_14730,0.0,-1,0.0,,
u_14731,0.04050644091589576,1788,0.0,0.787,0.0
u_14732,0.043034914056465874,884,0.0,0.787,0.0
u_14733,0.001037586728686397,2695,0.0,0.019,0.0
u_14734,0.0,-1,0.0,,
u_14735,0.001472852550403055,2932,0.0,0.027,0.0
u_14736,0.028712004081115763,4446,0.0,0.509,0.0
u_14737,0.0,-1,0.0,,
u_14738,0.043034914056465874,6040,0.0,0.787,0.0
u_14739,0.042130407716432006,5219,0.0,0.787,0.0
u_14740,0.0004609888203556549,222,0.0,0.004,0.0
u_14741,0.0,-1,0.0,,
u_14742,0.0,-1,0.0,,
u_14743,0.0,-1,0.0,,
u_14744,0.0,-1,0.0,,
u_14745,0.0,-1,0.0,,
u_14746,0.0,-1,0.0,,
u_14747,0.0022598167258936256,3118,0.0,0.039,0.0
u_14748,0.009546318992078579,3964,0.0,0.174,0.0
u_14749,0.0,-1,0.0,,
u_14750,0.043034914056465874,6041,0.0,0.787,0.0
u_14751,0.0,-1,0.0,,
u_14752,0.0,-1,0.0,,
u_14753,0.0,-1,0.0,,
u_14754,0.04057783311624866,1621,0.0,0.787,0.0
u_14755,0.0,-1,0.0,,
u_14756,0.0,-1,0.0,,
u_14757,0.0,-1,0.0,,
u_14758,0.0,-1,0.0,,
u_14759,0.0,-1,0.0,,
u_14760,0.04045656999324563,42,0.0,0.787,0.0
u_14761,0.0,-1,0.0,,
u_14762,0.0,-1,0.0,,
u_14763,0.0,-1,0.0,,
u_14764,0.005218553620689641,3645,0.0,0.095,0.0
u_14765,0.0,-1,0.0,,
u_14766,0.0,-1,0.0,,
u_14767,0.0,-1,0.0,,
u_14768,0.0,-1,0.0,,
u_14769,0.0020202281396520926,3096,0.0,0.037,0.0
u_14770,0.00010120141550320004,1031,0.0,0.002,0.0
u_14771,0.043034914056465874,3460,0.0,0.787,0.0
u_14772,0.0,-1,0.0,,
u_14773,0.0,-1,0.0,,
u_14774,0.0,-1,0.0,,
u_14775,0.0,-1,0.0,,
u_14776,0.0,-1,0.0,,
u_14777,0.0,-1,0.0,,
u_14778,0.0,-1,0.0,,
u_14779,0.0,-1,0.0,,
u_14780,0.014715974077782053,4142,0.0,0.269,0.0
u_14781,0.0011127848288265921,2735,0.0,0.02,0.0
u_14782,0.00019181001292324778,1545,0.0,0.004,0.0
u_14783,0.0,-1,0.0,,
u_14784,0.0,-1,0.0,,
u_14785,0.0,-1,0.0,,
u_14786,0.0,-1,0.0,,
u_14787,0.00012667196662458918,1191,0.0,0.002,0.0
u_14788,0.0796330111759242,1408,0.0,0.787,0.0
u_14789,8.456360894106905e-05,819,0.0,0.001,0.0
u_14790,0.043034914056465874,4967,0.0,0.787,0.0
u_14791,0.043074237700524036,599,0.0,0.274,0.0
u_14792,0.0,-1,0.0,,
u_14793,0.0,-1,0.0,,
u_14794,0.043034914056465874,5207,0.0,0.787,0.0
u_14795,0.0,-1,0.0,,
u_14796,0.0,-1,0.0,,
u_14797,0.0,-1,0.0,,
u_14798,0.0,-1,0.0,,
u_14799,0.04130068201601037,307,0.0,0.787,0.0
u_14800,0.043034914056465874,5208,0.0,0.787,0.0
u_14801,0.043034914056465874,3473,0.0,0.787,0.0
u_14802,0.0,-1,0.0,,
u_14803,0.00012519835742963955,1194,0.0,0.002,0.0
u_14804,0.0,-1,0.0,,
u_14805,0.0,-1,0.0,,
u_14806,0.0,-1,0.0,,
u_14807,0.0,-1,0.0,,
u_14808,0.0,-1,0.0,,
u_14809,0.0,-1,0.0,,
u_14810,0.0398885987805123,4674,0.0,0.787,0.0
u_14811,0.03412563796332597,349,0.0,0.649,0.0
u_14812,0.07963064269201367,2107,0.0,0.787,0.0
u_14813,0.0,-1,0.0,,
u_14814,0.0,-1,0.0,,
u_14815,0.0,-1,0.0,,
u_14816,0.043034914056465874,6042,0.0,0.787,0.0
u_14817,0.0,-1,0.0,,
u_14818,0.043034914056465874,5209,0.0,0.787,0.0
u_14819,0.0,-1,0.0,,
u_14820,0.0,-1,0.0,,
u_14821,0.043034914056465874,5210,0.0,0.787,0.0
u_14822,0.0,-1,0.0,,
u_14823,0.0,-1,0.0,,
u_14824,0.08236630710979355,5905,0.0,0.787,0.0
u_14825,0.043034914056465874,5211,0.0,0.787,0.0
u_14826,0.0,-1,0.0,,
u_14827,0.0,-1,0.0,,
u_14828,0.0,-1,0.0,,
u_14829,0.0,-1,0.0,,
u_14830,0.0,-1,0.0,,
u_14831,0.044465590806700386,3261,0.0,0.408,0.0
u_14832,0.0,-1,0.0,,
u_14833,0.0,-1,0.0,,
u_14834,0.0,-1,0.0,,
u_14835,0.043034914056465874,3880,0.0,0.787,0.0
u_14836,0.0,-1,0.0,,
u_14837,0.0,-1,0.0,,
u_14838,0.0,-1,0.0,,
u_14839,0.0,-1,0.0,,
u_14840,0.043034914056465874,6043,0.0,0.787,0.0
u_14841,0.04345894475084012,1696,0.0,0.787,0.0
u_14842,0.08236630710979355,6044,0.0,0.787,0.0
u_14843,0.00011183125257654436,22,0.0,0.001,0.0
u_14844,0.0,-1,0.0,,
u_14845,0.0,-1,0.0,,
u_14846,0.0161439606683243,55,0.0,0.29,0.0
u_14847,0.0,-1,0.0,,
u_14848,0.00013343903009592893,1244,0.0,0.002,0.0
u_14849,0.043034914056465874,6004,0.0,0.787,0.0
u_14850,0.041844043137056024,4626,0.0,0.765,0.0
u_14851,0.0,-1,0.0,,
u_14852,0.04570682292401653,1203,0.0,0.787,0.0
u_14853,0.043034914056465874,4929,0.0,0.787,0.0
u_14854,0.007115490933140559,162,0.0,0.067,0.0
u_14855,0.0,-1,0.0,,
u_14856,0.043034914056465874,5212,0.0,0.787,0.0
u_14857,0.0,-1,0.0,,
u_14858,0.0,-1,0.0,,
u_14859,0.0,-1,0.0,,
u_14860,0.0,-1,0.0,,
u_14861,0.0430362410955835,2769,0.0,0.787,0.0
u_14862,0.043034914056465874,2757,0.0,0.787,0.0
u_14863,0.043034914056465874,6045,0.0,0.787,0.0
u_14864,0.0,-1,0.0,,
u_14865,0.039894789849508665,2664,0.0,0.787,0.0
u_14866,0.054121801546342205,4738,0.0,0.989,0.0
u_14867,0.0,-1,0.0,,
u_14868,0.0,-1,0.0,,
u_14869,0.04370084451367074,337,0.0,0.787,0.0
u_14870,0.043034914056465874,3857,0.0,0.787,0.0
u_14871,0.0,-1,0.0,,
u_14872,0.0,-1,0.0,,
u_14873,0.0,-1,0.0,,
u_14874,0.08541609189264499,676,0.0,0.787,0.0
u_14875,0.0,-1,0.0,,
u_14876,0.0,-1,0.0,,
u_14877,0.043034914056465874,6025,0.0,0.787,0.0
u_14878,0.0,-1,0.0,,
u_14879,0.0,-1,0.0,,
u_14880,0.0,-1,0.0,,
u_14881,0.0,-1,0.0,,
u_14882,0.002274949715440412,3156,0.0,0.042,0.0
u_14883,0.08417531978986129,4931,0.0,0.787,0.0
u_14884,0.08027529653533562,1624,0.0,0.787,0.0
u_14885,0.0,-1,0.0,,
u_14886,0.0,-1,0.0,,
u_14887,0.0,-1,0.0,,
u_14888,0.0027211965218979194,3263,0.0,0.05,0.0
u_14889,0.0,-1,0.0,,
u_14890,0.043034914056465874,5213,0.0,0.787,0.0
u_14891,0.08183540904017855,1989,0.0,0.787,0.0
u_14892,0.0,-1,0.0,,
u_14893,0.08236630710979355,5936,0.0,0.787,0.0
u_14894,0.0,-1,0.0,,
u_14895,0.043034914056465874,4609,0.0,0.787,0.0
u_14896,0.08440608454180433,1235,0.0,0.806,0.0
u_14897,0.041175825807410756,1616,0.0,0.787,0.0
u_14898,0.042130407716432006,5723,0.0,0.787,0.0
u_14899,0.0,-1,0.0,,
u_14900,0.043034914056465874,1211,0.0,0.787,0.0
u_14901,0.0,-1,0.0,,
u_14902,0.043711545260463024,1109,0.0,0.787,0.0
u_14903,0.043034914056465874,3502,0.0,0.787,0.0
u_14904,0.00026961751543149993,65,0.0,0.003,0.0
u_14905,0.0,-1,0.0,,
u_14906,0.0,-1,0.0,,
u_14907,0.0,-1,0.0,,
u_14908,0.0,-1,0.0,,
u_14909,0.0414733942118495,1018,0.0,0.787,0.0
u_14910,0.0008978126597988665,1149,0.0,0.017,0.0
u_14911,0.0,-1,0.0,,
u_14912,0.04383565365898134,446,0.0,0.787,0.0
u_14913,0.00013150533788889804,1233,0.0,0.002,0.0
u_14914,0.0,-1,0.0,,
u_14915,0.0,-1,0.0,,
u_14916,0.0,-1,0.0,,
u_14917,0.0,-1,0.0,,
u_14918,0.0004172710298003473,87,0.0,0.004,0.0
u_14919,0.0,-1,0.0,,
u_14920,0.039887455567532565,297,0.0,0.787,0.0
u_14921,0.043034914056465874,3943,0.0,0.787,0.0
u_14922,0.0,-1,0.0,,
u_14923,0.0,-1,0.0,,
u_14924,0.0,-1,0.0,,
u_14925,0.0,-1,0.0,,
u_14926,0.041053565139704665,1904,0.0,0.787,0.0
u_14927,0.0,-1,0.0,,
u_14928,0.01868501549257088,295,0.0,0.071,0.0
u_14929,0.02245943659571439,797,0.0,0.218,0.0
u_14930,0.0,-1,0.0,,
u_14931,0.0,-1,0.0,,
u_14932,0.0,-1,0.0,,
u_14933,0.0,-1,0.0,,
u_14934,0.0,-1,0.0,,
u_14935,0.008519773860125082,254,0.0,0.162,0.0
u_14936,0.0,-1,0.0,,
u_14937,0.0,-1,0.0,,
u_14938,0.0,-1,0.0,,
u_14939,0.002312554454727578,2267,0.0,0.043,0.0
u_14940,0.0,-1,0.0,,
u_14941,0.0,-1,0.0,,
u_14942,0.0,-1,0.0,,
u_14943,0.0,-1,0.0,,
u_14944,0.0,-1,0.0,,
u_14945,0.000330857612520391,1924,0.0,0.006,0.0
u_14946,0.0,-1,0.0,,
u_14947,0.000548061399664233,1828,0.0,0.005,0.0
u_14948,0.0,-1,0.0,,
u_14949,0.0001322536243762109,641,0.0,0.001,0.0
u_14950,0.0,-1,0.0,,
u_14951,0.06011393319610143,2174,0.0,0.581,0.0
u_14952,0.010714329046279612,4017,0.0,0.196,0.0
u_14953,0.0,-1,0.0,,
u_14954,0.043034914056465874,2740,0.0,0.787,0.0
u_14955,0.043034914056465874,5214,0.0,0.787,0.0
u_14956,0.043034914056465874,5215,0.0,0.787,0.0
u_14957,7.696858924956257e-05,771,0.0,0.001,0.0
u_14958,0.0,-1,0.0,,
u_14959,0.0,-1,0.0,,
u_14960,0.0,-1,0.0,,
u_14961,0.0,-1,0.0,,
u_14962,0.04212034387708362,89,0.0,0.787,0.0
u_14963,0.043034914056465874,2892,0.0,0.787,0.0
u_14964,0.04290233648655141,264,0.0,0.787,0.0
u_14965,0.043034914056465874,5216,0.0,0.787,0.0
u_14966,0.0,-1,0.0,,
u_14967,0.0,-1,0.0,,
u_14968,0.0,-1,0.0,,
u_14969,0.0,-1,0.0,,
u_14970,0.043034914056465874,6046,0.0,0.787,0.0
u_14971,0.0,-1,0.0,,
u_14972,0.03989059386934531,81,0.0,0.787,0.0
u_14973,0.0,-1,0.0,,
u_14974,0.0,-1,0.0,,
u_14975,0.0,-1,0.0,,
u_14976,0.0,-1,0.0,,
u_14977,0.0,-1,0.0,,
u_14978,0.0,-1,0.0,,
u_14979,0.03988777034468358,89,0.0,0.787,0.0
u_14980,0.011489484793241599,2386,0.0,0.21,0.0
u_14981,0.0,-1,0.0,,
u_14982,0.0,-1,0.0,,
u_14983,5.402450450842015e-05,369,0.0,0.001,0.0
u_14984,0.0,-1,0.0,,
u_14985,0.0,-1,0.0,,
u_14986,0.0,-1,0.0,,
u_14987,0.0,-1,0.0,,
u_14988,0.0,-1,0.0,,
u_14989,0.012973453934166615,1321,0.0,0.121,0.0
u_14990,0.08403030676363486,168,0.0,0.787,0.0
u_14991,0.043034914056465874,5922,0.0,0.787,0.0
u_14992,0.0,-1,0.0,,
u_14993,0.0,-1,0.0,,
u_14994,0.043034914056465874,5217,0.0,0.787,0.0
u_14995,0.0,-1,0.0,,
u_14996,0.043034914056465874,5218,0.0,0.787,0.0
u_14997,0.0,-1,0.0,,
u_14998,0.03988789203654395,593,0.0,0.787,0.0
u_14999,0.0,-1,0.0,,
u_15000,0.04003987491252096,225,0.0,0.787,0.0
u_15001,0.0,-1,0.0,,
u_15002,0.0,-1,0.0,,
u_15003,0.08443583763303164,1802,0.0,0.787,0.0
u_15004,0.08417531978986129,5219,0.0,0.787,0.0
u_15005,0.0007295046357252221,2514,0.0,0.014,0.0
u_15006,0.0,-1,0.0,,
u_15007,0.0,-1,0.0,,
u_15008,0.0,-1,0.0,,
u_15009,0.0022736563291156685,804,0.0,0.042,0.0
u_15010,0.040085733578888366,1179,0.0,0.787,0.0
u_15011,0.0,-1,0.0,,
u_15012,0.0,-1,0.0,,
u_15013,0.0,-1,0.0,,
u_15014,0.0,-1,0.0,,
u_15015,0.0037952556377450885,492,0.0,0.036,0.0
u_15016,0.12066451313287684,960,0.0,0.787,0.0
u_15017,0.0,-1,0.0,,
u_15018,0.0,-1,0.0,,
u_15019,0.08236630710979355,5220,0.0,0.787,0.0
u_15020,0.0,-1,0.0,,
u_15021,0.0,-1,0.0,,
u_15022,0.07158166245810921,1414,0.0,0.459,0.0
u_15023,0.043034914056465874,4250,0.0,0.787,0.0
u_15024,0.04058116349818554,1426,0.0,0.787,0.0
u_15025,0.08551358693167999,1467,0.0,0.787,0.0
u_15026,0.0,-1,0.0,,
u_15027,0.0,-1,0.0,,
u_15028,0.0,-1,0.0,,
u_15029,0.0,-1,0.0,,
u_15030,0.010416855571953954,4015,0.0,0.195,0.0
u_15031,0.002136853941908255,93,0.0,0.042,0.0
u_15032,0.0,-1,0.0,,
u_15033,0.0,-1,0.0,,
u_15034,0.0,-1,0.0,,
u_15035,0.0,-1,0.0,,
u_15036,0.04007232325244,176,0.0,0.787,0.0
u_15037,0.043034914056465874,3359,0.0,0.787,0.0
u_15038,0.0,-1,0.0,,
u_15039,0.03988825177480072,729,0.0,0.787,0.0
u_15040,0.0,-1,0.0,,
u_15041,0.0,-1,0.0,,
u_15042,0.0,-1,0.0,,
u_15043,0.00011316081954631144,1130,0.0,0.002,0.0
u_15044,0.0,-1,0.0,,
u_15045,0.0,-1,0.0,,
u_15046,0.000478134801866003,2201,0.0,0.009,0.0
u_15047,0.0,-1,0.0,,
u_15048,0.0,-1,0.0,,
u_15049,0.043034914056465874,6047,0.0,0.787,0.0
u_15050,0.0,-1,0.0,,
u_15051,0.0,-1,0.0,,
u_15052,0.0,-1,0.0,,
u_15053,0.0,-1,0.0,,
u_15054,0.043034914056465874,5902,0.0,0.787,0.0
u_15055,0.043034914056465874,556,0.0,0.787,0.0
u_15056,0.0005846445216168775,2364,0.0,0.011,0.0
u_15057,0.043034914056465874,5221,0.0,0.787,0.0
u_15058,0.0,-1,0.0,,
u_15059,0.0,-1,0.0,,
u_15060,0.0,-1,0.0,,
u_15061,0.03989091441079071,3303,0.0,0.787,0.0
u_15062,0.039650008070483404,222,0.0,0.39,0.0
u_15063,0.0,-1,0.0,,
u_15064,0.043034914056465874,5222,0.0,0.787,0.0
u_15065,0.043034914056465874,2201,0.0,0.787,0.0
u_15066,0.0,-1,0.0,,
u_15067,0.008765669781442194,3918,0.0,0.16,0.0
u_15068,0.03989089548092264,2920,0.0,0.787,0.0
u_15069,0.009825185896280933,3963,0.0,0.174,0.0
u_15070,0.043034914056465874,5223,0.0,0.787,0.0
u_15071,0.0,-1,0.0,,
u_15072,0.0,-1,0.0,,
u_15073,0.0,-1,0.0,,
u_15074,0.0,-1,0.0,,
u_15075,0.0,-1,0.0,,
u_15076,0.0,-1,0.0,,
u_15077,0.01553960791707756,3577,0.0,0.145,0.0
u_15078,0.0002561114063826094,1745,0.0,0.005,0.0
u_15079,0.0,-1,0.0,,
u_15080,0.0,-1,0.0,,
u_15081,0.08779302311692529,3671,0.0,0.551,0.0
u_15082,0.0,-1,0.0,,
u_15083,0.0,-1,0.0,,
u_15084,0.043034914056465874,1988,0.0,0.787,0.0
u_15085,0.0,-1,0.0,,
u_15086,0.0,-1,0.0,,
u_15087,0.03582588596124017,1905,0.0,0.659,0.0
u_15088,0.0,-1,0.0,,
u_15089,0.0,-1,0.0,,
u_15090,0.0,-1,0.0,,
u_15091,0.0,-1,0.0,,
u_15092,0.0,-1,0.0,,
u_15093,0.08417531978986129,4641,0.0,0.787,0.0
u_15094,0.03402136418691562,3274,0.0,0.642,0.0
u_15095,0.0,-1,0.0,,
u_15096,0.0,-1,0.0,,
u_15097,0.026237369207745453,3168,0.0,0.254,0.0
u_15098,0.039896747902162494,759,0.0,0.787,0.0
u_15099,0.03308943218236159,4528,0.0,0.605,0.0
u_15100,0.0,-1,0.0,,
u_15101,0.0,-1,0.0,,
u_15102,0.0,-1,0.0,,
u_15103,0.043034914056465874,655,0.0,0.787,0.0
u_15104,0.04197991082842917,439,0.0,0.787,0.0
u_15105,0.012929153753354159,4101,0.0,0.236,0.0
u_15106,0.0,-1,0.0,,
u_15107,0.0,-1,0.0,,
u_15108,0.008983966598951693,3929,0.0,0.164,0.0
u_15109,0.045002693192324444,1983,0.0,0.787,0.0
u_15110,0.0,-1,0.0,,
u_15111,0.04163075638330202,797,0.0,0.787,0.0
u_15112,0.08090998916962708,1309,0.0,0.787,0.0
u_15113,0.0,-1,0.0,,
u_15114,0.0,-1,0.0,,
u_15115,0.0006745133862835936,2431,0.0,0.012,0.0
u_15116,0.0,-1,0.0,,
u_15117,0.00013892644792041318,675,0.0,0.001,0.0
u_15118,0.009945222536615759,2258,0.0,0.174,0.0
u_15119,0.0,-1,0.0,,
u_15120,0.0,-1,0.0,,
u_15121,0.00015222329412776454,1364,0.0,0.003,0.0
u_15122,5.760672371797295e-05,494,0.0,0.001,0.0
u_15123,0.0010721321407853959,136,0.0,0.021,0.0
u_15124,0.0,-1,0.0,,
u_15125,0.03675145350199286,90,0.0,0.352,0.0
u_15126,0.0011260608019862364,2747,0.0,0.021,0.0
u_15127,0.0,-1,0.0,,
u_15128,0.0,-1,0.0,,
u_15129,0.0,-1,0.0,,
u_15130,0.043034914056465874,3100,0.0,0.787,0.0
u_15131,0.0,-1,0.0,,
u_15132,0.04115144326166674,2999,0.0,0.787,0.0
u_15133,0.0028522054584439955,17,0.0,0.027,0.0
u_15134,0.08027483657657712,517,0.0,0.787,0.0
u_15135,0.0,-1,0.0,,
u_15136,0.006386399447162632,2060,0.0,0.041,0.0
u_15137,0.0,-1,0.0,,
u_15138,0.0,-1,0.0,,
u_15139,0.043034914056465874,291,0.0,0.787,0.0
u_15140,0.0,-1,0.0,,
u_15141,0.0,-1,0.0,,
u_15142,0.04057540206465068,3356,0.0,0.787,0.0
u_15143,0.0,-1,0.0,,
u_15144,0.0,-1,0.0,,
u_15145,0.0,-1,0.0,,
u_15146,0.00010580801537636029,485,0.0,0.002,0.0
u_15147,0.0,-1,0.0,,
u_15148,0.0,-1,0.0,,
u_15149,0.0,-1,0.0,,
u_15150,0.043034914056465874,6048,0.0,0.787,0.0
u_15151,0.0,-1,0.0,,
u_15152,0.042130407716432006,5275,0.0,0.787,0.0
u_15153,0.0,-1,0.0,,
u_15154,0.0,-1,0.0,,
u_15155,0.0,-1,0.0,,
u_15156,0.0,-1,0.0,,
u_15157,0.0,-1,0.0,,
u_15158,0.0,-1,0.0,,
u_15159,0.04432121143311665,4647,0.0,0.81,0.0
u_15160,0.0,-1,0.0,,
u_15161,0.0,-1,0.0,,
u_15162,0.0,-1,0.0,,
u_15163,0.0,-1,0.0,,
u_15164,0.0,-1,0.0,,
u_15165,0.0,-1,0.0,,
u_15166,0.0,-1,0.0,,
u_15167,0.0,-1,0.0,,
u_15168,0.08551309969100279,2087,0.0,0.787,0.0
u_15169,0.039760894429637525,4430,0.0,0.756,0.0
u_15170,0.08237004856099835,1560,0.0,0.787,0.0
u_15171,0.0,-1,0.0,,
u_15172,0.0,-1,0.0,,
u_15173,0.0,-1,0.0,,
u_15174,0.0,-1,0.0,,
u_15175,0.0,-1,0.0,,
u_15176,0.0,-1,0.0,,
u_15177,0.0014607005591156764,176,0.0,0.027,0.0
u_15178,0.0,-1,0.0,,
u_15179,0.0,-1,0.0,,
u_15180,0.03989304527142632,1180,0.0,0.787,0.0
u_15181,0.0,-1,0.0,,
u_15182,0.0,-1,0.0,,
u_15183,0.0,-1,0.0,,
u_15184,0.0,-1,0.0,,
u_15185,0.0,-1,0.0,,
u_15186,0.0,-1,0.0,,
u_15187,0.0,-1,0.0,,
u_15188,0.0,-1,0.0,,
u_15189,0.03048424728159459,4480,0.0,0.54,0.0
u_15190,0.04436852466910259,4497,0.0,0.787,0.0
u_15191,0.11431436024783649,1908,0.0,0.723,0.0
u_15192,0.0,-1,0.0,,
u_15193,0.043034914056465874,4457,0.0,0.787,0.0
u_15194,0.08587021217526712,189,0.0,0.787,0.0
u_15195,0.0,-1,0.0,,
u_15196,0.0,-1,0.0,,
u_15197,0.039887868016892994,1490,0.0,0.787,0.0
u_15198,0.039888615267760864,1739,0.0,0.787,0.0
u_15199,0.0,-1,0.0,,
u_15200,0.040176893952863835,278,0.0,0.787,0.0
u_15201,0.04221424040796106,379,0.0,0.787,0.0
u_15202,0.03988893951665089,1829,0.0,0.787,0.0
u_15203,0.043034914056465874,4079,0.0,0.787,0.0
u_15204,0.0,-1,0.0,,
u_15205,0.0,-1,0.0,,
u_15206,0.0,-1,0.0,,
u_15207,0.018083711816956807,4239,0.0,0.331,0.0
u_15208,0.04480837363362398,3196,0.0,0.787,0.0
u_15209,0.0,-1,0.0,,
u_15210,0.0,-1,0.0,,
u_15211,0.042130407716432006,5224,0.0,0.787,0.0
u_15212,0.0,-1,0.0,,
u_15213,0.0,-1,0.0,,
u_15214,0.0,-1,0.0,,
u_15215,0.04281906282819572,972,0.0,0.787,0.0
u_15216,0.043034914056465874,5225,0.0,0.787,0.0
u_15217,0.043034914056465874,3937,0.0,0.787,0.0
u_15218,0.0,-1,0.0,,
u_15219,0.0,-1,0.0,,
u_15220,0.0,-1,0.0,,
u_15221,0.000131519722703567,377,0.0,0.002,0.0
u_15222,0.0,-1,0.0,,
u_15223,0.04435204562630083,256,0.0,0.787,0.0
u_15224,0.0,-1,0.0,,
u_15225,0.00019255439137941737,613,0.0,0.003,0.0
u_15226,0.0,-1,0.0,,
u_15227,0.00013821984693541123,266,0.0,0.003,0.0
u_15228,0.039887625922554355,61,0.0,0.787,0.0
u_15229,0.0,-1,0.0,,
u_15230,0.06809899170131399,217,0.0,0.669,0.0
u_15231,0.07962964285185976,173,0.0,0.787,0.0
u_15232,0.040571306035936346,889,0.0,0.787,0.0
u_15233,0.0,-1,0.0,,
u_15234,0.0,-1,0.0,,
u_15235,0.043034914056465874,2460,0.0,0.787,0.0
u_15236,0.0,-1,0.0,,
u_15237,0.0,-1,0.0,,
u_15238,0.0,-1,0.0,,
u_15239,0.0,-1,0.0,,
u_15240,0.000515352347005052,1624,0.0,0.01,0.0
u_15241,0.0,-1,0.0,,
u_15242,0.043034914056465874,5226,0.0,0.787,0.0
u_15243,0.04079356650493431,222,0.0,0.787,0.0
u_15244,0.0,-1,0.0,,
u_15245,0.0,-1,0.0,,
u_15246,0.0023791518516189597,3174,0.0,0.043,0.0
u_15247,0.0,-1,0.0,,
u_15248,0.0,-1,0.0,,
u_15249,0.0,-1,0.0,,
u_15250,0.0,-1,0.0,,
u_15251,0.00067528152400562,2433,0.0,0.012,0.0
u_15252,0.0,-1,0.0,,
u_15253,0.0,-1,0.0,,
u_15254,0.0,-1,0.0,,
u_15255,0.012221317883593739,218,0.0,0.079,0.0
u_15256,0.0,-1,0.0,,
u_15257,0.04135235739739153,161,0.0,0.787,0.0
u_15258,0.0,-1,0.0,,
u_15259,0.0,-1,0.0,,
u_15260,0.0,-1,0.0,,
u_15261,0.0,-1,0.0,,
u_15262,0.0,-1,0.0,,
u_15263,0.0,-1,0.0,,
u_15264,0.039889632786225475,576,0.0,0.787,0.0
u_15265,0.043034914056465874,5227,0.0,0.787,0.0
u_15266,0.0006554194371690882,1958,0.0,0.006,0.0
u_15267,0.05083473778431216,1503,0.0,0.475,0.0
u_15268,0.0001658819282059793,310,0.0,0.003,0.0
u_15269,0.08416857496068542,3554,0.0,0.787,0.0
u_15270,0.043034914056465874,3151,0.0,0.787,0.0
u_15271,0.0,-1,0.0,,
u_15272,0.0,-1,0.0,,
u_15273,0.0,-1,0.0,,
u_15274,0.0,-1,0.0,,
u_15275,0.0,-1,0.0,,
u_15276,0.043034914056465874,6049,0.0,0.787,0.0
u_15277,0.00017369294003279312,925,0.0,0.002,0.0
u_15278,0.0,-1,0.0,,
u_15279,0.040734278711919425,794,0.0,0.787,0.0
u_15280,0.043034914056465874,4585,0.0,0.787,0.0
u_15281,0.0,-1,0.0,,
u_15282,0.0006313860212625548,2381,0.0,0.012,0.0
u_15283,0.00145237084006088,1188,0.0,0.013,0.0
u_15284,0.0,-1,0.0,,
u_15285,0.0,-1,0.0,,
u_15286,0.00018443741877394057,1514,0.0,0.003,0.0
u_15287,0.04057178501986005,736,0.0,0.787,0.0
u_15288,0.009864031694091419,3980,0.0,0.18,0.0
u_15289,0.0,-1,0.0,,
u_15290,0.04304122108018818,1356,0.0,0.787,0.0
u_15291,0.0,-1,0.0,,
u_15292,0.041637026559430766,313,0.0,0.787,0.0
u_15293,0.04222235259239062,1410,0.0,0.787,0.0
u_15294,0.004195042978370885,3523,0.0,0.077,0.0
u_15295,0.043034914056465874,5228,0.0,0.787,0.0
u_15296,0.0,-1,0.0,,
u_15297,0.0,-1,0.0,,
u_15298,0.0,-1,0.0,,
u_15299,0.03453807857540415,4553,0.0,0.631,0.0
u_15300,0.06029085503964735,452,0.0,0.581,0.0
u_15301,0.0,-1,0.0,,
u_15302,0.043034914056465874,5229,0.0,0.787,0.0
u_15303,0.0,-1,0.0,,
u_15304,0.0,-1,0.0,,
u_15305,0.0,-1,0.0,,
u_15306,0.0,-1,0.0,,
u_15307,0.0,-1,0.0,,
u_15308,0.043034914056465874,3748,0.0,0.787,0.0
u_15309,0.018392253154990587,358,0.0,0.347,0.0
u_15310,0.043034914056465874,2932,0.0,0.787,0.0
u_15311,0.0,-1,0.0,,
u_15312,0.0,-1,0.0,,
u_15313,0.0,-1,0.0,,
u_15314,0.03988900853663369,1496,0.0,0.787,0.0
u_15315,0.003955078750974059,3487,0.0,0.072,0.0
u_15316,0.0,-1,0.0,,
u_15317,9.133058814519881e-05,168,0.0,0.002,0.0
u_15318,0.0,-1,0.0,,
u_15319,0.0,-1,0.0,,
u_15320,0.0,-1,0.0,,
u_15321,0.0,-1,0.0,,
u_15322,0.04014350831605915,982,0.0,0.787,0.0
u_15323,0.0,-1,0.0,,
u_15324,0.043034914056465874,4038,0.0,0.787,0.0
u_15325,0.0,-1,0.0,,
u_15326,0.0,-1,0.0,,
u_15327,0.0,-1,0.0,,
u_15328,0.0,-1,0.0,,
u_15329,0.04086902455840551,1443,0.0,0.787,0.0
u_15330,0.0,-1,0.0,,
u_15331,0.0,-1,0.0,,
u_15332,0.0,-1,0.0,,
u_15333,0.043034914056465874,4751,0.0,0.787,0.0
u_15334,0.0,-1,0.0,,
u_15335,0.0,-1,0.0,,
u_15336,0.0443695988793406,1383,0.0,0.787,0.0
u_15337,0.04306359669506408,1908,0.0,0.787,0.0
u_15338,0.04149160991932326,2789,0.0,0.787,0.0
u_15339,0.0,-1,0.0,,
u_15340,0.0,-1,0.0,,
u_15341,0.0,-1,0.0,,
u_15342,0.0,-1,0.0,,
u_15343,0.0,-1,0.0,,
u_15344,0.0,-1,0.0,,
u_15345,0.0,-1,0.0,,
u_15346,0.012311608426125744,4076,0.0,0.225,0.0
u_15347,0.0,-1,0.0,,
u_15348,0.04303041005911256,3941,0.0,0.787,0.0
u_15349,0.043034914056465874,4862,0.0,0.787,0.0
u_15350,0.013982193512281074,904,0.0,0.267,0.0
u_15351,0.043034914056465874,2260,0.0,0.787,0.0
u_15352,0.0,-1,0.0,,
u_15353,0.0,-1,0.0,,
u_15354,0.0,-1,0.0,,
u_15355,0.00011576679886120327,1138,0.0,0.002,0.0
u_15356,0.0,-1,0.0,,
u_15357,0.012723720371986033,475,0.0,0.117,0.0
u_15358,0.0,-1,0.0,,
u_15359,0.039889024136763436,4521,0.0,0.787,0.0
u_15360,0.0,-1,0.0,,
u_15361,0.0004939657417650321,2225,0.0,0.009,0.0
u_15362,0.043034914056465874,5852,0.0,0.787,0.0
u_15363,0.0,-1,0.0,,
u_15364,0.0,-1,0.0,,
u_15365,0.0,-1,0.0,,
u_15366,0.0,-1,0.0,,
u_15367,0.043034914056465874,5230,0.0,0.787,0.0
u_15368,0.0010366926704048168,2290,0.0,0.01,0.0
u_15369,0.0,-1,0.0,,
u_15370,0.00020298092143586816,1579,0.0,0.004,0.0
u_15371,0.04035520593279509,775,0.0,0.787,0.0
u_15372,0.0,-1,0.0,,
u_15373,0.0,-1,0.0,,
u_15374,0.043034914056465874,2831,0.0,0.787,0.0
u_15375,0.0,-1,0.0,,
u_15376,0.0,-1,0.0,,
u_15377,0.043034914056465874,6050,0.0,0.787,0.0
u_15378,0.0,-1,0.0,,
u_15379,0.08081578426084823,3328,0.0,0.787,0.0
u_15380,0.043034914056465874,5231,0.0,0.787,0.0
u_15381,0.018700253545338958,474,0.0,0.179,0.0
u_15382,0.0,-1,0.0,,
u_15383,0.0,-1,0.0,,
u_15384,0.0419789260477874,112,0.0,0.787,0.0
u_15385,0.0,-1,0.0,,
u_15386,0.0,-1,0.0,,
u_15387,0.0021679126725599007,313,0.0,0.021,0.0
u_15388,0.0,-1,0.0,,
u_15389,0.05553654675329402,4455,0.0,0.519,0.0
u_15390,0.0,-1,0.0,,
u_15391,0.0,-1,0.0,,
u_15392,0.043034914056465874,5232,0.0,0.787,0.0
u_15393,0.0,-1,0.0,,
u_15394,0.021807358203967023,74,0.0,0.417,0.0
u_15395,0.0,-1,0.0,,
u_15396,0.043034914056465874,4753,0.0,0.787,0.0
u_15397,0.0,-1,0.0,,
u_15398,0.007281814374030181,1894,0.0,0.136,0.0
u_15399,0.08417531978986129,4301,0.0,0.787,0.0
u_15400,0.0795891995036688,887,0.0,0.787,0.0
u_15401,7.445350658086797e-05,723,0.0,0.001,0.0
u_15402,0.0,-1,0.0,,
u_15403,0.03993407086892546,2696,0.0,0.787,0.0
u_15404,0.04321897088533015,625,0.0,0.787,0.0
u_15405,0.04365397581020984,854,0.0,0.787,0.0
u_15406,0.0,-1,0.0,,
u_15407,0.0,-1,0.0,,
u_15408,9.913416733974929e-05,1060,0.0,0.002,0.0
u_15409,0.08417531978986129,470,0.0,0.787,0.0
u_15410,0.0,-1,0.0,,
u_15411,0.0,-1,0.0,,
u_15412,0.0,-1,0.0,,
u_15413,0.0008231555494949454,856,0.0,0.015,0.0
u_15414,0.043034914056465874,284,0.0,0.787,0.0
u_15415,0.04207545846767806,358,0.0,0.761,0.0
u_15416,0.0,-1,0.0,,
u_15417,0.0,-1,0.0,,
u_15418,0.0,-1,0.0,,
u_15419,0.0,-1,0.0,,
u_15420,0.043034914056465874,3968,0.0,0.787,0.0
u_15421,0.043034914056465874,6051,0.0,0.787,0.0
u_15422,0.0,-1,0.0,,
u_15423,0.0,-1,0.0,,
u_15424,0.00021106541832141253,419,0.0,0.004,0.0
u_15425,0.0,-1,0.0,,
u_15426,0.0,-1,0.0,,
u_15427,0.0,-1,0.0,,
u_15428,0.043034914056465874,4590,0.0,0.787,0.0
u_15429,0.03435374542131008,1377,0.0,0.66,0.0
u_15430,0.011147424487994557,4034,0.0,0.204,0.0
u_15431,0.0,-1,0.0,,
u_15432,0.0,-1,0.0,,
u_15433,0.0,-1,0.0,,
u_15434,0.0011379000871198283,572,0.0,0.011,0.0
u_15435,0.0398887113890724,1537,0.0,0.787,0.0
u_15436,0.0,-1,0.0,,
u_15437,0.027009161637325748,131,0.0,0.248,0.0
u_15438,0.0,-1,0.0,,
u_15439,0.0,-1,0.0,,
u_15440,0.037601649940971885,931,0.0,0.694,0.0
u_15441,0.0,-1,0.0,,
u_15442,0.0,-1,0.0,,
u_15443,0.039887473935691316,678,0.0,0.787,0.0
u_15444,0.0,-1,0.0,,
u_15445,0.0,-1,0.0,,
u_15446,0.0,-1,0.0,,
u_15447,0.0,-1,0.0,,
u_15448,0.0,-1,0.0,,
u_15449,0.043034914056465874,215,0.0,0.787,0.0
u_15450,0.0,-1,0.0,,
u_15451,0.0,-1,0.0,,
u_15452,0.0,-1,0.0,,
u_15453,0.021765010803886584,320,0.0,0.199,0.0
u_15454,0.0,-1,0.0,,
u_15455,0.0,-1,0.0,,
u_15456,0.08417531978986129,4540,0.0,0.787,0.0
u_15457,0.043034914056465874,5233,0.0,0.787,0.0
u_15458,0.04154819383271257,670,0.0,0.787,0.0
u_15459,0.032074531886067216,3988,0.0,0.3,0.0
u_15460,0.001162608918706882,2777,0.0,0.021,0.0
u_15461,0.0,-1,0.0,,
u_15462,0.0,-1,0.0,,
u_15463,0.0005064877643114302,419,0.0,0.005,0.0
u_15464,0.12740673609771463,1624,0.0,0.787,0.0
u_15465,0.0,-1,0.0,,
u_15466,0.0,-1,0.0,,
u_15467,0.001070902747574997,2033,0.0,0.007,0.0
u_15468,0.0,-1,0.0,,
u_15469,0.0,-1,0.0,,
u_15470,0.0,-1,0.0,,
u_15471,0.0,-1,0.0,,
u_15472,0.0,-1,0.0,,
u_15473,0.0,-1,0.0,,
u_15474,0.0,-1,0.0,,
u_15475,0.0,-1,0.0,,
u_15476,0.0,-1,0.0,,
u_15477,0.0,-1,0.0,,
u_15478,0.0,-1,0.0,,
u_15479,0.0,-1,0.0,,
u_15480,0.03988812330841728,1947,0.0,0.787,0.0
u_15481,0.0,-1,0.0,,
u_15482,0.043034914056465874,5234,0.0,0.787,0.0
u_15483,0.0,-1,0.0,,
u_15484,0.03989112901300366,4275,0.0,0.787,0.0
u_15485,0.0,-1,0.0,,
u_15486,0.0,-1,0.0,,
u_15487,0.03989036872079212,4106,0.0,0.787,0.0
u_15488,0.0,-1,0.0,,
u_15489,0.00037763034204879565,2042,0.0,0.007,0.0
u_15490,0.043034914056465874,6052,0.0,0.787,0.0
u_15491,0.0,-1,0.0,,
u_15492,0.0,-1,0.0,,
u_15493,0.0,-1,0.0,,
u_15494,0.043034914056465874,6053,0.0,0.787,0.0
u_15495,0.0,-1,0.0,,
u_15496,0.0,-1,0.0,,
u_15497,0.0818958146074335,671,0.0,0.787,0.0
u_15498,0.043034914056465874,5235,0.0,0.787,0.0
u_15499,0.0029776393749443167,2214,0.0,0.028,0.0
u_15500,0.0,-1,0.0,,
u_15501,0.0,-1,0.0,,
u_15502,0.012323103529810621,1562,0.0,0.237,0.0
u_15503,0.0,-1,0.0,,
u_15504,0.010308237502467952,2884,0.0,0.095,0.0
u_15505,0.020302072497345888,4187,0.0,0.364,0.0
u_15506,0.0,-1,0.0,,
u_15507,0.0014953511012068565,2943,0.0,0.027,0.0
u_15508,0.0,-1,0.0,,
u_15509,0.0,-1,0.0,,
u_15510,0.043034914056465874,4258,0.0,0.787,0.0
u_15511,0.0005615632896280584,7,0.0,0.005,0.0
u_15512,0.0,-1,0.0,,
u_15513,0.0,-1,0.0,,
u_15514,0.0,-1,0.0,,
u_15515,0.0,-1,0.0,,
u_15516,0.024962124944573335,4386,0.0,0.456,0.0
u_15517,0.0826870490060789,1663,0.0,0.763,0.0
u_15518,0.0007463118628940919,2490,0.0,0.014,0.0
u_15519,0.043034914056465874,1909,0.0,0.787,0.0
u_15520,0.03988893756379682,1881,0.0,0.787,0.0
u_15521,0.0,-1,0.0,,
u_15522,0.043034914056465874,5236,0.0,0.787,0.0
u_15523,0.0,-1,0.0,,
u_15524,0.0,-1,0.0,,
u_15525,0.0,-1,0.0,,
u_15526,0.0034270612968268182,3409,0.0,0.063,0.0
u_15527,0.0,-1,0.0,,
u_15528,0.08698180695075777,168,0.0,0.82,0.0
u_15529,0.0,-1,0.0,,
u_15530,0.0,-1,0.0,,
u_15531,0.04094598416823167,1167,0.0,0.787,0.0
u_15532,0.0,-1,0.0,,
u_15533,0.013532045678849145,3789,0.0,0.242,0.0
u_15534,0.0,-1,0.0,,
u_15535,0.0011968549536767058,629,0.0,0.023,0.0
u_15536,0.0,-1,0.0,,
u_15537,0.0,-1,0.0,,
u_15538,0.0,-1,0.0,,
u_15539,0.040081180207352796,2630,0.0,0.787,0.0
u_15540,0.09288906761995176,1418,0.0,0.875,0.0
u_15541,0.0,-1,0.0,,
u_15542,0.00025400432165787937,1223,0.0,0.002,0.0
u_15543,0.0,-1,0.0,,
u_15544,0.043034914056465874,1795,0.0,0.787,0.0
u_15545,0.0,-1,0.0,,
u_15546,0.0,-1,0.0,,
u_15547,0.043034914056465874,5128,0.0,0.787,0.0
u_15548,0.0,-1,0.0,,
u_15549,0.08706386146605051,1144,0.0,0.825,0.0
u_15550,0.0,-1,0.0,,
u_15551,0.0,-1,0.0,,
u_15552,0.0,-1,0.0,,
u_15553,0.043034914056465874,3494,0.0,0.787,0.0
u_15554,0.0,-1,0.0,,
u_15555,0.0,-1,0.0,,
u_15556,0.009995195744326942,599,0.0,0.178,0.0
u_15557,0.0,-1,0.0,,
u_15558,0.04305672302037557,2445,0.0,0.787,0.0
u_15559,0.0,-1,0.0,,
u_15560,0.0,-1,0.0,,
u_15561,0.043034914056465874,5237,0.0,0.787,0.0
u_15562,0.0,-1,0.0,,
u_15563,0.0,-1,0.0,,
u_15564,0.0,-1,0.0,,
u_15565,0.0,-1,0.0,,
u_15566,0.0,-1,0.0,,
u_15567,0.0,-1,0.0,,
u_15568,0.043034914056465874,4761,0.0,0.787,0.0
u_15569,0.0,-1,0.0,,
u_15570,0.0,-1,0.0,,
u_15571,0.040002591060278876,409,0.0,0.787,0.0
u_15572,0.043034914056465874,6054,0.0,0.787,0.0
u_15573,0.0,-1,0.0,,
u_15574,0.0,-1,0.0,,
u_15575,0.08209556114021666,266,0.0,0.787,0.0
u_15576,0.0428821808980094,995,0.0,0.787,0.0
u_15577,0.0,-1,0.0,,
u_15578,0.0,-1,0.0,,
u_15579,0.0,-1,0.0,,
u_15580,0.0,-1,0.0,,
u_15581,0.0,-1,0.0,,
u_15582,0.0,-1,0.0,,
u_15583,0.04063498046649266,89,0.0,0.787,0.0
u_15584,5.328664564725403e-05,353,0.0,0.001,0.0
u_15585,0.0,-1,0.0,,
u_15586,0.004709928843140118,3184,0.0,0.044,0.0
u_15587,0.0,-1,0.0,,
u_15588,0.0,-1,0.0,,
u_15589,0.0,-1,0.0,,
u_15590,0.0,-1,0.0,,
u_15591,0.0,-1,0.0,,
u_15592,0.0,-1,0.0,,
u_15593,0.042130407716432006,5238,0.0,0.787,0.0
u_15594,0.043034914056465874,4875,0.0,0.787,0.0
u_15595,0.0,-1,0.0,,
u_15596,0.0,-1,0.0,,
u_15597,0.043034914056465874,4120,0.0,0.787,0.0
u_15598,0.0,-1,0.0,,
u_15599,0.0,-1,0.0,,
u_15600,0.042130407716432006,5114,0.0,0.787,0.0
u_15601,0.0,-1,0.0,,
u_15602,0.0,-1,0.0,,
u_15603,0.0003001728532283914,1856,0.0,0.005,0.0
u_15604,0.0,-1,0.0,,
u_15605,0.0,-1,0.0,,
u_15606,0.0,-1,0.0,,
u_15607,0.0,-1,0.0,,
u_15608,0.0,-1,0.0,,
u_15609,0.0,-1,0.0,,
u_15610,0.043034914056465874,5071,0.0,0.787,0.0
u_15611,0.0,-1,0.0,,
u_15612,0.0,-1,0.0,,
u_15613,0.0011962850799004993,2794,0.0,0.022,0.0
u_15614,0.0,-1,0.0,,
u_15615,0.0,-1,0.0,,
u_15616,0.08081578426084823,3328,0.0,0.787,0.0
u_15617,0.0,-1,0.0,,
u_15618,0.0,-1,0.0,,
u_15619,0.04208119015733709,1285,0.0,0.787,0.0
u_15620,0.0,-1,0.0,,
u_15621,0.044460254467262955,4649,0.0,0.813,0.0
u_15622,0.012252321765812686,2428,0.0,0.115,0.0
u_15623,0.08417531978986129,2162,0.0,0.787,0.0
u_15624,0.0,-1,0.0,,
u_15625,0.0,-1,0.0,,
u_15626,0.043034914056465874,4691,0.0,0.787,0.0
u_15627,0.0,-1,0.0,,
u_15628,0.0,-1,0.0,,
u_15629,0.0,-1,0.0,,
u_15630,0.14418023913694447,2128,0.0,0.95,0.0
u_15631,0.0,-1,0.0,,
u_15632,0.0,-1,0.0,,
u_15633,0.0,-1,0.0,,
u_15634,0.0,-1,0.0,,
u_15635,0.01078494388012181,4020,0.0,0.197,0.0
u_15636,0.0017604871938799714,385,0.0,0.016,0.0
u_15637,0.0,-1,0.0,,
u_15638,0.043286859881686096,3810,0.0,0.787,0.0
u_15639,0.0,-1,0.0,,
u_15640,0.0007665543781283177,1001,0.0,0.007,0.0
u_15641,0.0,-1,0.0,,
u_15642,0.0,-1,0.0,,
u_15643,0.045684107994731514,4353,0.0,0.427,0.0
u_15644,0.04437359778711987,3116,0.0,0.787,0.0
u_15645,0.043034914056465874,6055,0.0,0.787,0.0
u_15646,0.00018522629559386582,960,0.0,0.002,0.0
u_15647,0.0,-1,0.0,,
u_15648,0.0,-1,0.0,,
u_15649,0.0014633684930371314,2950,0.0,0.028,0.0
u_15650,0.0,-1,0.0,,
u_15651,0.0,-1,0.0,,
u_15652,0.00010202986548763968,307,0.0,0.001,0.0
u_15653,0.0,-1,0.0,,
u_15654,0.0,-1,0.0,,
u_15655,0.043254391412115206,321,0.0,0.787,0.0
u_15656,0.0,-1,0.0,,
u_15657,0.0,-1,0.0,,
u_15658,0.010085524838170925,371,0.0,0.062,0.0
u_15659,0.0,-1,0.0,,
u_15660,0.0,-1,0.0,,
u_15661,0.043034914056465874,6056,0.0,0.787,0.0
u_15662,0.042254441269788445,1205,0.0,0.787,0.0
u_15663,0.0,-1,0.0,,
u_15664,0.0,-1,0.0,,
u_15665,0.0,-1,0.0,,
u_15666,0.043034914056465874,5239,0.0,0.787,0.0
u_15667,0.0,-1,0.0,,
u_15668,0.0,-1,0.0,,
u_15669,0.039887581349117754,1354,0.0,0.787,0.0
u_15670,0.0,-1,0.0,,
u_15671,0.043034914056465874,3980,0.0,0.787,0.0
u_15672,0.08023894618118438,1377,0.0,0.787,0.0
u_15673,0.0,-1,0.0,,
u_15674,0.0,-1,0.0,,
u_15675,0.0,-1,0.0,,
u_15676,0.043034914056465874,6057,0.0,0.787,0.0
u_15677,0.0,-1,0.0,,
u_15678,0.0,-1,0.0,,
u_15679,0.043034914056465874,2094,0.0,0.787,0.0
u_15680,0.0,-1,0.0,,
u_15681,5.512837175964775e-05,420,0.0,0.001,0.0
u_15682,0.0,-1,0.0,,
u_15683,0.0,-1,0.0,,
u_15684,0.0007455866641117467,1381,0.0,0.007,0.0
u_15685,0.0,-1,0.0,,
u_15686,0.0,-1,0.0,,
u_15687,0.0,-1,0.0,,
u_15688,0.00444941060981158,3550,0.0,0.081,0.0
u_15689,0.0,-1,0.0,,
u_15690,0.0,-1,0.0,,
u_15691,0.0024577415365312242,438,0.0,0.024,0.0
u_15692,0.005811081438312644,3314,0.0,0.054,0.0
u_15693,0.0,-1,0.0,,
u_15694,0.0,-1,0.0,,
u_15695,0.0,-1,0.0,,
u_15696,0.0,-1,0.0,,
u_15697,0.0,-1,0.0,,
u_15698,0.043034914056465874,4206,0.0,0.787,0.0
u_15699,0.0,-1,0.0,,
u_15700,0.043034914056465874,5865,0.0,0.787,0.0
u_15701,0.005239949412552924,3253,0.0,0.049,0.0
u_15702,0.007748722428608517,1777,0.0,0.075,0.0
u_15703,0.04182939471602992,7,0.0,0.787,0.0
u_15704,0.0,-1,0.0,,
u_15705,0.0,-1,0.0,,
u_15706,0.0,-1,0.0,,
u_15707,0.0,-1,0.0,,
u_15708,0.0,-1,0.0,,
u_15709,0.03988946255895566,718,0.0,0.787,0.0
u_15710,0.041854545438923564,2446,0.0,0.787,0.0
u_15711,0.026592009114541588,1646,0.0,0.249,0.0
u_15712,0.0,-1,0.0,,
u_15713,0.0,-1,0.0,,
u_15714,0.0,-1,0.0,,
u_15715,0.0,-1,0.0,,
u_15716,0.0,-1,0.0,,
u_15717,0.0,-1,0.0,,
u_15718,0.03988947327811116,3212,0.0,0.787,0.0
u_15719,0.0,-1,0.0,,
u_15720,0.0,-1,0.0,,
u_15721,0.0,-1,0.0,,
u_15722,0.0,-1,0.0,,
u_15723,0.00022686560792405534,1684,0.0,0.004,0.0
u_15724,0.061593076428885014,3696,0.0,0.576,0.0
u_15725,0.04237302594959803,1125,0.0,0.787,0.0
u_15726,0.043034914056465874,5240,0.0,0.787,0.0
u_15727,0.043034914056465874,4271,0.0,0.787,0.0
u_15728,0.0,-1,0.0,,
u_15729,0.08551175860730377,718,0.0,0.787,0.0
u_15730,0.0,-1,0.0,,
u_15731,0.043034914056465874,1283,0.0,0.787,0.0
u_15732,0.005657569407484458,3675,0.0,0.103,0.0
u_15733,0.0,-1,0.0,,
u_15734,0.0,-1,0.0,,
u_15735,0.0,-1,0.0,,
u_15736,0.0,-1,0.0,,
u_15737,0.0,-1,0.0,,
u_15738,0.0,-1,0.0,,
u_15739,0.03988894940232953,1809,0.0,0.787,0.0
u_15740,0.0,-1,0.0,,
u_15741,0.0,-1,0.0,,
u_15742,0.0,-1,0.0,,
u_15743,0.0,-1,0.0,,
u_15744,0.0,-1,0.0,,
u_15745,0.0,-1,0.0,,
u_15746,0.00039461976774706137,2070,0.0,0.007,0.0
u_15747,0.0,-1,0.0,,
u_15748,0.00024308331484818786,1716,0.0,0.004,0.0
u_15749,0.003310703010468602,2581,0.0,0.065,0.0
u_15750,0.0862660435719675,1148,0.0,0.787,0.0
u_15751,0.0,-1,0.0,,
u_15752,0.0,-1,0.0,,
u_15753,0.043034914056465874,2832,0.0,0.787,0.0
u_15754,0.0,-1,0.0,,
u_15755,0.04170584058810484,127,0.0,0.787,0.0
u_15756,0.0,-1,0.0,,
u_15757,0.0,-1,0.0,,
u_15758,0.015907445745669966,4180,0.0,0.29,0.0
u_15759,0.08535942334380828,5,0.0,0.787,0.0
u_15760,0.0,-1,0.0,,
u_15761,0.043034914056465874,3046,0.0,0.787,0.0
u_15762,0.0,-1,0.0,,
u_15763,0.026265304027806764,1883,0.0,0.5,0.0
u_15764,0.0,-1,0.0,,
u_15765,0.043034914056465874,2307,0.0,0.787,0.0
u_15766,0.0,-1,0.0,,
u_15767,0.043034914056465874,3841,0.0,0.787,0.0
u_15768,0.0,-1,0.0,,
u_15769,0.043034914056465874,4779,0.0,0.787,0.0
u_15770,0.0,-1,0.0,,
u_15771,0.0,-1,0.0,,
u_15772,0.043034914056465874,5241,0.0,0.787,0.0
u_15773,0.0,-1,0.0,,
u_15774,0.0,-1,0.0,,
u_15775,0.0,-1,0.0,,
u_15776,0.1324597421273581,963,0.0,0.631,0.0
u_15777,0.0,-1,0.0,,
u_15778,0.0,-1,0.0,,
u_15779,0.12739251281429703,4687,0.0,0.787,0.0
u_15780,0.043034914056465874,5242,0.0,0.787,0.0
u_15781,0.005979741833313461,3329,0.0,0.056,0.0
u_15782,0.043034914056465874,6058,0.0,0.787,0.0
u_15783,0.0035291092725311082,736,0.0,0.065,0.0
u_15784,0.043034914056465874,5146,0.0,0.787,0.0
u_15785,0.0,-1,0.0,,
u_15786,0.040266287552030204,2270,0.0,0.787,0.0
u_15787,0.0,-1,0.0,,
u_15788,0.0,-1,0.0,,
u_15789,0.0,-1,0.0,,
u_15790,0.0,-1,0.0,,
u_15791,0.01567983422581835,2359,0.0,0.101,0.0
u_15792,0.03696377613183141,3444,0.0,0.693,0.0
u_15793,0.0,-1,0.0,,
u_15794,0.0027497378744636724,1598,0.0,0.054,0.0
u_15795,0.0005878578873362778,1814,0.0,0.011,0.0
u_15796,0.043034914056465874,5243,0.0,0.787,0.0
u_15797,0.12000875739615452,4087,0.0,0.787,0.0
u_15798,0.0,-1,0.0,,
u_15799,0.0036733644068617627,3453,0.0,0.067,0.0
u_15800,0.0,-1,0.0,,
u_15801,0.039893512292326024,2624,0.0,0.787,0.0
u_15802,0.023788002705426695,1752,0.0,0.216,0.0
u_15803,0.03186191518786895,4515,0.0,0.582,0.0
u_15804,0.043034914056465874,5244,0.0,0.787,0.0
u_15805,0.004684146662320223,3565,0.0,0.083,0.0
u_15806,0.043034914056465874,5245,0.0,0.787,0.0
u_15807,0.043034914056465874,3993,0.0,0.787,0.0
u_15808,0.0,-1,0.0,,
u_15809,0.0,-1,0.0,,
u_15810,0.04002380956851653,1196,0.0,0.787,0.0
u_15811,0.0,-1,0.0,,
u_15812,0.0,-1,0.0,,
u_15813,0.0,-1,0.0,,
u_15814,0.0,-1,0.0,,
u_15815,0.0,-1,0.0,,
u_15816,0.006722838508231003,147,0.0,0.063,0.0
u_15817,0.0,-1,0.0,,
u_15818,0.0,-1,0.0,,
u_15819,0.0,-1,0.0,,
u_15820,0.04303198688819863,17,0.0,0.787,0.0
u_15821,0.0,-1,0.0,,
u_15822,0.0,-1,0.0,,
u_15823,0.043034914056465874,6059,0.0,0.787,0.0
u_15824,0.0,-1,0.0,,
u_15825,0.043034914056465874,2548,0.0,0.787,0.0
u_15826,0.0,-1,0.0,,
u_15827,0.0,-1,0.0,,
u_15828,0.0,-1,0.0,,
u_15829,0.0009967858539088078,2674,0.0,0.018,0.0
u_15830,0.0,-1,0.0,,
u_15831,0.0,-1,0.0,,
u_15832,0.0,-1,0.0,,
u_15833,0.0,-1,0.0,,
u_15834,0.043034914056465874,3591,0.0,0.787,0.0
u_15835,0.0,-1,0.0,,
u_15836,0.0,-1,0.0,,
u_15837,0.0,-1,0.0,,
u_15838,0.043176090415679894,1372,0.0,0.787,0.0
u_15839,0.0,-1,0.0,,
u_15840,0.0,-1,0.0,,
u_15841,0.0007071966472158817,2464,0.0,0.013,0.0
u_15842,0.0,-1,0.0,,
u_15843,0.04407589287551713,1039,0.0,0.787,0.0
u_15844,0.0,-1,0.0,,
u_15845,0.0,-1,0.0,,
u_15846,0.04135598148763562,1315,0.0,0.787,0.0
u_15847,0.043034914056465874,6060,0.0,0.787,0.0
u_15848,0.0,-1,0.0,,
u_15849,0.043034914056465874,5246,0.0,0.787,0.0
u_15850,0.043034914056465874,5989,0.0,0.787,0.0
u_15851,0.0003859528224789778,2062,0.0,0.007,0.0
u_15852,0.0,-1,0.0,,
u_15853,0.0011090403448982867,2739,0.0,0.02,0.0
u_15854,0.0,-1,0.0,,
u_15855,0.0,-1,0.0,,
u_15856,0.0,-1,0.0,,
u_15857,0.0,-1,0.0,,
u_15858,0.0,-1,0.0,,
u_15859,0.0,-1,0.0,,
u_15860,0.0,-1,0.0,,
u_15861,0.0,-1,0.0,,
u_15862,0.0,-1,0.0,,
u_15863,0.05014315122916216,53,0.0,0.958,0.0
u_15864,0.0,-1,0.0,,
u_15865,0.08417531978986129,5247,0.0,0.787,0.0
u_15866,0.0,-1,0.0,,
u_15867,0.04017333055751863,733,0.0,0.787,0.0
u_15868,0.043034914056465874,4552,0.0,0.787,0.0
u_15869,0.043034914056465874,3854,0.0,0.787,0.0
u_15870,0.0,-1,0.0,,
u_15871,0.0,-1,0.0,,
u_15872,0.043034914056465874,5248,0.0,0.787,0.0
u_15873,0.08206935496401055,2981,0.0,0.787,0.0
u_15874,0.0,-1,0.0,,
u_15875,0.0,-1,0.0,,
u_15876,0.0,-1,0.0,,
u_15877,0.0,-1,0.0,,
u_15878,0.0,-1,0.0,,
u_15879,0.04061960995631943,472,0.0,0.395,0.0
u_15880,0.0,-1,0.0,,
u_15881,0.0,-1,0.0,,
u_15882,0.08236630710979355,5249,0.0,0.787,0.0
u_15883,0.043034914056465874,6061,0.0,0.787,0.0
u_15884,0.0,-1,0.0,,
u_15885,0.042130407716432006,5020,0.0,0.787,0.0
u_15886,0.11877140714489808,4579,0.0,0.787,0.0
u_15887,0.0,-1,0.0,,
u_15888,0.0,-1,0.0,,
u_15889,0.0,-1,0.0,,
u_15890,0.0,-1,0.0,,
u_15891,0.043034914056465874,4427,0.0,0.787,0.0
u_15892,0.0,-1,0.0,,
u_15893,0.0,-1,0.0,,
u_15894,0.084114524825287,2693,0.0,0.787,0.0
u_15895,0.0,-1,0.0,,
u_15896,0.0,-1,0.0,,
u_15897,0.043034914056465874,1244,0.0,0.787,0.0
u_15898,0.043034914056465874,3458,0.0,0.787,0.0
u_15899,0.0,-1,0.0,,
u_15900,0.04132350572013996,1955,0.0,0.787,0.0
u_15901,0.0,-1,0.0,,
u_15902,0.0,-1,0.0,,
u_15903,0.0,-1,0.0,,
u_15904,0.0,-1,0.0,,
u_15905,0.0,-1,0.0,,
u_15906,0.042919305230622096,862,0.0,0.787,0.0
u_15907,0.0,-1,0.0,,
u_15908,0.04437246703512097,3666,0.0,0.787,0.0
u_15909,0.08064950087760195,4176,0.0,0.787,0.0
u_15910,0.0005329604525881203,2276,0.0,0.01,0.0
u_15911,0.0,-1,0.0,,
u_15912,0.043034914056465874,3893,0.0,0.787,0.0
u_15913,0.0,-1,0.0,,
u_15914,0.0,-1,0.0,,
u_15915,0.043034914056465874,2718,0.0,0.787,0.0
u_15916,0.0,-1,0.0,,
u_15917,0.0,-1,0.0,,
u_15918,0.0,-1,0.0,,
u_15919,0.0,-1,0.0,,
u_15920,0.0,-1,0.0,,
u_15921,0.043034914056465874,5250,0.0,0.787,0.0
u_15922,0.08417531978986129,4421,0.0,0.787,0.0
u_15923,0.0,-1,0.0,,
u_15924,0.0,-1,0.0,,
u_15925,0.0,-1,0.0,,
u_15926,0.0,-1,0.0,,
u_15927,0.0,-1,0.0,,
u_15928,0.0,-1,0.0,,
u_15929,0.0,-1,0.0,,
u_15930,0.0,-1,0.0,,
u_15931,0.0,-1,0.0,,
u_15932,0.0,-1,0.0,,
u_15933,0.043034914056465874,2369,0.0,0.787,0.0
u_15934,0.0,-1,0.0,,
u_15935,0.0,-1,0.0,,
u_15936,0.0,-1,0.0,,
u_15937,0.043034914056465874,5123,0.0,0.787,0.0
u_15938,0.0,-1,0.0,,
u_15939,0.043034914056465874,2037,0.0,0.787,0.0
u_15940,0.0,-1,0.0,,
u_15941,0.0,-1,0.0,,
u_15942,0.0,-1,0.0,,
u_15943,0.043034914056465874,4435,0.0,0.787,0.0
u_15944,0.043460577520028104,13,0.0,0.787,0.0
u_15945,0.0,-1,0.0,,
u_15946,0.00017856921910066361,1543,0.0,0.004,0.0
u_15947,0.0001419386867422646,670,0.0,0.001,0.0
u_15948,0.043034914056465874,6024,0.0,0.787,0.0
u_15949,0.0,-1,0.0,,
u_15950,0.0,-1,0.0,,
u_15951,0.0,-1,0.0,,
u_15952,0.0,-1,0.0,,
u_15953,0.011679058873436548,4056,0.0,0.213,0.0
u_15954,0.0002519658219128672,1712,0.0,0.004,0.0
u_15955,0.043034914056465874,6062,0.0,0.787,0.0
u_15956,0.043034914056465874,3058,0.0,0.787,0.0
u_15957,0.006147192774488717,3715,0.0,0.112,0.0
u_15958,0.0,-1,0.0,,
u_15959,0.010412032822370978,4008,0.0,0.19,0.0
u_15960,0.0,-1,0.0,,
u_15961,0.0,-1,0.0,,
u_15962,0.0,-1,0.0,,
u_15963,0.0,-1,0.0,,
u_15964,0.0,-1,0.0,,
u_15965,0.030375419135128996,222,0.0,0.597,0.0
u_15966,0.0,-1,0.0,,
u_15967,0.0,-1,0.0,,
u_15968,0.0,-1,0.0,,
u_15969,0.0,-1,0.0,,
u_15970,0.0,-1,0.0,,
u_15971,0.0,-1,0.0,,
u_15972,0.007850996688698562,3777,0.0,0.145,0.0
u_15973,0.0,-1,0.0,,
u_15974,0.0,-1,0.0,,
u_15975,0.043034914056465874,5251,0.0,0.787,0.0
u_15976,0.0,-1,0.0,,
u_15977,0.0,-1,0.0,,
u_15978,0.03698891053960398,4454,0.0,0.703,0.0
u_15979,0.008107525524352071,3867,0.0,0.148,0.0
u_15980,0.00014850603738771626,1340,0.0,0.003,0.0
u_15981,0.0,-1,0.0,,
u_15982,0.0,-1,0.0,,
u_15983,0.08236544738158455,308,0.0,0.787,0.0
u_15984,0.0,-1,0.0,,
u_15985,0.0,-1,0.0,,
u_15986,0.0,-1,0.0,,
u_15987,0.044597081365125135,3500,0.0,0.787,0.0
u_15988,0.0,-1,0.0,,
u_15989,0.0,-1,0.0,,
u_15990,0.0,-1,0.0,,
u_15991,0.0,-1,0.0,,
u_15992,6.440444694140973e-05,559,0.0,0.001,0.0
u_15993,0.0,-1,0.0,,
u_15994,0.0,-1,0.0,,
u_15995,0.0,-1,0.0,,
u_15996,0.0,-1,0.0,,
u_15997,0.001145441774449212,2111,0.0,0.011,0.0
u_15998,0.08333575257476872,2282,0.0,0.779,0.0
u_15999,0.0,-1,0.0,,
u_16000,0.0,-1,0.0,,
u_16001,0.0,-1,0.0,,
u_16002,0.0,-1,0.0,,
u_16003,0.0,-1,0.0,,
u_16004,8.934070053438356e-05,163,0.0,0.001,0.0
u_16005,0.0,-1,0.0,,
u_16006,0.04040141438541114,1309,0.0,0.787,0.0
u_16007,0.04358661528291076,1972,0.0,0.787,0.0
u_16008,0.12163417591463743,862,0.0,0.787,0.0
u_16009,0.043034914056465874,6063,0.0,0.787,0.0
u_16010,0.043702282556267937,2863,0.0,0.819,0.0
u_16011,0.0,-1,0.0,,
u_16012,0.043034914056465874,2135,0.0,0.787,0.0
u_16013,0.0,-1,0.0,,
u_16014,0.0,-1,0.0,,
u_16015,0.0,-1,0.0,,
u_16016,0.0,-1,0.0,,
u_16017,0.0,-1,0.0,,
u_16018,0.041395759233753916,668,0.0,0.787,0.0
u_16019,0.0,-1,0.0,,
u_16020,0.0,-1,0.0,,
u_16021,0.043034914056465874,4059,0.0,0.787,0.0
u_16022,0.08417531978986129,4652,0.0,0.787,0.0
u_16023,0.0007187525230238468,2448,0.0,0.013,0.0
u_16024,0.0,-1,0.0,,
u_16025,0.0,-1,0.0,,
u_16026,0.0,-1,0.0,,
u_16027,0.0,-1,0.0,,
u_16028,0.0,-1,0.0,,
u_16029,0.0,-1,0.0,,
u_16030,0.08417531978986129,2246,0.0,0.787,0.0
u_16031,0.0,-1,0.0,,
u_16032,0.0060732120211441885,1822,0.0,0.118,0.0
u_16033,0.006498360583488164,3749,0.0,0.119,0.0
u_16034,0.003173719272365881,1476,0.0,0.029,0.0
u_16035,0.0,-1,0.0,,
u_16036,0.0,-1,0.0,,
u_16037,0.04195602953424898,1377,0.0,0.787,0.0
u_16038,0.0,-1,0.0,,
u_16039,0.0208718374243102,554,0.0,0.196,0.0
u_16040,0.0,-1,0.0,,
u_16041,0.0,-1,0.0,,
u_16042,0.0,-1,0.0,,
u_16043,0.0,-1,0.0,,
u_16044,0.043034914056465874,2328,0.0,0.787,0.0
u_16045,0.0,-1,0.0,,
u_16046,0.0,-1,0.0,,
u_16047,0.0,-1,0.0,,
u_16048,0.0,-1,0.0,,
u_16049,0.0,-1,0.0,,
u_16050,0.0,-1,0.0,,
u_16051,0.03988719045228531,540,0.0,0.787,0.0
u_16052,0.000236600761524841,1690,0.0,0.004,0.0
u_16053,0.0,-1,0.0,,
u_16054,0.0025226807820105967,350,0.0,0.048,0.0
u_16055,0.0,-1,0.0,,
u_16056,0.04488377760605048,2097,0.0,0.787,0.0
u_16057,0.042130407716432006,5252,0.0,0.787,0.0
u_16058,0.12099034599903913,452,0.0,0.787,0.0
u_16059,0.043034914056465874,4640,0.0,0.787,0.0
u_16060,0.0,-1,0.0,,
u_16061,0.0,-1,0.0,,
u_16062,0.0,-1,0.0,,
u_16063,0.04083275596924067,77,0.0,0.787,0.0
u_16064,0.0,-1,0.0,,
u_16065,0.0,-1,0.0,,
u_16066,0.0,-1,0.0,,
u_16067,0.0,-1,0.0,,
u_16068,0.0,-1,0.0,,
u_16069,0.0,-1,0.0,,
u_16070,0.0,-1,0.0,,
u_16071,0.0,-1,0.0,,
u_16072,0.0,-1,0.0,,
u_16073,0.0,-1,0.0,,
u_16074,0.003418771618055057,3393,0.0,0.061,0.0
u_16075,0.0,-1,0.0,,
u_16076,0.0,-1,0.0,,
u_16077,9.424409487031911e-05,1014,0.0,0.002,0.0
u_16078,0.0,-1,0.0,,
u_16079,0.04304341559710258,1328,0.0,0.787,0.0
u_16080,0.043034914056465874,4870,0.0,0.787,0.0
u_16081,0.0,-1,0.0,,
u_16082,0.0007969274722173895,1541,0.0,0.014,0.0
u_16083,0.0,-1,0.0,,
u_16084,0.000287472118039323,1336,0.0,0.003,0.0
u_16085,0.04153884013346794,3089,0.0,0.783,0.0
u_16086,0.043034914056465874,2964,0.0,0.787,0.0
u_16087,0.014111975234005151,4126,0.0,0.258,0.0
u_16088,0.0,-1,0.0,,
u_16089,0.0,-1,0.0,,
u_16090,0.0,-1,0.0,,
u_16091,0.014384821587338595,4132,0.0,0.263,0.0
u_16092,0.0,-1,0.0,,
u_16093,0.0,-1,0.0,,
u_16094,0.0,-1,0.0,,
u_16095,0.043034914056465874,3024,0.0,0.787,0.0
u_16096,0.0,-1,0.0,,
u_16097,0.0,-1,0.0,,
u_16098,0.0,-1,0.0,,
u_16099,0.0,-1,0.0,,
u_16100,0.0,-1,0.0,,
u_16101,0.043034914056465874,3578,0.0,0.787,0.0
u_16102,0.0,-1,0.0,,
u_16103,0.0,-1,0.0,,
u_16104,0.0,-1,0.0,,
u_16105,0.043034914056465874,6064,0.0,0.787,0.0
u_16106,0.0,-1,0.0,,
u_16107,0.040775368131581766,977,0.0,0.787,0.0
u_16108,0.03988814591169773,839,0.0,0.787,0.0
u_16109,0.03988850136841042,429,0.0,0.787,0.0
u_16110,0.0,-1,0.0,,
u_16111,0.0,-1,0.0,,
u_16112,0.0,-1,0.0,,
u_16113,0.0,-1,0.0,,
u_16114,0.0030275095917740823,3321,0.0,0.055,0.0
u_16115,0.0,-1,0.0,,
u_16116,0.0,-1,0.0,,
u_16117,0.043034914056465874,6065,0.0,0.787,0.0
u_16118,0.0,-1,0.0,,
u_16119,0.0,-1,0.0,,
u_16120,0.043034914056465874,5854,0.0,0.787,0.0
u_16121,0.0,-1,0.0,,
u_16122,0.05086652473925264,963,0.0,0.47,0.0
u_16123,0.0,-1,0.0,,
u_16124,0.0,-1,0.0,,
u_16125,0.0,-1,0.0,,
u_16126,0.043034914056465874,5253,0.0,0.787,0.0
u_16127,0.0,-1,0.0,,
u_16128,0.0,-1,0.0,,
u_16129,0.01232259069909968,4077,0.0,0.225,0.0
u_16130,0.0,-1,0.0,,
u_16131,0.0,-1,0.0,,
u_16132,0.0,-1,0.0,,
u_16133,0.0,-1,0.0,,
u_16134,0.043034914056465874,6066,0.0,0.787,0.0
u_16135,0.0,-1,0.0,,
u_16136,0.0,-1,0.0,,
u_16137,0.0,-1,0.0,,
u_16138,0.043034914056465874,2074,0.0,0.787,0.0
u_16139,0.0,-1,0.0,,
u_16140,0.0,-1,0.0,,
u_16141,0.08417531978986129,5099,0.0,0.787,0.0
u_16142,0.0,-1,0.0,,
u_16143,0.0,-1,0.0,,
u_16144,0.0,-1,0.0,,
u_16145,0.04180072471139246,3547,0.0,0.787,0.0
u_16146,0.043034914056465874,4980,0.0,0.787,0.0
u_16147,0.039887951859192985,1870,0.0,0.787,0.0
u_16148,0.0,-1,0.0,,
u_16149,0.00947652813061929,131,0.0,0.178,0.0
u_16150,0.0014514581263184864,2927,0.0,0.027,0.0
u_16151,0.0,-1,0.0,,
u_16152,0.0,-1,0.0,,
u_16153,0.043034914056465874,4632,0.0,0.787,0.0
u_16154,0.0,-1,0.0,,
u_16155,0.043034914056465874,1289,0.0,0.787,0.0
u_16156,0.0,-1,0.0,,
u_16157,0.0,-1,0.0,,
u_16158,0.04196435387748211,87,0.0,0.787,0.0
u_16159,0.0,-1,0.0,,
u_16160,0.0026208349911203384,3239,0.0,0.048,0.0
u_16161,0.0,-1,0.0,,
u_16162,0.0,-1,0.0,,
u_16163,0.0,-1,0.0,,
u_16164,0.043034914056465874,3122,0.0,0.787,0.0
u_16165,0.0,-1,0.0,,
u_16166,0.0,-1,0.0,,
u_16167,0.039904567904860695,2979,0.0,0.787,0.0
u_16168,0.046785663243019,2688,0.0,0.787,0.0
u_16169,0.0016097497732099964,1282,0.0,0.032,0.0
u_16170,0.00970732812934097,2339,0.0,0.093,0.0
u_16171,0.0,-1,0.0,,
u_16172,0.0,-1,0.0,,
u_16173,0.009609655081795471,3968,0.0,0.176,0.0
u_16174,0.0,-1,0.0,,
u_16175,0.0,-1,0.0,,
u_16176,0.043034914056465874,4807,0.0,0.787,0.0
u_16177,0.08408244775693484,71,0.0,0.787,0.0
u_16178,0.004759933912106952,3592,0.0,0.087,0.0
u_16179,0.0,-1,0.0,,
u_16180,0.0,-1,0.0,,
u_16181,0.0,-1,0.0,,
u_16182,0.0,-1,0.0,,
u_16183,0.0,-1,0.0,,
u_16184,0.0,-1,0.0,,
u_16185,0.0,-1,0.0,,
u_16186,0.0,-1,0.0,,
u_16187,0.0,-1,0.0,,
u_16188,0.013815256646393343,4120,0.0,0.253,0.0
u_16189,0.040827902493035806,350,0.0,0.787,0.0
u_16190,0.04333304235692618,1661,0.0,0.787,0.0
u_16191,0.0007812424186296513,2087,0.0,0.007,0.0
u_16192,0.043034914056465874,5236,0.0,0.787,0.0
u_16193,0.0,-1,0.0,,
u_16194,0.0,-1,0.0,,
u_16195,0.019384488326331502,2513,0.0,0.123,0.0
u_16196,0.0,-1,0.0,,
u_16197,0.003413692244056745,2673,0.0,0.032,0.0
u_16198,0.08857300953618616,1074,0.0,0.846,0.0
u_16199,0.0,-1,0.0,,
u_16200,0.0,-1,0.0,,
u_16201,0.050394229313152364,4418,0.0,0.481,0.0
u_16202,8.484983337340743e-05,852,0.0,0.002,0.0
u_16203,0.0,-1,0.0,,
u_16204,0.001902078707966483,80,0.0,0.018,0.0
u_16205,0.039890796850394906,4636,0.0,0.787,0.0
u_16206,0.0,-1,0.0,,
u_16207,0.0007770453472328211,24,0.0,0.015,0.0
u_16208,0.0,-1,0.0,,
u_16209,0.08417531978986129,3219,0.0,0.787,0.0
u_16210,0.15856728107387016,1959,0.0,0.787,0.0
u_16211,0.0,-1,0.0,,
u_16212,0.0,-1,0.0,,
u_16213,0.043034914056465874,1805,0.0,0.787,0.0
u_16214,0.043034914056465874,5254,0.0,0.787,0.0
u_16215,0.0,-1,0.0,,
u_16216,0.0,-1,0.0,,
u_16217,0.0,-1,0.0,,
u_16218,0.0027819179183127146,548,0.0,0.027,0.0
u_16219,0.08417531978986129,4728,0.0,0.787,0.0
u_16220,0.06728145714332141,4549,0.0,0.629,0.0
u_16221,0.0,-1,0.0,,
u_16222,0.043034914056465874,3931,0.0,0.787,0.0
u_16223,0.0,-1,0.0,,
u_16224,0.0007195847719640092,1718,0.0,0.007,0.0
u_16225,0.0,-1,0.0,,
u_16226,0.043034914056465874,5193,0.0,0.787,0.0
u_16227,0.0,-1,0.0,,
u_16228,0.0,-1,0.0,,
u_16229,0.03688180526500424,439,0.0,0.232,0.0
u_16230,0.0,-1,0.0,,
u_16231,0.0,-1,0.0,,
u_16232,0.0,-1,0.0,,
u_16233,0.0,-1,0.0,,
u_16234,0.0,-1,0.0,,
u_16235,0.0014048877378862808,2897,0.0,0.026,0.0
u_16236,0.01954992452344632,1073,0.0,0.123,0.0
u_16237,0.0002908242691764735,1880,0.0,0.006,0.0
u_16238,0.0,-1,0.0,,
u_16239,0.0,-1,0.0,,
u_16240,0.0,-1,0.0,,
u_16241,0.0,-1,0.0,,
u_16242,0.009905421900334183,3986,0.0,0.181,0.0
u_16243,0.0,-1,0.0,,
u_16244,0.002019760722331434,2690,0.0,0.037,0.0
u_16245,0.0,-1,0.0,,
u_16246,0.0,-1,0.0,,
u_16247,0.0,-1,0.0,,
u_16248,0.0,-1,0.0,,
u_16249,0.0,-1,0.0,,
u_16250,0.04483807762985805,739,0.0,0.787,0.0
u_16251,0.0,-1,0.0,,
u_16252,0.0,-1,0.0,,
u_16253,0.08150648342795841,168,0.0,0.787,0.0
u_16254,0.0,-1,0.0,,
u_16255,0.026995001596936227,53,0.0,0.258,0.0
u_16256,0.040401355589713604,2015,0.0,0.787,0.0
u_16257,0.0,-1,0.0,,
u_16258,0.0,-1,0.0,,
u_16259,0.00030258671264385786,168,0.0,0.006,0.0
u_16260,0.0,-1,0.0,,
u_16261,0.043034914056465874,2070,0.0,0.787,0.0
u_16262,0.0010234457890837445,2670,0.0,0.018,0.0
u_16263,0.0,-1,0.0,,
u_16264,0.00030476811003555133,798,0.0,0.001,0.0
u_16265,0.043034914056465874,3252,0.0,0.787,0.0
u_16266,0.0,-1,0.0,,
u_16267,0.0401912450956277,218,0.0,0.787,0.0
u_16268,0.12453792617193751,3288,0.0,0.787,0.0
u_16269,0.0,-1,0.0,,
u_16270,0.0,-1,0.0,,
u_16271,0.08068010157356055,1821,0.0,0.787,0.0
u_16272,0.0,-1,0.0,,
u_16273,0.0,-1,0.0,,
u_16274,0.0,-1,0.0,,
u_16275,0.0,-1,0.0,,
u_16276,0.0,-1,0.0,,
u_16277,0.0,-1,0.0,,
u_16278,0.03988886992894047,3035,0.0,0.787,0.0
u_16279,0.0,-1,0.0,,
u_16280,0.0,-1,0.0,,
u_16281,0.0,-1,0.0,,
u_16282,0.0,-1,0.0,,
u_16283,0.043034914056465874,6067,0.0,0.787,0.0
u_16284,0.030232847744767425,1849,0.0,0.29,0.0
u_16285,0.0,-1,0.0,,
u_16286,0.0,-1,0.0,,
u_16287,0.0,-1,0.0,,
u_16288,0.012049678356094206,4066,0.0,0.22,0.0
u_16289,0.0,-1,0.0,,
u_16290,0.0,-1,0.0,,
u_16291,0.0006920118880200017,2449,0.0,0.013,0.0
u_16292,0.0,-1,0.0,,
u_16293,0.043034914056465874,6016,0.0,0.787,0.0
u_16294,0.0,-1,0.0,,
u_16295,0.0,-1,0.0,,
u_16296,0.00026585346991327,1250,0.0,0.002,0.0
u_16297,0.012551653311246214,4085,0.0,0.229,0.0
u_16298,9.14864198324689e-05,934,0.0,0.002,0.0
u_16299,0.00021392296504526518,1086,0.0,0.002,0.0
u_16300,0.03989896403063263,2916,0.0,0.787,0.0
u_16301,0.0,-1,0.0,,
u_16302,0.0,-1,0.0,,
u_16303,0.0,-1,0.0,,
u_16304,0.0,-1,0.0,,
u_16305,0.00030545802116822076,964,0.0,0.003,0.0
u_16306,0.043034914056465874,2024,0.0,0.787,0.0
u_16307,0.0,-1,0.0,,
u_16308,0.0,-1,0.0,,
u_16309,0.0,-1,0.0,,
u_16310,0.043034914056465874,6068,0.0,0.787,0.0
u_16311,0.043034914056465874,6069,0.0,0.787,0.0
u_16312,0.006244095040264022,3756,0.0,0.12,0.0
u_16313,0.0,-1,0.0,,
u_16314,0.0,-1,0.0,,
u_16315,0.018742791446961064,254,0.0,0.178,0.0
u_16316,0.0,-1,0.0,,
u_16317,0.0,-1,0.0,,
u_16318,0.0,-1,0.0,,
u_16319,0.0015161082206823918,2955,0.0,0.028,0.0
u_16320,0.043034914056465874,1845,0.0,0.787,0.0
u_16321,0.0,-1,0.0,,
u_16322,0.0,-1,0.0,,
u_16323,0.16237222043696473,1458,0.0,0.787,0.0
u_16324,0.0,-1,0.0,,
u_16325,0.0036120407465615456,2842,0.0,0.067,0.0
u_16326,0.043034914056465874,3362,0.0,0.787,0.0
u_16327,0.042130407716432006,5721,0.0,0.787,0.0
u_16328,8.876022479932675e-05,905,0.0,0.002,0.0
u_16329,0.0,-1,0.0,,
u_16330,0.0,-1,0.0,,
u_16331,0.007792640833115175,802,0.0,0.073,0.0
u_16332,0.07089363743643266,2263,0.0,0.44,0.0
u_16333,0.043034914056465874,1762,0.0,0.787,0.0
u_16334,0.0,-1,0.0,,
u_16335,0.0,-1,0.0,,
u_16336,0.0,-1,0.0,,
u_16337,0.04022539494096879,457,0.0,0.787,0.0
u_16338,0.013286727312262141,162,0.0,0.257,0.0
u_16339,0.0,-1,0.0,,
u_16340,0.04057146627991627,671,0.0,0.787,0.0
u_16341,0.0,-1,0.0,,
u_16342,0.0,-1,0.0,,
u_16343,0.0,-1,0.0,,
u_16344,0.039890824025448614,423,0.0,0.787,0.0
u_16345,0.04437245335167704,1099,0.0,0.787,0.0
u_16346,0.029691689787411043,4171,0.0,0.284,0.0
u_16347,0.0,-1,0.0,,
u_16348,0.0,-1,0.0,,
u_16349,0.004526887461808966,3098,0.0,0.042,0.0
u_16350,0.0,-1,0.0,,
u_16351,0.07962915346917221,2688,0.0,0.787,0.0
u_16352,0.0,-1,0.0,,
u_16353,4.3075267423298495e-05,85,0.0,0.001,0.0
u_16354,0.011806449422191594,4059,0.0,0.216,0.0
u_16355,0.039887425676104135,2198,0.0,0.787,0.0
u_16356,0.0,-1,0.0,,
u_16357,0.0049175071439372725,3013,0.0,0.046,0.0
u_16358,0.0,-1,0.0,,
u_16359,0.00015676735177731245,1400,0.0,0.003,0.0
u_16360,0.0,-1,0.0,,
u_16361,0.12224743277797584,87,0.0,0.787,0.0
u_16362,0.0,-1,0.0,,
u_16363,5.853780803058117e-05,266,0.0,0.001,0.0
u_16364,0.0,-1,0.0,,
u_16365,0.0,-1,0.0,,
u_16366,0.0,-1,0.0,,
u_16367,0.0,-1,0.0,,
u_16368,0.08493080258862712,1663,0.0,0.787,0.0
u_16369,0.0,-1,0.0,,
u_16370,0.0,-1,0.0,,
u_16371,0.0,-1,0.0,,
u_16372,0.03988792873737526,2359,0.0,0.787,0.0
u_16373,0.0,-1,0.0,,
u_16374,0.0,-1,0.0,,
u_16375,0.043034914056465874,6070,0.0,0.787,0.0
u_16376,0.043034914056465874,1495,0.0,0.787,0.0
u_16377,0.0,-1,0.0,,
u_16378,0.0,-1,0.0,,
u_16379,0.0008861698172205096,2599,0.0,0.016,0.0
u_16380,0.0,-1,0.0,,
u_16381,0.0,-1,0.0,,
u_16382,0.0,-1,0.0,,
u_16383,0.016742227262361478,2945,0.0,0.16,0.0
u_16384,0.0,-1,0.0,,
u_16385,0.0,-1,0.0,,
u_16386,0.0,-1,0.0,,
u_16387,0.0028900782981482443,3307,0.0,0.054,0.0
u_16388,0.0,-1,0.0,,
u_16389,0.043034914056465874,6071,0.0,0.787,0.0
u_16390,0.0,-1,0.0,,
u_16391,0.0,-1,0.0,,
u_16392,0.0,-1,0.0,,
u_16393,0.04015648800369691,1120,0.0,0.764,0.0
u_16394,0.043034914056465874,6072,0.0,0.787,0.0
u_16395,0.0,-1,0.0,,
u_16396,0.0,-1,0.0,,
u_16397,0.0,-1,0.0,,
u_16398,0.08230581136137691,5255,0.0,0.787,0.0
u_16399,0.0,-1,0.0,,
u_16400,0.0,-1,0.0,,
u_16401,0.0,-1,0.0,,
u_16402,0.043034914056465874,6073,0.0,0.787,0.0
u_16403,0.03989042578686936,4628,0.0,0.787,0.0
u_16404,0.0,-1,0.0,,
u_16405,0.0,-1,0.0,,
u_16406,0.043034914056465874,2671,0.0,0.787,0.0
u_16407,0.04413413779569435,2119,0.0,0.787,0.0
u_16408,0.0,-1,0.0,,
u_16409,0.0,-1,0.0,,
u_16410,0.0,-1,0.0,,
u_16411,0.0012636655788666584,361,0.0,0.024,0.0
u_16412,0.025098142684612097,547,0.0,0.49,0.0
u_16413,0.043034914056465874,6074,0.0,0.787,0.0
u_16414,0.0,-1,0.0,,
u_16415,0.0,-1,0.0,,
u_16416,0.0,-1,0.0,,
u_16417,0.0,-1,0.0,,
u_16418,0.0,-1,0.0,,
u_16419,0.0,-1,0.0,,
u_16420,0.0,-1,0.0,,
u_16421,0.08506191524022418,1807,0.0,0.787,0.0
u_16422,0.0,-1,0.0,,
u_16423,0.0196001913120975,4274,0.0,0.358,0.0
u_16424,0.0,-1,0.0,,
u_16425,0.0409431126544817,74,0.0,0.787,0.0
u_16426,0.0796336073723726,4739,0.0,0.787,0.0
u_16427,0.0,-1,0.0,,
u_16428,0.039887305938724776,2620,0.0,0.787,0.0
u_16429,0.0,-1,0.0,,
u_16430,0.0,-1,0.0,,
u_16431,0.0,-1,0.0,,
u_16432,0.0,-1,0.0,,
u_16433,0.0,-1,0.0,,
u_16434,0.0,-1,0.0,,
u_16435,0.0,-1,0.0,,
u_16436,0.006702555936908979,2696,0.0,0.066,0.0
u_16437,6.448300921520428e-05,561,0.0,0.001,0.0
u_16438,0.03988811414429311,189,0.0,0.787,0.0
u_16439,0.015699816354957846,1224,0.0,0.152,0.0
u_16440,0.043034914056465874,5256,0.0,0.787,0.0
u_16441,0.0398887756029045,904,0.0,0.787,0.0
u_16442,0.0011002281620931336,1945,0.0,0.007,0.0
u_16443,0.043034914056465874,5257,0.0,0.787,0.0
u_16444,0.041471763158033755,162,0.0,0.787,0.0
u_16445,0.0,-1,0.0,,
u_16446,0.0,-1,0.0,,
u_16447,0.0,-1,0.0,,
u_16448,0.0,-1,0.0,,
u_16449,0.0,-1,0.0,,
u_16450,0.0,-1,0.0,,
u_16451,0.00013794614208958317,1279,0.0,0.003,0.0
u_16452,0.0,-1,0.0,,
u_16453,0.04046990817677494,379,0.0,0.787,0.0
u_16454,0.0,-1,0.0,,
u_16455,0.00013404949568233919,118,0.0,0.001,0.0
u_16456,0.08236630710979355,6032,0.0,0.787,0.0
u_16457,0.0003333019575677894,56,0.0,0.002,0.0
u_16458,0.004108330018903136,2828,0.0,0.079,0.0
u_16459,0.04009886476849373,1936,0.0,0.787,0.0
u_16460,0.0,-1,0.0,,
u_16461,0.0,-1,0.0,,
u_16462,0.0,-1,0.0,,
u_16463,0.0,-1,0.0,,
u_16464,0.00032346771362092215,987,0.0,0.003,0.0
u_16465,0.0,-1,0.0,,
u_16466,0.03341134224548381,4530,0.0,0.611,0.0
u_16467,0.043034914056465874,5258,0.0,0.787,0.0
u_16468,0.04284665750582764,3643,0.0,0.787,0.0
u_16469,0.0,-1,0.0,,
u_16470,0.0,-1,0.0,,
u_16471,0.0,-1,0.0,,
u_16472,0.0002940181608845764,1845,0.0,0.005,0.0
u_16473,0.0,-1,0.0,,
u_16474,0.0,-1,0.0,,
u_16475,0.043034914056465874,2542,0.0,0.787,0.0
u_16476,0.043034914056465874,5259,0.0,0.787,0.0
u_16477,0.0,-1,0.0,,
u_16478,0.002917246710252448,931,0.0,0.056,0.0
u_16479,0.043034914056465874,6038,0.0,0.787,0.0
u_16480,0.004186449654533855,3119,0.0,0.039,0.0
u_16481,0.0,-1,0.0,,
u_16482,0.0,-1,0.0,,
u_16483,0.0,-1,0.0,,
u_16484,0.0,-1,0.0,,
u_16485,0.0,-1,0.0,,
u_16486,0.0,-1,0.0,,
u_16487,0.0,-1,0.0,,
u_16488,0.0,-1,0.0,,
u_16489,0.0,-1,0.0,,
u_16490,0.0,-1,0.0,,
u_16491,0.011548073836390014,4050,0.0,0.211,0.0
u_16492,0.0,-1,0.0,,
u_16493,0.0,-1,0.0,,
u_16494,0.0,-1,0.0,,
u_16495,0.0006467616590678453,2404,0.0,0.012,0.0
u_16496,0.0,-1,0.0,,
u_16497,0.0,-1,0.0,,
u_16498,0.0,-1,0.0,,
u_16499,0.0,-1,0.0,,
u_16500,0.0,-1,0.0,,
u_16501,0.0,-1,0.0,,
u_16502,0.0,-1,0.0,,
u_16503,0.01867768406501695,2314,0.0,0.175,0.0
u_16504,0.039887305214840914,80,0.0,0.787,0.0
u_16505,0.0,-1,0.0,,
u_16506,0.009616341556708367,3969,0.0,0.176,0.0
u_16507,0.015866889923405493,4184,0.0,0.29,0.0
u_16508,0.0,-1,0.0,,
u_16509,0.015446051072913332,4167,0.0,0.282,0.0
u_16510,0.0,-1,0.0,,
u_16511,0.0,-1,0.0,,
u_16512,0.0,-1,0.0,,
u_16513,0.0,-1,0.0,,
u_16514,0.007311575053656034,659,0.0,0.131,0.0
u_16515,0.055419689527233126,4731,0.0,0.966,0.0
u_16516,0.0,-1,0.0,,
u_16517,0.0,-1,0.0,,
u_16518,0.00038069373603378577,66,0.0,0.004,0.0
u_16519,0.0,-1,0.0,,
u_16520,0.0,-1,0.0,,
u_16521,0.0432591697142973,2788,0.0,0.787,0.0
u_16522,0.0,-1,0.0,,
u_16523,0.0,-1,0.0,,
u_16524,0.0,-1,0.0,,
u_16525,0.0,-1,0.0,,
u_16526,0.03989926909174133,4464,0.0,0.787,0.0
u_16527,0.0,-1,0.0,,
u_16528,0.0,-1,0.0,,
u_16529,0.0,-1,0.0,,
u_16530,0.0,-1,0.0,,
u_16531,0.043034914056465874,5040,0.0,0.787,0.0
u_16532,0.0,-1,0.0,,
u_16533,0.0,-1,0.0,,
u_16534,0.0,-1,0.0,,
u_16535,0.0,-1,0.0,,
u_16536,0.0,-1,0.0,,
u_16537,0.043034914056465874,6075,0.0,0.787,0.0
u_16538,0.0,-1,0.0,,
u_16539,0.00043354611604953385,1356,0.0,0.003,0.0
u_16540,0.039890363604907886,3196,0.0,0.787,0.0
u_16541,0.0,-1,0.0,,
u_16542,0.0,-1,0.0,,
u_16543,0.0,-1,0.0,,
u_16544,0.0,-1,0.0,,
u_16545,0.0,-1,0.0,,
u_16546,0.00014032858355274167,1214,0.0,0.003,0.0
u_16547,0.0,-1,0.0,,
u_16548,0.0,-1,0.0,,
u_16549,0.0,-1,0.0,,
u_16550,0.043034914056465874,1361,0.0,0.787,0.0
u_16551,0.0,-1,0.0,,
u_16552,0.0,-1,0.0,,
u_16553,0.0,-1,0.0,,
u_16554,0.0,-1,0.0,,
u_16555,0.0,-1,0.0,,
u_16556,0.0,-1,0.0,,
u_16557,0.051300490338498365,983,0.0,0.485,0.0
u_16558,0.0,-1,0.0,,
u_16559,0.00035472300799148935,1999,0.0,0.006,0.0
u_16560,0.04252433001000812,164,0.0,0.787,0.0
u_16561,0.0,-1,0.0,,
u_16562,0.043034914056465874,6076,0.0,0.787,0.0
u_16563,0.0,-1,0.0,,
u_16564,0.0,-1,0.0,,
u_16565,8.839918455730622e-05,693,0.0,0.002,0.0
u_16566,0.03988788926105518,2132,0.0,0.787,0.0
u_16567,0.03988805229995876,278,0.0,0.787,0.0
u_16568,0.000192253235561879,1546,0.0,0.004,0.0
u_16569,0.0,-1,0.0,,
u_16570,0.0,-1,0.0,,
u_16571,0.0,-1,0.0,,
u_16572,0.08281075817347326,1748,0.0,0.787,0.0
u_16573,0.001376620365663062,1193,0.0,0.013,0.0
u_16574,0.0,-1,0.0,,
u_16575,0.0,-1,0.0,,
u_16576,0.0,-1,0.0,,
u_16577,0.043034914056465874,969,0.0,0.787,0.0
u_16578,7.637753946117157e-05,753,0.0,0.001,0.0
u_16579,0.0,-1,0.0,,
u_16580,0.0,-1,0.0,,
u_16581,0.0,-1,0.0,,
u_16582,0.08124109314109615,2230,0.0,0.788,0.0
u_16583,0.043034914056465874,512,0.0,0.787,0.0
u_16584,0.0,-1,0.0,,
u_16585,0.0,-1,0.0,,
u_16586,0.0,-1,0.0,,
u_16587,0.0,-1,0.0,,
u_16588,0.0,-1,0.0,,
u_16589,0.043034914056465874,5260,0.0,0.787,0.0
u_16590,0.0,-1,0.0,,
u_16591,0.0,-1,0.0,,
u_16592,0.0,-1,0.0,,
u_16593,0.0,-1,0.0,,
u_16594,0.0,-1,0.0,,
u_16595,0.04077517359301799,133,0.0,0.787,0.0
u_16596,0.08041553718845461,89,0.0,0.787,0.0
u_16597,0.0,-1,0.0,,
u_16598,0.0,-1,0.0,,
u_16599,0.0,-1,0.0,,
u_16600,0.08417531978986129,4240,0.0,0.787,0.0
u_16601,0.0,-1,0.0,,
u_16602,0.0,-1,0.0,,
u_16603,0.0,-1,0.0,,
u_16604,0.039889262944962936,87,0.0,0.787,0.0
u_16605,0.0,-1,0.0,,
u_16606,0.043034914056465874,4618,0.0,0.787,0.0
u_16607,0.0,-1,0.0,,
u_16608,0.043034914056465874,4364,0.0,0.787,0.0
u_16609,0.043034914056465874,5261,0.0,0.787,0.0
u_16610,0.0,-1,0.0,,
u_16611,0.0,-1,0.0,,
u_16612,0.08201582460453702,1449,0.0,0.787,0.0
u_16613,0.0,-1,0.0,,
u_16614,0.0,-1,0.0,,
u_16615,0.0,-1,0.0,,
u_16616,0.0,-1,0.0,,
u_16617,0.0,-1,0.0,,
u_16618,0.037030325624237415,4582,0.0,0.677,0.0
u_16619,0.0,-1,0.0,,
u_16620,0.0,-1,0.0,,
u_16621,0.04000254440438094,2992,0.0,0.787,0.0
u_16622,0.04437157819951569,1633,0.0,0.787,0.0
u_16623,0.0,-1,0.0,,
u_16624,0.0,-1,0.0,,
u_16625,0.0,-1,0.0,,
u_16626,0.0,-1,0.0,,
u_16627,0.0,-1,0.0,,
u_16628,0.0,-1,0.0,,
u_16629,0.0,-1,0.0,,
u_16630,0.0031751404368703315,193,0.0,0.031,0.0
u_16631,0.043034914056465874,3348,0.0,0.787,0.0
u_16632,0.0,-1,0.0,,
u_16633,0.043034914056465874,5262,0.0,0.787,0.0
u_16634,0.0,-1,0.0,,
u_16635,0.0,-1,0.0,,
u_16636,0.0,-1,0.0,,
u_16637,0.02737564014093421,4436,0.0,0.5,0.0
u_16638,0.0,-1,0.0,,
u_16639,0.043034914056465874,4291,0.0,0.787,0.0
u_16640,0.0,-1,0.0,,
u_16641,0.0,-1,0.0,,
u_16642,0.039891832180193786,2983,0.0,0.787,0.0
u_16643,0.043034914056465874,6060,0.0,0.787,0.0
u_16644,0.03988799794843928,2155,0.0,0.787,0.0
u_16645,0.043034914056465874,5263,0.0,0.787,0.0
u_16646,0.043034914056465874,5855,0.0,0.787,0.0
u_16647,0.0,-1,0.0,,
u_16648,0.0,-1,0.0,,
u_16649,0.043034914056465874,5927,0.0,0.787,0.0
u_16650,0.0,-1,0.0,,
u_16651,0.0,-1,0.0,,
u_16652,0.0,-1,0.0,,
u_16653,0.0,-1,0.0,,
u_16654,0.0,-1,0.0,,
u_16655,0.0,-1,0.0,,
u_16656,0.0,-1,0.0,,
u_16657,0.0,-1,0.0,,
u_16658,0.043034914056465874,6077,0.0,0.787,0.0
u_16659,0.0,-1,0.0,,
u_16660,0.027010810062274876,4429,0.0,0.494,0.0
u_16661,0.0,-1,0.0,,
u_16662,0.04371280385970297,3780,0.0,0.787,0.0
u_16663,0.043034914056465874,5264,0.0,0.787,0.0
u_16664,0.043034914056465874,5265,0.0,0.787,0.0
u_16665,0.03988824706244291,327,0.0,0.787,0.0
u_16666,0.0012496421265803782,805,0.0,0.008,0.0
u_16667,0.043034914056465874,1287,0.0,0.787,0.0
u_16668,0.04074588030106228,173,0.0,0.787,0.0
u_16669,0.0,-1,0.0,,
u_16670,0.0,-1,0.0,,
u_16671,0.010563088713936544,4003,0.0,0.187,0.0
u_16672,0.0,-1,0.0,,
u_16673,0.04436816249999875,1589,0.0,0.787,0.0
u_16674,0.0,-1,0.0,,
u_16675,0.043034914056465874,5266,0.0,0.787,0.0
u_16676,0.041465708742724615,1050,0.0,0.787,0.0
u_16677,0.039887619056566716,1471,0.0,0.787,0.0
u_16678,0.0,-1,0.0,,
u_16679,0.0398882878164655,1737,0.0,0.787,0.0
u_16680,9.295292038209499e-05,259,0.0,0.001,0.0
u_16681,0.0,-1,0.0,,
u_16682,0.0,-1,0.0,,
u_16683,0.0398876967313485,2519,0.0,0.787,0.0
u_16684,0.0,-1,0.0,,
u_16685,0.08597874703711006,1218,0.0,0.787,0.0
u_16686,0.0,-1,0.0,,
u_16687,0.04125134070305418,829,0.0,0.787,0.0
u_16688,0.0,-1,0.0,,
u_16689,0.0,-1,0.0,,
u_16690,0.0,-1,0.0,,
u_16691,0.004671798269380979,3580,0.0,0.085,0.0
u_16692,0.0,-1,0.0,,
u_16693,0.0,-1,0.0,,
u_16694,0.04062342872790327,1647,0.0,0.787,0.0
u_16695,0.0,-1,0.0,,
u_16696,0.0,-1,0.0,,
u_16697,0.0,-1,0.0,,
u_16698,0.0,-1,0.0,,
u_16699,0.0796324474589844,1021,0.0,0.787,0.0
u_16700,0.0,-1,0.0,,
u_16701,0.0431806275175081,3162,0.0,0.787,0.0
u_16702,0.0,-1,0.0,,
u_16703,0.0,-1,0.0,,
u_16704,0.043034914056465874,5157,0.0,0.787,0.0
u_16705,0.0,-1,0.0,,
u_16706,0.0,-1,0.0,,
u_16707,0.0,-1,0.0,,
u_16708,0.00024901224680953647,1726,0.0,0.005,0.0
u_16709,0.0,-1,0.0,,
u_16710,0.039890379382147394,1561,0.0,0.787,0.0
u_16711,0.03989183323313792,1620,0.0,0.787,0.0
u_16712,0.0,-1,0.0,,
u_16713,0.0,-1,0.0,,
u_16714,0.0,-1,0.0,,
u_16715,0.0,-1,0.0,,
u_16716,0.019995373850053132,4282,0.0,0.365,0.0
u_16717,0.0,-1,0.0,,
u_16718,0.043034914056465874,1399,0.0,0.787,0.0
u_16719,0.08482601603222599,201,0.0,0.787,0.0
u_16720,0.0,-1,0.0,,
u_16721,0.0,-1,0.0,,
u_16722,0.0,-1,0.0,,
u_16723,0.043034914056465874,1744,0.0,0.787,0.0
u_16724,0.039888400834383234,109,0.0,0.787,0.0
u_16725,0.000809721241110575,2544,0.0,0.015,0.0
u_16726,0.0,-1,0.0,,
u_16727,0.0,-1,0.0,,
u_16728,0.043034914056465874,4269,0.0,0.787,0.0
u_16729,0.0,-1,0.0,,
u_16730,0.0,-1,0.0,,
u_16731,0.04153423227604981,1855,0.0,0.787,0.0
u_16732,0.0,-1,0.0,,
u_16733,0.0,-1,0.0,,
u_16734,0.0,-1,0.0,,
u_16735,0.0,-1,0.0,,
u_16736,0.0436630369741476,79,0.0,0.787,0.0
u_16737,0.00010812575607786155,95,0.0,0.001,0.0
u_16738,0.0,-1,0.0,,
u_16739,0.004484297037469625,3557,0.0,0.082,0.0
u_16740,0.0,-1,0.0,,
u_16741,0.0035608997152421183,3444,0.0,0.066,0.0
u_16742,0.0,-1,0.0,,
u_16743,0.041183721364419786,268,0.0,0.787,0.0
u_16744,0.043034914056465874,5267,0.0,0.787,0.0
u_16745,0.0,-1,0.0,,
u_16746,0.0,-1,0.0,,
u_16747,0.0,-1,0.0,,
u_16748,0.0,-1,0.0,,
u_16749,0.041250420855697724,249,0.0,0.787,0.0
u_16750,0.0,-1,0.0,,
u_16751,0.0,-1,0.0,,
u_16752,0.03536763965532046,89,0.0,0.681,0.0
u_16753,0.0,-1,0.0,,
u_16754,0.0,-1,0.0,,
u_16755,0.0,-1,0.0,,
u_16756,0.0,-1,0.0,,
u_16757,0.0,-1,0.0,,
u_16758,0.0009135014438107256,492,0.0,0.017,0.0
u_16759,0.0,-1,0.0,,
u_16760,0.043034914056465874,4147,0.0,0.787,0.0
u_16761,0.0,-1,0.0,,
u_16762,0.0,-1,0.0,,
u_16763,0.0,-1,0.0,,
u_16764,0.0,-1,0.0,,
u_16765,0.0005977519300801905,2229,0.0,0.011,0.0
u_16766,0.043034914056465874,6078,0.0,0.787,0.0
u_16767,0.0,-1,0.0,,
u_16768,0.0,-1,0.0,,
u_16769,0.0,-1,0.0,,
u_16770,0.0,-1,0.0,,
u_16771,0.002338391415941471,3167,0.0,0.043,0.0
u_16772,0.0,-1,0.0,,
u_16773,0.0,-1,0.0,,
u_16774,0.0,-1,0.0,,
u_16775,0.0,-1,0.0,,
u_16776,0.0,-1,0.0,,
u_16777,0.0,-1,0.0,,
u_16778,0.043034914056465874,6079,0.0,0.787,0.0
u_16779,0.043034914056465874,4930,0.0,0.787,0.0
u_16780,0.0,-1,0.0,,
u_16781,0.0,-1,0.0,,
u_16782,0.0,-1,0.0,,
u_16783,0.0,-1,0.0,,
u_16784,0.0,-1,0.0,,
u_16785,0.0,-1,0.0,,
u_16786,0.0,-1,0.0,,
u_16787,0.043034914056465874,6080,0.0,0.787,0.0
u_16788,0.0,-1,0.0,,
u_16789,0.00024655430667759295,460,0.0,0.002,0.0
u_16790,0.0,-1,0.0,,
u_16791,0.0,-1,0.0,,
u_16792,0.08208406878305516,4028,0.0,0.787,0.0
u_16793,0.043034914056465874,3354,0.0,0.787,0.0
u_16794,0.0,-1,0.0,,
u_16795,0.0,-1,0.0,,
u_16796,0.0,-1,0.0,,
u_16797,0.004823241789270442,3602,0.0,0.088,0.0
u_16798,0.0,-1,0.0,,
u_16799,0.0,-1,0.0,,
u_16800,0.013298447738622177,71,0.0,0.128,0.0
u_16801,0.0,-1,0.0,,
u_16802,0.0,-1,0.0,,
u_16803,0.0,-1,0.0,,
u_16804,0.0,-1,0.0,,
u_16805,0.0,-1,0.0,,
u_16806,0.0,-1,0.0,,
u_16807,0.043034914056465874,544,0.0,0.787,0.0
u_16808,0.03988783235976912,2484,0.0,0.787,0.0
u_16809,0.0,-1,0.0,,
u_16810,0.043034914056465874,5268,0.0,0.787,0.0
u_16811,0.0,-1,0.0,,
u_16812,0.0,-1,0.0,,
u_16813,0.0,-1,0.0,,
u_16814,0.0,-1,0.0,,
u_16815,0.043034914056465874,6081,0.0,0.787,0.0
u_16816,0.0,-1,0.0,,
u_16817,0.006096663580521134,2411,0.0,0.115,0.0
u_16818,0.043034914056465874,2467,0.0,0.787,0.0
u_16819,0.039887671948434004,582,0.0,0.787,0.0
u_16820,0.043034914056465874,6082,0.0,0.787,0.0
u_16821,0.0,-1,0.0,,
u_16822,0.0,-1,0.0,,
u_16823,0.0,-1,0.0,,
u_16824,0.0,-1,0.0,,
u_16825,0.0,-1,0.0,,
u_16826,0.043034914056465874,1747,0.0,0.787,0.0
u_16827,0.0,-1,0.0,,
u_16828,0.03988783801632631,290,0.0,0.787,0.0
u_16829,0.0,-1,0.0,,
u_16830,0.03988956722780023,61,0.0,0.787,0.0
u_16831,0.0,-1,0.0,,
u_16832,0.043034914056465874,2114,0.0,0.787,0.0
u_16833,0.043034914056465874,2948,0.0,0.787,0.0
u_16834,0.0,-1,0.0,,
u_16835,0.03988923029171234,1987,0.0,0.787,0.0
u_16836,0.0,-1,0.0,,
u_16837,0.0,-1,0.0,,
u_16838,0.0,-1,0.0,,
u_16839,0.0,-1,0.0,,
u_16840,0.003406768313883433,628,0.0,0.059,0.0
u_16841,0.0,-1,0.0,,
u_16842,0.0,-1,0.0,,
u_16843,0.0003210742832604214,1891,0.0,0.006,0.0
u_16844,0.0,-1,0.0,,
u_16845,0.043034914056465874,6083,0.0,0.787,0.0
u_16846,0.0,-1,0.0,,
u_16847,0.0,-1,0.0,,
u_16848,0.08236630710979355,6032,0.0,0.787,0.0
u_16849,0.043034914056465874,3912,0.0,0.787,0.0
u_16850,0.0,-1,0.0,,
u_16851,0.042130407716432006,5639,0.0,0.787,0.0
u_16852,0.0,-1,0.0,,
u_16853,9.73999621711867e-05,244,0.0,0.001,0.0
u_16854,0.0,-1,0.0,,
u_16855,0.0,-1,0.0,,
u_16856,0.0,-1,0.0,,
u_16857,0.043034914056465874,1335,0.0,0.787,0.0
u_16858,0.0,-1,0.0,,
u_16859,0.0,-1,0.0,,
u_16860,0.03989168098035918,3694,0.0,0.787,0.0
u_16861,0.043034914056465874,6084,0.0,0.787,0.0
u_16862,0.0,-1,0.0,,
u_16863,0.0,-1,0.0,,
u_16864,0.042130407716432006,5269,0.0,0.787,0.0
u_16865,0.0,-1,0.0,,
u_16866,0.05743985818321758,4475,0.0,0.537,0.0
u_16867,0.0,-1,0.0,,
u_16868,0.00040312070052345535,2079,0.0,0.007,0.0
u_16869,0.08417531978986129,2048,0.0,0.787,0.0
u_16870,0.0,-1,0.0,,
u_16871,0.10067624129105639,3352,0.0,0.941,0.0
u_16872,0.0,-1,0.0,,
u_16873,0.0037056296575479083,3059,0.0,0.035,0.0
u_16874,0.043034914056465874,5967,0.0,0.787,0.0
u_16875,0.0,-1,0.0,,
u_16876,0.0,-1,0.0,,
u_16877,0.043034914056465874,3069,0.0,0.787,0.0
u_16878,0.00016660145423549235,855,0.0,0.002,0.0
u_16879,0.0008632044355786158,49,0.0,0.006,0.0
u_16880,0.043034914056465874,5270,0.0,0.787,0.0
u_16881,0.03829874906903041,517,0.0,0.635,0.0
u_16882,0.0,-1,0.0,,
u_16883,0.0,-1,0.0,,
u_16884,0.0,-1,0.0,,
u_16885,0.0,-1,0.0,,
u_16886,0.043034914056465874,6085,0.0,0.787,0.0
u_16887,0.0,-1,0.0,,
u_16888,0.0,-1,0.0,,
u_16889,0.0,-1,0.0,,
u_16890,0.0,-1,0.0,,
u_16891,0.0,-1,0.0,,
u_16892,0.08400974827222835,1723,0.0,0.787,0.0
u_16893,0.043034914056465874,6086,0.0,0.787,0.0
u_16894,0.0,-1,0.0,,
u_16895,0.0,-1,0.0,,
u_16896,0.0,-1,0.0,,
u_16897,0.0001354524037434187,1261,0.0,0.002,0.0
u_16898,0.0,-1,0.0,,
u_16899,0.024223504155953035,4070,0.0,0.223,0.0
u_16900,0.0,-1,0.0,,
u_16901,0.0,-1,0.0,,
u_16902,0.0,-1,0.0,,
u_16903,0.0,-1,0.0,,
u_16904,0.039888678707342085,1541,0.0,0.787,0.0
u_16905,0.011253276059758021,622,0.0,0.205,0.0
u_16906,0.0,-1,0.0,,
u_16907,0.0,-1,0.0,,
u_16908,0.0,-1,0.0,,
u_16909,0.0,-1,0.0,,
u_16910,5.839222729925431e-05,486,0.0,0.001,0.0
u_16911,0.08494087486820531,933,0.0,0.787,0.0
u_16912,0.0,-1,0.0,,
u_16913,0.0,-1,0.0,,
u_16914,0.0,-1,0.0,,
u_16915,0.00035808661860536455,1504,0.0,0.003,0.0
u_16916,0.0,-1,0.0,,
u_16917,0.0,-1,0.0,,
u_16918,0.0,-1,0.0,,
u_16919,0.07963137410391849,327,0.0,0.787,0.0
u_16920,0.0,-1,0.0,,
u_16921,0.043034914056465874,5271,0.0,0.787,0.0
u_16922,0.043034914056465874,4382,0.0,0.787,0.0
u_16923,0.0,-1,0.0,,
u_16924,0.0,-1,0.0,,
u_16925,0.0,-1,0.0,,
u_16926,0.0046949903351988335,1122,0.0,0.045,0.0
u_16927,0.00013700886741733993,161,0.0,0.003,0.0
u_16928,0.0,-1,0.0,,
u_16929,0.043034914056465874,6087,0.0,0.787,0.0
u_16930,0.009032220800091962,3928,0.0,0.164,0.0
u_16931,0.0,-1,0.0,,
u_16932,0.006883504326658967,3771,0.0,0.122,0.0
u_16933,0.0,-1,0.0,,
u_16934,0.043034914056465874,6088,0.0,0.787,0.0
u_16935,0.0,-1,0.0,,
u_16936,0.0,-1,0.0,,
u_16937,0.043034914056465874,758,0.0,0.787,0.0
u_16938,0.0,-1,0.0,,
u_16939,0.0007284464336443364,843,0.0,0.007,0.0
u_16940,0.0,-1,0.0,,
u_16941,0.0,-1,0.0,,
u_16942,0.0,-1,0.0,,
u_16943,0.00019110137654057725,83,0.0,0.004,0.0
u_16944,0.0,-1,0.0,,
u_16945,0.00041775668792080705,2090,0.0,0.007,0.0
u_16946,0.0,-1,0.0,,
u_16947,0.0,-1,0.0,,
u_16948,0.0,-1,0.0,,
u_16949,0.08417531978986129,1540,0.0,0.787,0.0
u_16950,0.0,-1,0.0,,
u_16951,0.0,-1,0.0,,
u_16952,0.016540317522145055,4195,0.0,0.302,0.0
u_16953,0.0,-1,0.0,,
u_16954,0.0,-1,0.0,,
u_16955,0.043034914056465874,2521,0.0,0.787,0.0
u_16956,0.010530109420710143,919,0.0,0.103,0.0
u_16957,0.0,-1,0.0,,
u_16958,0.04440693011863265,61,0.0,0.847,0.0
u_16959,0.0,-1,0.0,,
u_16960,0.0,-1,0.0,,
u_16961,0.00011051916523732719,665,0.0,0.002,0.0
u_16962,0.039888043617549385,3471,0.0,0.787,0.0
u_16963,0.0,-1,0.0,,
u_16964,0.0,-1,0.0,,
u_16965,0.0005029175080271878,2237,0.0,0.009,0.0
u_16966,0.0,-1,0.0,,
u_16967,0.0,-1,0.0,,
u_16968,0.0,-1,0.0,,
u_16969,0.0,-1,0.0,,
u_16970,0.0,-1,0.0,,
u_16971,0.043034914056465874,5186,0.0,0.787,0.0
u_16972,0.0,-1,0.0,,
u_16973,0.0,-1,0.0,,
u_16974,0.0,-1,0.0,,
u_16975,0.027809344915286516,4136,0.0,0.266,0.0
u_16976,0.0,-1,0.0,,
u_16977,0.0,-1,0.0,,
u_16978,0.0796310479752741,1025,0.0,0.787,0.0
u_16979,0.040067875049168485,513,0.0,0.257,0.0
u_16980,0.0,-1,0.0,,
u_16981,0.0,-1,0.0,,
u_16982,0.0,-1,0.0,,
u_16983,0.0,-1,0.0,,
u_16984,0.03989418544469178,1501,0.0,0.787,0.0
u_16985,0.0,-1,0.0,,
u_16986,0.0,-1,0.0,,
u_16987,0.0,-1,0.0,,
u_16988,0.00014085441872847715,378,0.0,0.003,0.0
u_16989,0.0,-1,0.0,,
u_16990,0.043034914056465874,6089,0.0,0.787,0.0
u_16991,0.004635317761157204,3166,0.0,0.043,0.0
u_16992,0.016511624943235766,4194,0.0,0.302,0.0
u_16993,0.04186749519520987,93,0.0,0.787,0.0
u_16994,0.043034914056465874,3335,0.0,0.787,0.0
u_16995,0.0,-1,0.0,,
u_16996,0.0,-1,0.0,,
u_16997,0.0,-1,0.0,,
u_16998,0.0,-1,0.0,,
u_16999,0.0,-1,0.0,,
u_17000,0.043034914056465874,5259,0.0,0.787,0.0
u_17001,0.0,-1,0.0,,
u_17002,0.00019491114141818375,847,0.0,0.004,0.0
u_17003,0.043034914056465874,5896,0.0,0.787,0.0
u_17004,0.04031254020936285,1673,0.0,0.787,0.0
u_17005,0.0,-1,0.0,,
u_17006,0.051830042585171064,4720,0.0,0.947,0.0
u_17007,0.0,-1,0.0,,
u_17008,0.0,-1,0.0,,
u_17009,0.05071835570971396,1487,0.0,0.318,0.0
u_17010,0.0,-1,0.0,,
u_17011,0.0,-1,0.0,,
u_17012,0.043034914056465874,5272,0.0,0.787,0.0
u_17013,0.0,-1,0.0,,
u_17014,0.0012847431808302424,2832,0.0,0.023,0.0
u_17015,0.008133849947630379,74,0.0,0.158,0.0
u_17016,0.04089432447608211,74,0.0,0.787,0.0
u_17017,0.0,-1,0.0,,
u_17018,0.043034914056465874,5007,0.0,0.787,0.0
u_17019,0.0003863890798866137,176,0.0,0.004,0.0
u_17020,0.12540286366899958,1945,0.0,0.787,0.0
u_17021,0.0,-1,0.0,,
u_17022,0.043034914056465874,5273,0.0,0.787,0.0
u_17023,0.0,-1,0.0,,
u_17024,0.043034914056465874,6002,0.0,0.787,0.0
u_17025,0.0,-1,0.0,,
u_17026,0.0,-1,0.0,,
u_17027,0.043034914056465874,3504,0.0,0.787,0.0
u_17028,0.0,-1,0.0,,
u_17029,0.003622833204696036,154,0.0,0.07,0.0
u_17030,0.0,-1,0.0,,
u_17031,0.04221169475047407,4629,0.0,0.787,0.0
u_17032,0.0,-1,0.0,,
u_17033,0.043034914056465874,6090,0.0,0.787,0.0
u_17034,9.072219925784405e-05,981,0.0,0.002,0.0
u_17035,0.0,-1,0.0,,
u_17036,0.0013048355135794132,2850,0.0,0.024,0.0
u_17037,0.0,-1,0.0,,
u_17038,0.0003844500553310237,2056,0.0,0.007,0.0
u_17039,0.0,-1,0.0,,
u_17040,0.043034914056465874,6091,0.0,0.787,0.0
u_17041,0.0,-1,0.0,,
u_17042,0.0,-1,0.0,,
u_17043,0.0,-1,0.0,,
u_17044,0.0,-1,0.0,,
u_17045,0.0,-1,0.0,,
u_17046,0.0,-1,0.0,,
u_17047,0.0,-1,0.0,,
u_17048,0.0,-1,0.0,,
u_17049,7.265329816075102e-05,683,0.0,0.001,0.0
u_17050,0.0,-1,0.0,,
u_17051,0.0,-1,0.0,,
u_17052,0.0,-1,0.0,,
u_17053,0.043034914056465874,5274,0.0,0.787,0.0
u_17054,0.0007026938491999806,49,0.0,0.014,0.0
u_17055,0.0,-1,0.0,,
u_17056,0.0,-1,0.0,,
u_17057,0.043034914056465874,4627,0.0,0.787,0.0
u_17058,0.009361368087535921,3598,0.0,0.087,0.0
u_17059,0.043034914056465874,3987,0.0,0.787,0.0
u_17060,0.0,-1,0.0,,
u_17061,0.0,-1,0.0,,
u_17062,0.0,-1,0.0,,
u_17063,0.0,-1,0.0,,
u_17064,0.00015916409595157868,266,0.0,0.003,0.0
u_17065,0.0020886796266662067,1130,0.0,0.02,0.0
u_17066,0.043034914056465874,4882,0.0,0.787,0.0
u_17067,0.0,-1,0.0,,
u_17068,0.0,-1,0.0,,
u_17069,0.0,-1,0.0,,
u_17070,0.03257216475868582,2866,0.0,0.612,0.0
u_17071,0.0,-1,0.0,,
u_17072,0.0,-1,0.0,,
u_17073,0.002099154222678948,1468,0.0,0.02,0.0
u_17074,0.0008144712359794324,2530,0.0,0.014,0.0
u_17075,0.0,-1,0.0,,
u_17076,0.0,-1,0.0,,
u_17077,0.0,-1,0.0,,
u_17078,0.042130407716432006,5275,0.0,0.787,0.0
u_17079,0.0,-1,0.0,,
u_17080,0.0,-1,0.0,,
u_17081,0.0,-1,0.0,,
u_17082,0.0,-1,0.0,,
u_17083,0.043034914056465874,1968,0.0,0.787,0.0
u_17084,0.0,-1,0.0,,
u_17085,0.0,-1,0.0,,
u_17086,0.0,-1,0.0,,
u_17087,0.0,-1,0.0,,
u_17088,0.0,-1,0.0,,
u_17089,0.0,-1,0.0,,
u_17090,0.00022627525765308472,63,0.0,0.002,0.0
u_17091,0.0,-1,0.0,,
u_17092,0.0,-1,0.0,,
u_17093,0.0,-1,0.0,,
u_17094,0.0398872754941205,3637,0.0,0.787,0.0
u_17095,0.0,-1,0.0,,
u_17096,0.02991146223658931,3547,0.0,0.281,0.0
u_17097,0.026204704064717924,4417,0.0,0.479,0.0
u_17098,0.0,-1,0.0,,
u_17099,0.0001749507898870962,1465,0.0,0.003,0.0
u_17100,0.0,-1,0.0,,
u_17101,0.00044485569426920964,297,0.0,0.008,0.0
u_17102,0.0,-1,0.0,,
u_17103,0.043034914056465874,6092,0.0,0.787,0.0
u_17104,0.05161851327135228,962,0.0,0.488,0.0
u_17105,0.0,-1,0.0,,
u_17106,0.0,-1,0.0,,
u_17107,0.14862604203843707,1214,0.0,0.93,0.0
u_17108,0.03988745299257178,3979,0.0,0.787,0.0
u_17109,0.0014426566346637693,547,0.0,0.027,0.0
u_17110,0.0,-1,0.0,,
u_17111,0.0,-1,0.0,,
u_17112,0.0,-1,0.0,,
u_17113,0.0,-1,0.0,,
u_17114,0.0,-1,0.0,,
u_17115,0.0,-1,0.0,,
u_17116,0.0,-1,0.0,,
u_17117,0.0,-1,0.0,,
u_17118,0.0,-1,0.0,,
u_17119,0.0,-1,0.0,,
u_17120,4.570710976390312e-05,153,0.0,0.001,0.0
u_17121,0.0027572200562977116,3270,0.0,0.05,0.0
u_17122,0.015558022526528938,4173,0.0,0.284,0.0
u_17123,0.0,-1,0.0,,
u_17124,0.0,-1,0.0,,
u_17125,0.08285872868885673,3572,0.0,0.787,0.0
u_17126,0.0,-1,0.0,,
u_17127,0.0,-1,0.0,,
u_17128,0.04161700390834613,2569,0.0,0.787,0.0
u_17129,0.08417531978986129,5276,0.0,0.787,0.0
u_17130,0.0005283599216258781,2272,0.0,0.01,0.0
u_17131,0.0,-1,0.0,,
u_17132,0.0,-1,0.0,,
u_17133,0.0,-1,0.0,,
u_17134,0.0,-1,0.0,,
u_17135,0.039887817705789974,650,0.0,0.787,0.0
u_17136,0.0,-1,0.0,,
u_17137,0.043034914056465874,806,0.0,0.787,0.0
u_17138,0.00011209450070661795,1110,0.0,0.002,0.0
u_17139,0.0,-1,0.0,,
u_17140,0.0,-1,0.0,,
u_17141,0.0,-1,0.0,,
u_17142,0.001488826410352315,2976,0.0,0.029,0.0
u_17143,0.0,-1,0.0,,
u_17144,0.043034914056465874,5277,0.0,0.787,0.0
u_17145,0.053602284006061506,161,0.0,0.957,0.0
u_17146,0.0,-1,0.0,,
u_17147,0.0443692712317049,4677,0.0,0.787,0.0
u_17148,0.0,-1,0.0,,
u_17149,0.040349748261048236,2471,0.0,0.787,0.0
u_17150,0.039887800163388804,89,0.0,0.787,0.0
u_17151,0.0,-1,0.0,,
u_17152,0.0,-1,0.0,,
u_17153,0.04301392002482489,526,0.0,0.787,0.0
u_17154,0.0,-1,0.0,,
u_17155,0.0,-1,0.0,,
u_17156,0.0,-1,0.0,,
u_17157,0.0,-1,0.0,,
u_17158,0.0,-1,0.0,,
u_17159,0.0,-1,0.0,,
u_17160,0.0,-1,0.0,,
u_17161,0.0,-1,0.0,,
u_17162,0.0005716084835910718,2319,0.0,0.01,0.0
u_17163,0.043034914056465874,5278,0.0,0.787,0.0
u_17164,0.0,-1,0.0,,
u_17165,0.040669858206922545,402,0.0,0.787,0.0
u_17166,0.043034914056465874,2943,0.0,0.787,0.0
u_17167,0.0,-1,0.0,,
u_17168,0.0,-1,0.0,,
u_17169,0.0004302934004727097,1668,0.0,0.004,0.0
u_17170,0.0,-1,0.0,,
u_17171,0.0,-1,0.0,,
u_17172,0.043034914056465874,1451,0.0,0.787,0.0
u_17173,0.0838262373934803,1180,0.0,0.787,0.0
u_17174,0.0,-1,0.0,,
u_17175,0.0,-1,0.0,,
u_17176,0.0,-1,0.0,,
u_17177,0.0,-1,0.0,,
u_17178,0.08475042230329939,549,0.0,0.787,0.0
u_17179,0.0,-1,0.0,,
u_17180,0.0426211001744807,3011,0.0,0.787,0.0
u_17181,0.0,-1,0.0,,
u_17182,0.0,-1,0.0,,
u_17183,0.0,-1,0.0,,
u_17184,0.013948586942767207,3799,0.0,0.129,0.0
u_17185,0.03988806899483813,717,0.0,0.787,0.0
u_17186,0.0,-1,0.0,,
u_17187,0.04144576223783501,1576,0.0,0.787,0.0
u_17188,0.0,-1,0.0,,
u_17189,0.0,-1,0.0,,
u_17190,0.043034914056465874,5279,0.0,0.787,0.0
u_17191,0.0,-1,0.0,,
u_17192,0.0019721499261972347,3080,0.0,0.036,0.0
u_17193,0.0,-1,0.0,,
u_17194,0.0,-1,0.0,,
u_17195,0.0,-1,0.0,,
u_17196,0.0,-1,0.0,,
u_17197,0.0,-1,0.0,,
u_17198,0.041006779911346165,61,0.0,0.787,0.0
u_17199,0.0,-1,0.0,,
u_17200,0.0,-1,0.0,,
u_17201,0.0,-1,0.0,,
u_17202,0.0,-1,0.0,,
u_17203,0.0003435843410616732,1963,0.0,0.006,0.0
u_17204,0.03434461566728726,4548,0.0,0.628,0.0
u_17205,0.0,-1,0.0,,
u_17206,0.0,-1,0.0,,
u_17207,0.043034914056465874,5280,0.0,0.787,0.0
u_17208,0.00013872799435433962,699,0.0,0.003,0.0
u_17209,0.0,-1,0.0,,
u_17210,0.043034914056465874,5155,0.0,0.787,0.0
u_17211,0.00011404791176325688,461,0.0,0.001,0.0
u_17212,0.0,-1,0.0,,
u_17213,0.044905171558570635,1972,0.0,0.856,0.0
u_17214,0.0,-1,0.0,,
u_17215,0.0,-1,0.0,,
u_17216,0.0,-1,0.0,,
u_17217,0.0,-1,0.0,,
u_17218,0.0,-1,0.0,,
u_17219,0.0,-1,0.0,,
u_17220,0.0,-1,0.0,,
u_17221,0.0010168555859606035,80,0.0,0.019,0.0
u_17222,0.0,-1,0.0,,
u_17223,0.0,-1,0.0,,
u_17224,0.0,-1,0.0,,
u_17225,0.00043152521477459284,277,0.0,0.008,0.0
u_17226,0.0,-1,0.0,,
u_17227,0.0,-1,0.0,,
u_17228,0.0,-1,0.0,,
u_17229,0.0,-1,0.0,,
u_17230,0.0,-1,0.0,,
u_17231,0.043034914056465874,5281,0.0,0.787,0.0
u_17232,0.0,-1,0.0,,
u_17233,0.043396706940300164,3954,0.0,0.787,0.0
u_17234,0.0,-1,0.0,,
u_17235,0.0,-1,0.0,,
u_17236,0.0,-1,0.0,,
u_17237,0.0,-1,0.0,,
u_17238,0.0,-1,0.0,,
u_17239,0.043034914056465874,2093,0.0,0.787,0.0
u_17240,0.0,-1,0.0,,
u_17241,0.04226131463083362,222,0.0,0.787,0.0
u_17242,0.0,-1,0.0,,
u_17243,0.0,-1,0.0,,
u_17244,0.039887558607518504,2191,0.0,0.787,0.0
u_17245,0.0,-1,0.0,,
u_17246,0.0,-1,0.0,,
u_17247,0.0,-1,0.0,,
u_17248,0.0,-1,0.0,,
u_17249,0.0004301354325464666,2146,0.0,0.008,0.0
u_17250,0.0,-1,0.0,,
u_17251,0.0,-1,0.0,,
u_17252,0.043034914056465874,5282,0.0,0.787,0.0
u_17253,0.0,-1,0.0,,
u_17254,0.0,-1,0.0,,
u_17255,0.0,-1,0.0,,
u_17256,0.0,-1,0.0,,
u_17257,0.0,-1,0.0,,
u_17258,0.0007348944432685498,797,0.0,0.007,0.0
u_17259,0.0,-1,0.0,,
u_17260,0.0,-1,0.0,,
u_17261,0.0,-1,0.0,,
u_17262,0.0,-1,0.0,,
u_17263,0.0,-1,0.0,,
u_17264,0.0,-1,0.0,,
u_17265,0.0,-1,0.0,,
u_17266,0.0,-1,0.0,,
u_17267,0.008328230634604266,3886,0.0,0.152,0.0
u_17268,0.0,-1,0.0,,
u_17269,0.0,-1,0.0,,
u_17270,0.011501588360654725,4048,0.0,0.21,0.0
u_17271,0.0,-1,0.0,,
u_17272,0.0405605553786628,1028,0.0,0.787,0.0
u_17273,0.0,-1,0.0,,
u_17274,0.0,-1,0.0,,
u_17275,0.0,-1,0.0,,
u_17276,0.0,-1,0.0,,
u_17277,0.0009568851250039853,1921,0.0,0.006,0.0
u_17278,0.0,-1,0.0,,
u_17279,0.043034914056465874,144,0.0,0.787,0.0
u_17280,0.043034914056465874,5283,0.0,0.787,0.0
u_17281,0.0,-1,0.0,,
u_17282,0.0,-1,0.0,,
u_17283,0.0,-1,0.0,,
u_17284,0.0,-1,0.0,,
u_17285,0.0032774965533411654,178,0.0,0.021,0.0
u_17286,0.0,-1,0.0,,
u_17287,0.0,-1,0.0,,
u_17288,0.0,-1,0.0,,
u_17289,0.00018064984157092852,1492,0.0,0.003,0.0
u_17290,0.0,-1,0.0,,
u_17291,0.043034914056465874,3626,0.0,0.787,0.0
u_17292,0.043034914056465874,4756,0.0,0.787,0.0
u_17293,0.0,-1,0.0,,
u_17294,0.0,-1,0.0,,
u_17295,0.0,-1,0.0,,
u_17296,0.0,-1,0.0,,
u_17297,0.0,-1,0.0,,
u_17298,0.03989679151252361,1766,0.0,0.787,0.0
u_17299,0.0,-1,0.0,,
u_17300,0.0,-1,0.0,,
u_17301,0.0,-1,0.0,,
u_17302,0.0,-1,0.0,,
u_17303,0.0,-1,0.0,,
u_17304,0.0,-1,0.0,,
u_17305,0.0,-1,0.0,,
u_17306,0.0,-1,0.0,,
u_17307,0.0,-1,0.0,,
u_17308,0.043034914056465874,3260,0.0,0.787,0.0
u_17309,0.001529331590938116,1193,0.0,0.03,0.0
u_17310,0.0,-1,0.0,,
u_17311,0.0,-1,0.0,,
u_17312,0.0,-1,0.0,,
u_17313,0.0,-1,0.0,,
u_17314,0.0,-1,0.0,,
u_17315,0.0,-1,0.0,,
u_17316,0.0,-1,0.0,,
u_17317,0.0,-1,0.0,,
u_17318,0.0,-1,0.0,,
u_17319,0.04412007685994387,1048,0.0,0.787,0.0
u_17320,0.0,-1,0.0,,
u_17321,0.0,-1,0.0,,
u_17322,0.0,-1,0.0,,
u_17323,0.0,-1,0.0,,
u_17324,0.0,-1,0.0,,
u_17325,0.0,-1,0.0,,
u_17326,0.043034914056465874,3559,0.0,0.787,0.0
u_17327,0.0,-1,0.0,,
u_17328,0.0,-1,0.0,,
u_17329,0.002034495334479848,2144,0.0,0.038,0.0
u_17330,0.0,-1,0.0,,
u_17331,0.0,-1,0.0,,
u_17332,0.043034914056465874,1746,0.0,0.787,0.0
u_17333,0.0,-1,0.0,,
u_17334,0.043034914056465874,6077,0.0,0.787,0.0
u_17335,0.00348134722256866,3029,0.0,0.033,0.0
u_17336,0.0,-1,0.0,,
u_17337,0.00022529049385073204,1030,0.0,0.004,0.0
u_17338,0.0003586326875594724,2007,0.0,0.007,0.0
u_17339,0.08417531978986129,5284,0.0,0.787,0.0
u_17340,0.04437081753014961,3235,0.0,0.787,0.0
u_17341,0.0,-1,0.0,,
u_17342,0.0,-1,0.0,,
u_17343,0.0,-1,0.0,,
u_17344,0.0,-1,0.0,,
u_17345,0.0,-1,0.0,,
u_17346,0.0,-1,0.0,,
u_17347,0.0,-1,0.0,,
u_17348,0.00029671789966092404,1851,0.0,0.005,0.0
u_17349,0.04378117515654335,1855,0.0,0.787,0.0
u_17350,0.043034914056465874,3247,0.0,0.787,0.0
u_17351,0.0,-1,0.0,,
u_17352,0.0,-1,0.0,,
u_17353,0.041096310839869934,796,0.0,0.787,0.0
u_17354,0.043034914056465874,3853,0.0,0.787,0.0
u_17355,0.0,-1,0.0,,
u_17356,0.0,-1,0.0,,
u_17357,0.00041460420611893686,1390,0.0,0.004,0.0
u_17358,0.0,-1,0.0,,
u_17359,0.0,-1,0.0,,
u_17360,0.08046672780712329,473,0.0,0.787,0.0
u_17361,0.0,-1,0.0,,
u_17362,0.0,-1,0.0,,
u_17363,0.0,-1,0.0,,
u_17364,0.00675217158480419,3774,0.0,0.123,0.0
u_17365,0.0,-1,0.0,,
u_17366,0.04015197708131177,1341,0.0,0.787,0.0
u_17367,0.0,-1,0.0,,
u_17368,0.0,-1,0.0,,
u_17369,0.027541801137470855,1807,0.0,0.506,0.0
u_17370,0.040923268577399446,1810,0.0,0.787,0.0
u_17371,0.0,-1,0.0,,
u_17372,0.0,-1,0.0,,
u_17373,0.033808186851927234,980,0.0,0.628,0.0
u_17374,0.0,-1,0.0,,
u_17375,0.0,-1,0.0,,
u_17376,0.0,-1,0.0,,
u_17377,0.0,-1,0.0,,
u_17378,0.03728747114671441,61,0.0,0.237,0.0
u_17379,0.0,-1,0.0,,
u_17380,0.042130407716432006,5158,0.0,0.787,0.0
u_17381,0.039893189647508216,1379,0.0,0.787,0.0
u_17382,0.0015145656677584488,2954,0.0,0.028,0.0
u_17383,0.0,-1,0.0,,
u_17384,0.043034914056465874,5285,0.0,0.787,0.0
u_17385,0.043034914056465874,686,0.0,0.787,0.0
u_17386,0.0,-1,0.0,,
u_17387,0.0,-1,0.0,,
u_17388,0.044366629988172236,1501,0.0,0.787,0.0
u_17389,0.0,-1,0.0,,
u_17390,0.08417531978986129,392,0.0,0.787,0.0
u_17391,0.0,-1,0.0,,
u_17392,0.0001531927822543052,774,0.0,0.001,0.0
u_17393,0.004786497216121478,1363,0.0,0.047,0.0
u_17394,0.0,-1,0.0,,
u_17395,0.0,-1,0.0,,
u_17396,0.0,-1,0.0,,
u_17397,0.011087540696422295,4031,0.0,0.203,0.0
u_17398,0.08369309700317355,477,0.0,0.787,0.0
u_17399,0.0,-1,0.0,,
u_17400,0.0,-1,0.0,,
u_17401,0.042130407716432006,5286,0.0,0.787,0.0
u_17402,0.0,-1,0.0,,
u_17403,0.11927355921033352,112,0.0,0.787,0.0
u_17404,0.00017141536300790275,1448,0.0,0.003,0.0
u_17405,0.0,-1,0.0,,
u_17406,0.03988899066529981,3788,0.0,0.787,0.0
u_17407,0.0,-1,0.0,,
u_17408,0.0,-1,0.0,,
u_17409,0.043034914056465874,5287,0.0,0.787,0.0
u_17410,0.051075057505242084,274,0.0,0.486,0.0
u_17411,0.0,-1,0.0,,
u_17412,0.0,-1,0.0,,
u_17413,0.0,-1,0.0,,
u_17414,4.781207342396639e-05,179,0.0,0.001,0.0
u_17415,0.0002748073634941367,1371,0.0,0.005,0.0
u_17416,0.0,-1,0.0,,
u_17417,0.0007361577416998904,2497,0.0,0.014,0.0
u_17418,0.0,-1,0.0,,
u_17419,0.08192890055641673,285,0.0,0.787,0.0
u_17420,0.0,-1,0.0,,
u_17421,0.0,-1,0.0,,
u_17422,0.0,-1,0.0,,
u_17423,0.0,-1,0.0,,
u_17424,0.0,-1,0.0,,
u_17425,0.0,-1,0.0,,
u_17426,0.043034914056465874,1012,0.0,0.787,0.0
u_17427,0.0,-1,0.0,,
u_17428,0.043034914056465874,5288,0.0,0.787,0.0
u_17429,0.043034914056465874,5891,0.0,0.787,0.0
u_17430,0.0,-1,0.0,,
u_17431,0.0009094782544121684,2616,0.0,0.017,0.0
u_17432,0.04351811378810472,2315,0.0,0.787,0.0
u_17433,0.019268704558647643,178,0.0,0.178,0.0
u_17434,0.03988977972530533,912,0.0,0.787,0.0
u_17435,0.0,-1,0.0,,
u_17436,0.04102697507439979,2790,0.0,0.787,0.0
u_17437,0.0,-1,0.0,,
u_17438,0.0,-1,0.0,,
u_17439,0.0,-1,0.0,,
u_17440,0.043034914056465874,365,0.0,0.787,0.0
u_17441,0.042242155248688885,1143,0.0,0.787,0.0
u_17442,0.0,-1,0.0,,
u_17443,0.0,-1,0.0,,
u_17444,0.0,-1,0.0,,
u_17445,0.04190247272868692,1053,0.0,0.787,0.0
u_17446,0.043034914056465874,5289,0.0,0.787,0.0
u_17447,0.0,-1,0.0,,
u_17448,0.0,-1,0.0,,
u_17449,0.044357798081692816,652,0.0,0.787,0.0
u_17450,0.0,-1,0.0,,
u_17451,0.043034914056465874,6093,0.0,0.787,0.0
u_17452,0.0,-1,0.0,,
u_17453,0.009415281086445234,3588,0.0,0.087,0.0
u_17454,0.0,-1,0.0,,
u_17455,0.04314589146118195,2060,0.0,0.787,0.0
u_17456,0.00783109404576405,3851,0.0,0.143,0.0
u_17457,0.0,-1,0.0,,
u_17458,0.0,-1,0.0,,
u_17459,0.0,-1,0.0,,
u_17460,0.0,-1,0.0,,
u_17461,0.0,-1,0.0,,
u_17462,0.0,-1,0.0,,
u_17463,0.08007740575007397,292,0.0,0.786,0.0
u_17464,0.0,-1,0.0,,
u_17465,0.0,-1,0.0,,
u_17466,0.0,-1,0.0,,
u_17467,0.0,-1,0.0,,
u_17468,0.0,-1,0.0,,
u_17469,0.0,-1,0.0,,
u_17470,0.0,-1,0.0,,
u_17471,0.0,-1,0.0,,
u_17472,0.0,-1,0.0,,
u_17473,0.0,-1,0.0,,
u_17474,0.0021293752016602508,1339,0.0,0.02,0.0
u_17475,0.043034914056465874,6094,0.0,0.787,0.0
u_17476,0.0,-1,0.0,,
u_17477,0.0,-1,0.0,,
u_17478,0.0,-1,0.0,,
u_17479,0.0,-1,0.0,,
u_17480,0.043034914056465874,5290,0.0,0.787,0.0
u_17481,0.03989121655352343,1383,0.0,0.787,0.0
u_17482,0.012741273741998094,1379,0.0,0.08,0.0
u_17483,0.0,-1,0.0,,
u_17484,0.0,-1,0.0,,
u_17485,0.00017571434881597515,7,0.0,0.003,0.0
u_17486,0.042130407716432006,5142,0.0,0.787,0.0
u_17487,0.0,-1,0.0,,
u_17488,0.0,-1,0.0,,
u_17489,0.0,-1,0.0,,
u_17490,0.0,-1,0.0,,
u_17491,0.00018007853250268208,962,0.0,0.002,0.0
u_17492,0.039891617847112266,3962,0.0,0.787,0.0
u_17493,0.0,-1,0.0,,
u_17494,0.043034914056465874,3924,0.0,0.787,0.0
u_17495,0.0,-1,0.0,,
u_17496,0.04001335554311139,89,0.0,0.787,0.0
u_17497,0.0,-1,0.0,,
u_17498,0.0,-1,0.0,,
u_17499,0.0,-1,0.0,,
u_17500,0.043034914056465874,2013,0.0,0.787,0.0
u_17501,0.0011174484578899992,2071,0.0,0.007,0.0
u_17502,0.0,-1,0.0,,
u_17503,0.0,-1,0.0,,
u_17504,0.043350004800047776,89,0.0,0.787,0.0
u_17505,0.03988734761566855,2156,0.0,0.787,0.0
u_17506,9.206382800714714e-05,941,0.0,0.002,0.0
u_17507,0.0,-1,0.0,,
u_17508,0.0,-1,0.0,,
u_17509,0.04297755062643205,167,0.0,0.787,0.0
u_17510,0.0004832571709592383,2211,0.0,0.009,0.0
u_17511,0.039887565040011876,1049,0.0,0.787,0.0
u_17512,0.043034914056465874,4944,0.0,0.787,0.0
u_17513,0.043034914056465874,5836,0.0,0.787,0.0
u_17514,0.050020733387971014,4703,0.0,0.914,0.0
u_17515,0.00042597477405509034,1200,0.0,0.004,0.0
u_17516,0.0064730926452443265,3747,0.0,0.118,0.0
u_17517,0.04150939043127722,1425,0.0,0.787,0.0
u_17518,0.0,-1,0.0,,
u_17519,0.012982660755326964,3766,0.0,0.121,0.0
u_17520,0.0,-1,0.0,,
u_17521,0.0025471193974922154,2849,0.0,0.024,0.0
u_17522,0.0,-1,0.0,,
u_17523,0.043034914056465874,6095,0.0,0.787,0.0
u_17524,0.0,-1,0.0,,
u_17525,0.043034914056465874,2838,0.0,0.787,0.0
u_17526,0.0,-1,0.0,,
u_17527,0.08065498800014399,118,0.0,0.787,0.0
u_17528,0.0,-1,0.0,,
u_17529,0.0,-1,0.0,,
u_17530,0.00698523679888073,3776,0.0,0.124,0.0
u_17531,0.0,-1,0.0,,
u_17532,0.0,-1,0.0,,
u_17533,0.0,-1,0.0,,
u_17534,0.0,-1,0.0,,
u_17535,0.0,-1,0.0,,
u_17536,0.0008915822505686454,2604,0.0,0.016,0.0
u_17537,0.0,-1,0.0,,
u_17538,0.001699224974120061,176,0.0,0.033,0.0
u_17539,0.043034914056465874,5291,0.0,0.787,0.0
u_17540,0.0009505145567439286,2624,0.0,0.017,0.0
u_17541,0.0,-1,0.0,,
u_17542,0.03988915789326384,4560,0.0,0.787,0.0
u_17543,0.0,-1,0.0,,
u_17544,0.04193369204395003,616,0.0,0.787,0.0
u_17545,0.0,-1,0.0,,
u_17546,0.00029183290726018734,1308,0.0,0.003,0.0
u_17547,0.0,-1,0.0,,
u_17548,0.03988744946822731,168,0.0,0.787,0.0
u_17549,4.571780605942032e-05,170,0.0,0.001,0.0
u_17550,0.04231440337397098,1578,0.0,0.787,0.0
u_17551,0.03989200791593626,2305,0.0,0.787,0.0
u_17552,0.0,-1,0.0,,
u_17553,0.0,-1,0.0,,
u_17554,0.0,-1,0.0,,
u_17555,0.0,-1,0.0,,
u_17556,0.0,-1,0.0,,
u_17557,0.0,-1,0.0,,
u_17558,0.0,-1,0.0,,
u_17559,0.043034914056465874,5292,0.0,0.787,0.0
u_17560,0.0,-1,0.0,,
u_17561,0.029390434437472794,1770,0.0,0.274,0.0
u_17562,0.001514931699959756,1817,0.0,0.014,0.0
u_17563,0.0,-1,0.0,,
u_17564,0.0,-1,0.0,,
u_17565,0.0,-1,0.0,,
u_17566,0.04046771147467161,222,0.0,0.787,0.0
u_17567,0.04302670250573328,1511,0.0,0.787,0.0
u_17568,0.0,-1,0.0,,
u_17569,0.04374286343874385,2035,0.0,0.787,0.0
u_17570,0.015416674867383065,332,0.0,0.288,0.0
u_17571,0.0,-1,0.0,,
u_17572,0.043034914056465874,4866,0.0,0.787,0.0
u_17573,0.043034914056465874,2199,0.0,0.787,0.0
u_17574,0.0022816941935660698,3157,0.0,0.042,0.0
u_17575,0.0,-1,0.0,,
u_17576,0.016702230409770147,4199,0.0,0.305,0.0
u_17577,0.0,-1,0.0,,
u_17578,0.04099297357652958,1088,0.0,0.787,0.0
u_17579,0.0,-1,0.0,,
u_17580,0.019999075462890807,3521,0.0,0.388,0.0
u_17581,0.04922485622960768,2967,0.0,0.953,0.0
u_17582,4.0984824346461676e-05,89,0.0,0.001,0.0
u_17583,0.04437173533453612,3365,0.0,0.787,0.0
u_17584,0.0032749741977466506,739,0.0,0.063,0.0
u_17585,0.0,-1,0.0,,
u_17586,0.025171653359967867,326,0.0,0.245,0.0
u_17587,0.0,-1,0.0,,
u_17588,0.0,-1,0.0,,
u_17589,0.0,-1,0.0,,
u_17590,0.0,-1,0.0,,
u_17591,0.043034914056465874,4503,0.0,0.787,0.0
u_17592,0.0,-1,0.0,,
u_17593,0.0,-1,0.0,,
u_17594,0.08551187624343345,4177,0.0,0.787,0.0
u_17595,0.0,-1,0.0,,
u_17596,0.0,-1,0.0,,
u_17597,0.0,-1,0.0,,
u_17598,0.0,-1,0.0,,
u_17599,0.0,-1,0.0,,
u_17600,0.036776998931414076,526,0.0,0.351,0.0
u_17601,0.0006266580500036657,2376,0.0,0.011,0.0
u_17602,0.0,-1,0.0,,
u_17603,0.0,-1,0.0,,
u_17604,0.0,-1,0.0,,
u_17605,0.0052266993921879085,74,0.0,0.102,0.0
u_17606,0.00011360681136642364,1124,0.0,0.002,0.0
u_17607,0.0,-1,0.0,,
u_17608,0.0,-1,0.0,,
u_17609,0.043034914056465874,2795,0.0,0.787,0.0
u_17610,0.0,-1,0.0,,
u_17611,0.043034914056465874,245,0.0,0.787,0.0
u_17612,0.007831739052377593,925,0.0,0.05,0.0
u_17613,0.0,-1,0.0,,
u_17614,0.0,-1,0.0,,
u_17615,0.0,-1,0.0,,
u_17616,0.001674392400815106,1309,0.0,0.03,0.0
u_17617,0.08417531978986129,1490,0.0,0.787,0.0
u_17618,0.0,-1,0.0,,
u_17619,0.08417531978986129,1730,0.0,0.787,0.0
u_17620,0.0,-1,0.0,,
u_17621,0.0,-1,0.0,,
u_17622,0.0,-1,0.0,,
u_17623,0.0,-1,0.0,,
u_17624,0.0001985111871541618,1034,0.0,0.002,0.0
u_17625,0.0,-1,0.0,,
u_17626,0.0,-1,0.0,,
u_17627,0.0,-1,0.0,,
u_17628,0.0,-1,0.0,,
u_17629,0.043034914056465874,3402,0.0,0.787,0.0
u_17630,0.005145187388224487,3640,0.0,0.094,0.0
u_17631,0.0802746052298271,1720,0.0,0.787,0.0
u_17632,0.043034914056465874,5293,0.0,0.787,0.0
u_17633,0.0,-1,0.0,,
u_17634,0.0,-1,0.0,,
u_17635,0.0,-1,0.0,,
u_17636,0.043034914056465874,5026,0.0,0.787,0.0
u_17637,0.043034914056465874,3670,0.0,0.787,0.0
u_17638,0.0,-1,0.0,,
u_17639,0.0004511101428542143,1675,0.0,0.004,0.0
u_17640,0.043034914056465874,5294,0.0,0.787,0.0
u_17641,0.0,-1,0.0,,
u_17642,0.0,-1,0.0,,
u_17643,0.039889144223400425,3598,0.0,0.787,0.0
u_17644,0.0,-1,0.0,,
u_17645,0.04370182985358241,3311,0.0,0.787,0.0
u_17646,0.0,-1,0.0,,
u_17647,0.0,-1,0.0,,
u_17648,0.043034914056465874,5295,0.0,0.787,0.0
u_17649,0.03758045876963321,1673,0.0,0.698,0.0
u_17650,0.0,-1,0.0,,
u_17651,0.0,-1,0.0,,
u_17652,0.043034914056465874,5174,0.0,0.787,0.0
u_17653,0.004905832227537204,3613,0.0,0.09,0.0
u_17654,0.0,-1,0.0,,
u_17655,0.04091376825556805,2442,0.0,0.787,0.0
u_17656,0.08171074095325993,5,0.0,0.787,0.0
u_17657,0.0,-1,0.0,,
u_17658,0.0,-1,0.0,,
u_17659,0.0,-1,0.0,,
u_17660,0.03312812515308722,2559,0.0,0.211,0.0
u_17661,0.0402934344166748,89,0.0,0.787,0.0
u_17662,0.0,-1,0.0,,
u_17663,0.04094119342511027,1431,0.0,0.787,0.0
u_17664,0.0,-1,0.0,,
u_17665,0.0,-1,0.0,,
u_17666,0.0,-1,0.0,,
u_17667,0.0,-1,0.0,,
u_17668,0.0,-1,0.0,,
u_17669,0.043034914056465874,5296,0.0,0.787,0.0
u_17670,0.043034914056465874,4400,0.0,0.787,0.0
u_17671,0.008908167963991584,137,0.0,0.084,0.0
u_17672,0.0,-1,0.0,,
u_17673,0.0,-1,0.0,,
u_17674,0.0,-1,0.0,,
u_17675,0.0,-1,0.0,,
u_17676,0.0,-1,0.0,,
u_17677,0.0,-1,0.0,,
u_17678,0.0,-1,0.0,,
u_17679,0.043034914056465874,3961,0.0,0.787,0.0
u_17680,0.0,-1,0.0,,
u_17681,0.0,-1,0.0,,
u_17682,0.0,-1,0.0,,
u_17683,0.0,-1,0.0,,
u_17684,0.0,-1,0.0,,
u_17685,0.0,-1,0.0,,
u_17686,0.0,-1,0.0,,
u_17687,0.0,-1,0.0,,
u_17688,0.043034914056465874,6096,0.0,0.787,0.0
u_17689,0.0,-1,0.0,,
u_17690,0.03989012511756788,1449,0.0,0.787,0.0
u_17691,0.0,-1,0.0,,
u_17692,0.0,-1,0.0,,
u_17693,0.0,-1,0.0,,
u_17694,0.0,-1,0.0,,
u_17695,0.0003493532795149456,1483,0.0,0.003,0.0
u_17696,0.0,-1,0.0,,
u_17697,0.0,-1,0.0,,
u_17698,0.0,-1,0.0,,
u_17699,0.0,-1,0.0,,
u_17700,0.0,-1,0.0,,
u_17701,0.000508568567287108,1396,0.0,0.009,0.0
u_17702,0.05961576577408066,2730,0.0,0.574,0.0
u_17703,0.042012983870815195,61,0.0,0.787,0.0
u_17704,0.08235387642133468,4082,0.0,0.787,0.0
u_17705,0.0,-1,0.0,,
u_17706,0.00077806159896224,2517,0.0,0.014,0.0
u_17707,0.0,-1,0.0,,
u_17708,0.0,-1,0.0,,
u_17709,0.0,-1,0.0,,
u_17710,0.0,-1,0.0,,
u_17711,0.0,-1,0.0,,
u_17712,0.0,-1,0.0,,
u_17713,0.043034914056465874,2914,0.0,0.787,0.0
u_17714,0.0,-1,0.0,,
u_17715,0.0,-1,0.0,,
u_17716,0.043034914056465874,5297,0.0,0.787,0.0
u_17717,0.010345505131609688,2452,0.0,0.197,0.0
u_17718,0.0,-1,0.0,,
u_17719,0.04316402767350932,2364,0.0,0.787,0.0
u_17720,0.043034914056465874,4434,0.0,0.787,0.0
u_17721,0.0,-1,0.0,,
u_17722,0.0,-1,0.0,,
u_17723,0.00010064141075584065,306,0.0,0.001,0.0
u_17724,0.0,-1,0.0,,
u_17725,0.0,-1,0.0,,
u_17726,0.0,-1,0.0,,
u_17727,0.001178450083509796,97,0.0,0.023,0.0
u_17728,0.0,-1,0.0,,
u_17729,0.0,-1,0.0,,
u_17730,0.03876109332223268,4590,0.0,0.709,0.0
u_17731,0.0,-1,0.0,,
u_17732,0.03988872863721952,83,0.0,0.787,0.0
u_17733,0.03988793533304937,1892,0.0,0.787,0.0
u_17734,0.04304708269690835,1650,0.0,0.787,0.0
u_17735,0.0,-1,0.0,,
u_17736,0.0,-1,0.0,,
u_17737,0.0,-1,0.0,,
u_17738,0.0,-1,0.0,,
u_17739,0.0,-1,0.0,,
u_17740,0.0,-1,0.0,,
u_17741,0.0,-1,0.0,,
u_17742,0.0,-1,0.0,,
u_17743,0.08551311424894016,3101,0.0,0.787,0.0
u_17744,0.0007286764688362784,2479,0.0,0.013,0.0
u_17745,0.043034914056465874,5298,0.0,0.787,0.0
u_17746,0.0,-1,0.0,,
u_17747,0.0,-1,0.0,,
u_17748,5.408170022602969e-05,372,0.0,0.001,0.0
u_17749,0.0,-1,0.0,,
u_17750,0.0,-1,0.0,,
u_17751,0.0,-1,0.0,,
u_17752,0.0,-1,0.0,,
u_17753,0.0,-1,0.0,,
u_17754,0.0,-1,0.0,,
u_17755,0.042130407716432006,5117,0.0,0.787,0.0
u_17756,0.0,-1,0.0,,
u_17757,0.0,-1,0.0,,
u_17758,0.04074531638938034,849,0.0,0.787,0.0
u_17759,0.0,-1,0.0,,
u_17760,0.043034914056465874,1614,0.0,0.787,0.0
u_17761,0.08180291460319565,266,0.0,0.787,0.0
u_17762,0.040935439943711,4601,0.0,0.726,0.0
u_17763,0.0,-1,0.0,,
u_17764,0.0,-1,0.0,,
u_17765,0.0,-1,0.0,,
u_17766,0.0,-1,0.0,,
u_17767,0.0,-1,0.0,,
u_17768,0.08238291593813067,1469,0.0,0.787,0.0
u_17769,0.043034914056465874,6011,0.0,0.787,0.0
u_17770,0.0,-1,0.0,,
u_17771,0.00010278347478201723,998,0.0,0.002,0.0
u_17772,0.0,-1,0.0,,
u_17773,0.0,-1,0.0,,
u_17774,0.0,-1,0.0,,
u_17775,0.0,-1,0.0,,
u_17776,0.0,-1,0.0,,
u_17777,0.0,-1,0.0,,
u_17778,0.039889806392651314,798,0.0,0.787,0.0
u_17779,0.011471282571997305,485,0.0,0.224,0.0
u_17780,0.0,-1,0.0,,
u_17781,0.0,-1,0.0,,
u_17782,0.043034914056465874,6097,0.0,0.787,0.0
u_17783,0.0,-1,0.0,,
u_17784,0.043034914056465874,4002,0.0,0.787,0.0
u_17785,0.0,-1,0.0,,
u_17786,0.0,-1,0.0,,
u_17787,0.034981111167019,3339,0.0,0.622,0.0
u_17788,0.0056149238524563095,1222,0.0,0.106,0.0
u_17789,0.0,-1,0.0,,
u_17790,0.0,-1,0.0,,
u_17791,0.0,-1,0.0,,
u_17792,0.0,-1,0.0,,
u_17793,0.0,-1,0.0,,
u_17794,0.0,-1,0.0,,
u_17795,0.0,-1,0.0,,
u_17796,0.0,-1,0.0,,
u_17797,0.0,-1,0.0,,
u_17798,0.0,-1,0.0,,
u_17799,0.043034914056465874,4574,0.0,0.787,0.0
u_17800,0.0,-1,0.0,,
u_17801,0.0,-1,0.0,,
u_17802,0.0,-1,0.0,,
u_17803,0.03988759387332228,930,0.0,0.787,0.0
u_17804,0.03988744639519482,80,0.0,0.787,0.0
u_17805,0.043034914056465874,4394,0.0,0.787,0.0
u_17806,0.0,-1,0.0,,
u_17807,0.0,-1,0.0,,
u_17808,0.043034914056465874,5166,0.0,0.787,0.0
u_17809,0.0,-1,0.0,,
u_17810,0.0,-1,0.0,,
u_17811,0.0,-1,0.0,,
u_17812,0.0,-1,0.0,,
u_17813,0.0,-1,0.0,,
u_17814,0.0,-1,0.0,,
u_17815,0.0,-1,0.0,,
u_17816,0.08134167005452363,22,0.0,0.787,0.0
u_17817,0.0,-1,0.0,,
u_17818,0.08302460940668636,2981,0.0,0.787,0.0
u_17819,0.0,-1,0.0,,
u_17820,0.0,-1,0.0,,
u_17821,0.0,-1,0.0,,
u_17822,0.0,-1,0.0,,
u_17823,0.0,-1,0.0,,
u_17824,0.00041767029887396635,2140,0.0,0.008,0.0
u_17825,0.0,-1,0.0,,
u_17826,0.0,-1,0.0,,
u_17827,0.0,-1,0.0,,
u_17828,0.0,-1,0.0,,
u_17829,0.0,-1,0.0,,
u_17830,0.042130407716432006,5114,0.0,0.787,0.0
u_17831,0.0,-1,0.0,,
u_17832,0.0037862935247519386,3468,0.0,0.069,0.0
u_17833,0.0,-1,0.0,,
u_17834,0.024502991729686823,4373,0.0,0.448,0.0
u_17835,0.004801275968574452,77,0.0,0.046,0.0
u_17836,0.0,-1,0.0,,
u_17837,0.0,-1,0.0,,
u_17838,0.0001512767946096053,357,0.0,0.001,0.0
u_17839,0.0,-1,0.0,,
u_17840,0.08078456752221802,168,0.0,0.787,0.0
u_17841,0.0,-1,0.0,,
u_17842,0.042130407716432006,4822,0.0,0.787,0.0
u_17843,0.0,-1,0.0,,
u_17844,0.0,-1,0.0,,
u_17845,0.043034914056465874,5299,0.0,0.787,0.0
u_17846,0.040066602787288755,2374,0.0,0.787,0.0
u_17847,0.0,-1,0.0,,
u_17848,0.002222403584706482,2789,0.0,0.022,0.0
u_17849,0.0,-1,0.0,,
u_17850,0.0013005376284777616,2868,0.0,0.025,0.0
u_17851,0.0,-1,0.0,,
u_17852,0.0,-1,0.0,,
u_17853,0.0,-1,0.0,,
u_17854,0.0,-1,0.0,,
u_17855,0.0,-1,0.0,,
u_17856,0.043712209835628464,447,0.0,0.787,0.0
u_17857,0.0,-1,0.0,,
u_17858,0.0,-1,0.0,,
u_17859,0.0,-1,0.0,,
u_17860,0.0,-1,0.0,,
u_17861,0.0,-1,0.0,,
u_17862,0.043034914056465874,5300,0.0,0.787,0.0
u_17863,0.0,-1,0.0,,
u_17864,0.0,-1,0.0,,
u_17865,0.0,-1,0.0,,
u_17866,0.043034914056465874,2336,0.0,0.787,0.0
u_17867,0.0,-1,0.0,,
u_17868,0.0,-1,0.0,,
u_17869,0.043034914056465874,5992,0.0,0.787,0.0
u_17870,0.0,-1,0.0,,
u_17871,0.0,-1,0.0,,
u_17872,0.04388421143608979,2505,0.0,0.787,0.0
u_17873,0.0,-1,0.0,,
u_17874,0.0398934331473709,1026,0.0,0.787,0.0
u_17875,0.0,-1,0.0,,
u_17876,0.043034914056465874,4162,0.0,0.787,0.0
u_17877,0.043034914056465874,5916,0.0,0.787,0.0
u_17878,0.0,-1,0.0,,
u_17879,0.0,-1,0.0,,
u_17880,0.043034914056465874,5301,0.0,0.787,0.0
u_17881,0.043034914056465874,5302,0.0,0.787,0.0
u_17882,0.0,-1,0.0,,
u_17883,0.0030893505539179964,626,0.0,0.061,0.0
u_17884,0.0,-1,0.0,,
u_17885,0.0,-1,0.0,,
u_17886,4.990733305535538e-05,261,0.0,0.001,0.0
u_17887,9.921554264320675e-05,1012,0.0,0.002,0.0
u_17888,0.0,-1,0.0,,
u_17889,0.012204650517471482,2458,0.0,0.222,0.0
u_17890,0.04375867275822207,3205,0.0,0.787,0.0
u_17891,0.0,-1,0.0,,
u_17892,0.0,-1,0.0,,
u_17893,8.797008917308992e-05,126,0.0,0.001,0.0
u_17894,0.043034914056465874,5303,0.0,0.787,0.0
u_17895,0.08417531978986129,1301,0.0,0.787,0.0
u_17896,0.03989413920545291,1722,0.0,0.787,0.0
u_17897,0.040536275001000564,161,0.0,0.787,0.0
u_17898,0.0,-1,0.0,,
u_17899,0.0,-1,0.0,,
u_17900,0.0,-1,0.0,,
u_17901,0.04057299425570552,1704,0.0,0.787,0.0
u_17902,0.0,-1,0.0,,
u_17903,0.043034914056465874,5304,0.0,0.787,0.0
u_17904,0.00018555210300307215,1518,0.0,0.003,0.0
u_17905,0.0,-1,0.0,,
u_17906,0.0,-1,0.0,,
u_17907,0.0,-1,0.0,,
u_17908,0.043034914056465874,5305,0.0,0.787,0.0
u_17909,0.0,-1,0.0,,
u_17910,0.0,-1,0.0,,
u_17911,0.0,-1,0.0,,
u_17912,0.08236464078805766,286,0.0,0.787,0.0
u_17913,0.0,-1,0.0,,
u_17914,0.00026188839462399597,1266,0.0,0.003,0.0
u_17915,0.0,-1,0.0,,
u_17916,0.0,-1,0.0,,
u_17917,0.0,-1,0.0,,
u_17918,0.0,-1,0.0,,
u_17919,0.0017821533908891954,3019,0.0,0.032,0.0
u_17920,0.0,-1,0.0,,
u_17921,0.043034914056465874,4655,0.0,0.787,0.0
u_17922,0.043034914056465874,6098,0.0,0.787,0.0
u_17923,0.039888521457438104,1462,0.0,0.787,0.0
u_17924,0.0,-1,0.0,,
u_17925,0.0,-1,0.0,,
u_17926,0.0,-1,0.0,,
u_17927,0.0,-1,0.0,,
u_17928,0.0006375344598932048,2392,0.0,0.012,0.0
u_17929,0.0,-1,0.0,,
u_17930,0.0,-1,0.0,,
u_17931,0.0,-1,0.0,,
u_17932,0.0,-1,0.0,,
u_17933,0.0,-1,0.0,,
u_17934,0.0,-1,0.0,,
u_17935,5.826090580937996e-05,462,0.0,0.001,0.0
u_17936,0.043034914056465874,6099,0.0,0.787,0.0
u_17937,0.08370406213845269,50,0.0,0.787,0.0
u_17938,0.0,-1,0.0,,
u_17939,0.024686507667350196,599,0.0,0.157,0.0
u_17940,0.0,-1,0.0,,
u_17941,0.0,-1,0.0,,
u_17942,0.0,-1,0.0,,
u_17943,0.0007291918517074849,2480,0.0,0.013,0.0
u_17944,0.00807694332709262,358,0.0,0.14,0.0
u_17945,0.0,-1,0.0,,
u_17946,0.0,-1,0.0,,
u_17947,0.0,-1,0.0,,
u_17948,0.0008601937755928222,222,0.0,0.008,0.0
u_17949,0.0,-1,0.0,,
u_17950,0.0,-1,0.0,,
u_17951,0.017997434160967364,4233,0.0,0.329,0.0
u_17952,0.0,-1,0.0,,
u_17953,0.0014240568954888733,2063,0.0,0.027,0.0
u_17954,0.043034914056465874,3919,0.0,0.787,0.0
u_17955,4.3942124419307865e-05,161,0.0,0.001,0.0
u_17956,0.0,-1,0.0,,
u_17957,0.0,-1,0.0,,
u_17958,0.043034914056465874,2272,0.0,0.787,0.0
u_17959,0.044369004807727874,2837,0.0,0.787,0.0
u_17960,0.042984795797416216,173,0.0,0.787,0.0
u_17961,0.04339920086958554,197,0.0,0.787,0.0
u_17962,0.0,-1,0.0,,
u_17963,0.0,-1,0.0,,
u_17964,0.0,-1,0.0,,
u_17965,8.663449866130715e-05,872,0.0,0.002,0.0
u_17966,0.0,-1,0.0,,
u_17967,0.04019856733874654,1084,0.0,0.787,0.0
u_17968,0.043034914056465874,151,0.0,0.787,0.0
u_17969,0.0,-1,0.0,,
u_17970,0.0,-1,0.0,,
u_17971,0.0,-1,0.0,,
u_17972,0.007542536761381187,3478,0.0,0.07,0.0
u_17973,0.0,-1,0.0,,
u_17974,0.0,-1,0.0,,
u_17975,0.0016790008732719096,3013,0.0,0.031,0.0
u_17976,0.0,-1,0.0,,
u_17977,0.0,-1,0.0,,
u_17978,0.0,-1,0.0,,
u_17979,5.4798407889388524e-05,452,0.0,0.001,0.0
u_17980,0.0,-1,0.0,,
u_17981,0.0,-1,0.0,,
u_17982,0.0,-1,0.0,,
u_17983,0.0,-1,0.0,,
u_17984,0.0,-1,0.0,,
u_17985,0.0,-1,0.0,,
u_17986,0.0,-1,0.0,,
u_17987,0.0,-1,0.0,,
u_17988,0.0,-1,0.0,,
u_17989,0.002227359732589188,22,0.0,0.044,0.0
u_17990,0.08073294389504289,1104,0.0,0.787,0.0
u_17991,0.0,-1,0.0,,
u_17992,0.0802753644767767,468,0.0,0.787,0.0
u_17993,0.040695204167565155,460,0.0,0.787,0.0
u_17994,0.010408075253373188,3994,0.0,0.185,0.0
u_17995,0.043034914056465874,5306,0.0,0.787,0.0
u_17996,0.0,-1,0.0,,
u_17997,0.0,-1,0.0,,
u_17998,0.0,-1,0.0,,
u_17999,0.0,-1,0.0,,
u_18000,0.0,-1,0.0,,
u_18001,0.0,-1,0.0,,
u_18002,0.04011848971256679,161,0.0,0.787,0.0
u_18003,0.03429710522726562,2676,0.0,0.664,0.0
u_18004,0.0013120020711106836,2854,0.0,0.024,0.0
u_18005,0.043034914056465874,5837,0.0,0.787,0.0
u_18006,0.0,-1,0.0,,
u_18007,0.0,-1,0.0,,
u_18008,0.0,-1,0.0,,
u_18009,0.0,-1,0.0,,
u_18010,0.0,-1,0.0,,
u_18011,0.0,-1,0.0,,
u_18012,0.0,-1,0.0,,
u_18013,0.0,-1,0.0,,
u_18014,0.0,-1,0.0,,
u_18015,0.0,-1,0.0,,
u_18016,0.0005007573258526522,2231,0.0,0.009,0.0
u_18017,0.04141934064896921,3078,0.0,0.787,0.0
u_18018,0.009884461203105014,3983,0.0,0.181,0.0
u_18019,0.043700631163576906,3619,0.0,0.787,0.0
u_18020,0.12039379707930133,3328,0.0,0.787,0.0
u_18021,0.0,-1,0.0,,
u_18022,0.0,-1,0.0,,
u_18023,7.188299741908931e-05,689,0.0,0.001,0.0
u_18024,0.0,-1,0.0,,
u_18025,0.0,-1,0.0,,
u_18026,0.043034914056465874,5890,0.0,0.787,0.0
u_18027,0.0,-1,0.0,,
u_18028,0.0,-1,0.0,,
u_18029,0.0,-1,0.0,,
u_18030,0.0,-1,0.0,,
u_18031,9.497049212053237e-05,973,0.0,0.002,0.0
u_18032,0.0,-1,0.0,,
u_18033,0.0,-1,0.0,,
u_18034,0.079795258418933,1945,0.0,0.787,0.0
u_18035,0.005558255225023844,3687,0.0,0.106,0.0
u_18036,0.043034914056465874,4278,0.0,0.787,0.0
u_18037,0.0,-1,0.0,,
u_18038,0.00023500500950770708,189,0.0,0.004,0.0
u_18039,0.0,-1,0.0,,
u_18040,0.043034914056465874,3804,0.0,0.787,0.0
u_18041,0.0,-1,0.0,,
u_18042,0.04359816798556986,1877,0.0,0.787,0.0
u_18043,0.0,-1,0.0,,
u_18044,0.0,-1,0.0,,
u_18045,0.039889034710485285,862,0.0,0.787,0.0
u_18046,0.0,-1,0.0,,
u_18047,0.0,-1,0.0,,
u_18048,0.041577084125209524,74,0.0,0.787,0.0
u_18049,0.0,-1,0.0,,
u_18050,0.0,-1,0.0,,
u_18051,0.04201880271664047,350,0.0,0.787,0.0
u_18052,0.043034914056465874,5053,0.0,0.787,0.0
u_18053,0.0,-1,0.0,,
u_18054,0.0,-1,0.0,,
u_18055,0.0,-1,0.0,,
u_18056,0.0,-1,0.0,,
u_18057,0.0,-1,0.0,,
u_18058,0.0,-1,0.0,,
u_18059,0.0,-1,0.0,,
u_18060,0.0,-1,0.0,,
u_18061,0.0004190054853943566,416,0.0,0.008,0.0
u_18062,0.0025426933771968076,49,0.0,0.045,0.0
u_18063,0.043034914056465874,3344,0.0,0.787,0.0
u_18064,0.0009453194831838119,1048,0.0,0.009,0.0
u_18065,0.0,-1,0.0,,
u_18066,0.0,-1,0.0,,
u_18067,0.0,-1,0.0,,
u_18068,0.0,-1,0.0,,
u_18069,0.02499615484088577,33,0.0,0.164,0.0
u_18070,0.12208734938276546,547,0.0,0.787,0.0
u_18071,0.08028078557170447,2600,0.0,0.787,0.0
u_18072,0.0,-1,0.0,,
u_18073,0.04368943418940864,683,0.0,0.787,0.0
u_18074,0.0,-1,0.0,,
u_18075,0.0,-1,0.0,,
u_18076,0.0,-1,0.0,,
u_18077,0.0,-1,0.0,,
u_18078,0.0,-1,0.0,,
u_18079,0.0001552502736815992,441,0.0,0.001,0.0
u_18080,0.0,-1,0.0,,
u_18081,0.0063476355007193955,2491,0.0,0.122,0.0
u_18082,0.0,-1,0.0,,
u_18083,0.0,-1,0.0,,
u_18084,0.045164384331062964,4022,0.0,0.787,0.0
u_18085,0.043054381754191726,1266,0.0,0.787,0.0
u_18086,8.602902845915006e-05,168,0.0,0.002,0.0
u_18087,0.02478464812487609,4381,0.0,0.453,0.0
u_18088,0.0,-1,0.0,,
u_18089,0.03834718940654051,87,0.0,0.371,0.0
u_18090,0.03990377949358643,4495,0.0,0.787,0.0
u_18091,0.02083650852695429,4312,0.0,0.381,0.0
u_18092,0.08420166314091986,2177,0.0,0.787,0.0
u_18093,0.04442515192726457,1036,0.0,0.787,0.0
u_18094,0.0,-1,0.0,,
u_18095,0.0490598385634595,4654,0.0,0.871,0.0
u_18096,0.042130407716432006,5307,0.0,0.787,0.0
u_18097,0.0,-1,0.0,,
u_18098,0.0,-1,0.0,,
u_18099,0.0,-1,0.0,,
u_18100,0.010611376859565608,737,0.0,0.198,0.0
u_18101,0.0,-1,0.0,,
u_18102,0.0,-1,0.0,,
u_18103,0.0,-1,0.0,,
u_18104,0.0,-1,0.0,,
u_18105,0.0,-1,0.0,,
u_18106,0.0,-1,0.0,,
u_18107,0.043034914056465874,2047,0.0,0.787,0.0
u_18108,0.0,-1,0.0,,
u_18109,0.08110746570581712,2909,0.0,0.787,0.0
u_18110,0.043034914056465874,1165,0.0,0.787,0.0
u_18111,0.0,-1,0.0,,
u_18112,0.0,-1,0.0,,
u_18113,0.0,-1,0.0,,
u_18114,0.0,-1,0.0,,
u_18115,0.012677215501977833,4090,0.0,0.232,0.0
u_18116,0.043034914056465874,5308,0.0,0.787,0.0
u_18117,0.0,-1,0.0,,
u_18118,0.0,-1,0.0,,
u_18119,0.03988933442473771,1135,0.0,0.787,0.0
u_18120,0.0,-1,0.0,,
u_18121,0.0,-1,0.0,,
u_18122,0.08417531978986129,5309,0.0,0.787,0.0
u_18123,0.0,-1,0.0,,
u_18124,0.004283413073528152,617,0.0,0.083,0.0
u_18125,0.0,-1,0.0,,
u_18126,0.0,-1,0.0,,
u_18127,0.0,-1,0.0,,
u_18128,0.0,-1,0.0,,
u_18129,0.0,-1,0.0,,
u_18130,0.0,-1,0.0,,
u_18131,0.0,-1,0.0,,
u_18132,0.0,-1,0.0,,
u_18133,0.0,-1,0.0,,
u_18134,0.0,-1,0.0,,
u_18135,0.0,-1,0.0,,
u_18136,0.0,-1,0.0,,
u_18137,0.0,-1,0.0,,
u_18138,0.0,-1,0.0,,
u_18139,0.0,-1,0.0,,
u_18140,0.003050229861573303,3326,0.0,0.056,0.0
u_18141,0.0,-1,0.0,,
u_18142,0.004382767563060482,430,0.0,0.027,0.0
u_18143,0.0,-1,0.0,,
u_18144,0.04205573477338059,1005,0.0,0.787,0.0
u_18145,0.0,-1,0.0,,
u_18146,0.08086395537614177,280,0.0,0.787,0.0
u_18147,0.0,-1,0.0,,
u_18148,0.043034914056465874,3564,0.0,0.787,0.0
u_18149,0.0,-1,0.0,,
u_18150,0.0,-1,0.0,,
u_18151,0.0,-1,0.0,,
u_18152,0.0041383103388587085,3142,0.0,0.041,0.0
u_18153,0.08236630710979355,5310,0.0,0.787,0.0
u_18154,0.0,-1,0.0,,
u_18155,0.043034914056465874,2618,0.0,0.787,0.0
u_18156,0.0413789052768858,712,0.0,0.787,0.0
u_18157,0.043034914056465874,5311,0.0,0.787,0.0
u_18158,0.00576844538837217,1768,0.0,0.107,0.0
u_18159,0.0,-1,0.0,,
u_18160,0.0,-1,0.0,,
u_18161,0.0,-1,0.0,,
u_18162,0.08027637346200915,2886,0.0,0.787,0.0
u_18163,0.0,-1,0.0,,
u_18164,0.0,-1,0.0,,
u_18165,0.0,-1,0.0,,
u_18166,0.039891810625136144,2837,0.0,0.787,0.0
u_18167,0.0,-1,0.0,,
u_18168,0.0,-1,0.0,,
u_18169,0.0,-1,0.0,,
u_18170,0.0,-1,0.0,,
u_18171,0.0,-1,0.0,,
u_18172,0.0,-1,0.0,,
u_18173,0.0,-1,0.0,,
u_18174,0.004438697436892408,2059,0.0,0.041,0.0
u_18175,0.0,-1,0.0,,
u_18176,0.043034914056465874,6100,0.0,0.787,0.0
u_18177,0.043034914056465874,6034,0.0,0.787,0.0
u_18178,0.0,-1,0.0,,
u_18179,0.0,-1,0.0,,
u_18180,0.0,-1,0.0,,
u_18181,0.0,-1,0.0,,
u_18182,0.08236630710979355,5312,0.0,0.787,0.0
u_18183,0.0,-1,0.0,,
u_18184,0.0,-1,0.0,,
u_18185,0.0,-1,0.0,,
u_18186,0.0,-1,0.0,,
u_18187,0.043034914056465874,3858,0.0,0.787,0.0
u_18188,0.0,-1,0.0,,
u_18189,0.0,-1,0.0,,
u_18190,0.043034914056465874,5313,0.0,0.787,0.0
u_18191,0.01948764827692094,4270,0.0,0.356,0.0
u_18192,0.0,-1,0.0,,
u_18193,0.0,-1,0.0,,
u_18194,0.043034914056465874,5314,0.0,0.787,0.0
u_18195,0.043034914056465874,4686,0.0,0.787,0.0
u_18196,0.016176994085050522,4189,0.0,0.296,0.0
u_18197,0.0,-1,0.0,,
u_18198,0.0,-1,0.0,,
u_18199,0.0,-1,0.0,,
u_18200,0.05315075046587029,2320,0.0,0.503,0.0
u_18201,0.0,-1,0.0,,
u_18202,0.0,-1,0.0,,
u_18203,0.0,-1,0.0,,
u_18204,0.0,-1,0.0,,
u_18205,0.0,-1,0.0,,
u_18206,0.0,-1,0.0,,
u_18207,0.08133625569183431,3568,0.0,0.787,0.0
u_18208,0.0001158727182670148,1161,0.0,0.002,0.0
u_18209,0.0,-1,0.0,,
u_18210,0.07922591428150777,1320,0.0,0.787,0.0
u_18211,0.0,-1,0.0,,
u_18212,0.0,-1,0.0,,
u_18213,0.0293316459437969,4474,0.0,0.536,0.0
u_18214,0.0,-1,0.0,,
u_18215,0.0,-1,0.0,,
u_18216,0.0,-1,0.0,,
u_18217,0.0,-1,0.0,,
u_18218,0.0,-1,0.0,,
u_18219,0.009155439282686641,3923,0.0,0.162,0.0
u_18220,0.0,-1,0.0,,
u_18221,0.0,-1,0.0,,
u_18222,0.0,-1,0.0,,
u_18223,0.0,-1,0.0,,
u_18224,0.0,-1,0.0,,
u_18225,0.0,-1,0.0,,
u_18226,0.003679594367735466,1931,0.0,0.065,0.0
u_18227,0.039888194068540134,473,0.0,0.787,0.0
u_18228,0.043034914056465874,3091,0.0,0.787,0.0
u_18229,0.0,-1,0.0,,
u_18230,0.0416003824289834,648,0.0,0.787,0.0
u_18231,0.0,-1,0.0,,
u_18232,0.0,-1,0.0,,
u_18233,0.023496899595612027,1858,0.0,0.456,0.0
u_18234,0.0,-1,0.0,,
u_18235,0.000522643618860259,1222,0.0,0.005,0.0
u_18236,0.043034914056465874,196,0.0,0.787,0.0
u_18237,0.0,-1,0.0,,
u_18238,0.043034914056465874,1475,0.0,0.787,0.0
u_18239,0.0,-1,0.0,,
u_18240,0.0,-1,0.0,,
u_18241,0.016050593928258118,4175,0.0,0.285,0.0
u_18242,0.0,-1,0.0,,
u_18243,0.0,-1,0.0,,
u_18244,0.0,-1,0.0,,
u_18245,0.08417531978986129,5020,0.0,0.787,0.0
u_18246,0.0,-1,0.0,,
u_18247,0.043034914056465874,6101,0.0,0.787,0.0
u_18248,0.0,-1,0.0,,
u_18249,0.0,-1,0.0,,
u_18250,0.08417531978986129,1847,0.0,0.787,0.0
u_18251,0.0,-1,0.0,,
u_18252,0.04190384604212601,162,0.0,0.787,0.0
u_18253,4.4722338830469687e-05,49,0.0,0.001,0.0
u_18254,0.0,-1,0.0,,
u_18255,0.0,-1,0.0,,
u_18256,0.08236549614804829,4697,0.0,0.787,0.0
u_18257,0.043034914056465874,4830,0.0,0.787,0.0
u_18258,0.04226038630346827,697,0.0,0.787,0.0
u_18259,4.382683102162747e-05,102,0.0,0.001,0.0
u_18260,0.0,-1,0.0,,
u_18261,0.0,-1,0.0,,
u_18262,0.039888840272191486,4007,0.0,0.787,0.0
u_18263,0.0,-1,0.0,,
u_18264,0.0,-1,0.0,,
u_18265,0.0,-1,0.0,,
u_18266,0.0,-1,0.0,,
u_18267,7.160977520934389e-05,684,0.0,0.001,0.0
u_18268,0.0,-1,0.0,,
u_18269,0.0,-1,0.0,,
u_18270,0.043034914056465874,5315,0.0,0.787,0.0
u_18271,0.0,-1,0.0,,
u_18272,0.00036516872220126946,492,0.0,0.003,0.0
u_18273,0.0,-1,0.0,,
u_18274,0.0,-1,0.0,,
u_18275,0.0,-1,0.0,,
u_18276,0.0,-1,0.0,,
u_18277,0.0,-1,0.0,,
u_18278,0.0,-1,0.0,,
u_18279,0.0,-1,0.0,,
u_18280,0.0,-1,0.0,,
u_18281,0.0,-1,0.0,,
u_18282,0.0,-1,0.0,,
u_18283,0.08051918950319639,3642,0.0,0.787,0.0
u_18284,0.0,-1,0.0,,
u_18285,0.0,-1,0.0,,
u_18286,0.0,-1,0.0,,
u_18287,0.0,-1,0.0,,
u_18288,0.0004203872508982719,1621,0.0,0.004,0.0
u_18289,0.0,-1,0.0,,
u_18290,0.0010937090002799141,2723,0.0,0.02,0.0
u_18291,0.0,-1,0.0,,
u_18292,0.0,-1,0.0,,
u_18293,0.0,-1,0.0,,
u_18294,0.0,-1,0.0,,
u_18295,0.0,-1,0.0,,
u_18296,0.02172531456855308,1582,0.0,0.209,0.0
u_18297,0.0,-1,0.0,,
u_18298,0.0,-1,0.0,,
u_18299,0.0,-1,0.0,,
u_18300,0.0,-1,0.0,,
u_18301,0.0004590341221449737,2156,0.0,0.008,0.0
u_18302,0.0,-1,0.0,,
u_18303,0.0,-1,0.0,,
u_18304,0.043034914056465874,5316,0.0,0.787,0.0
u_18305,0.042044838150277694,473,0.0,0.787,0.0
u_18306,0.0,-1,0.0,,
u_18307,0.0,-1,0.0,,
u_18308,0.0,-1,0.0,,
u_18309,0.04302408886961766,253,0.0,0.787,0.0
u_18310,0.0,-1,0.0,,
u_18311,0.0,-1,0.0,,
u_18312,0.031872275515136245,87,0.0,0.307,0.0
u_18313,0.0,-1,0.0,,
u_18314,0.0009741856703327769,1732,0.0,0.018,0.0
u_18315,0.043034914056465874,3904,0.0,0.787,0.0
u_18316,0.0,-1,0.0,,
u_18317,0.0066677091968074245,3770,0.0,0.122,0.0
u_18318,0.0,-1,0.0,,
u_18319,0.0001700877171627016,168,0.0,0.003,0.0
u_18320,0.0,-1,0.0,,
u_18321,0.041004024490752286,176,0.0,0.787,0.0
u_18322,0.033987099050969784,225,0.0,0.608,0.0
u_18323,0.0,-1,0.0,,
u_18324,0.0,-1,0.0,,
u_18325,0.0,-1,0.0,,
u_18326,0.043034914056465874,4330,0.0,0.787,0.0
u_18327,0.0,-1,0.0,,
u_18328,0.0,-1,0.0,,
u_18329,0.043034914056465874,4583,0.0,0.787,0.0
u_18330,0.04437196665257113,3314,0.0,0.787,0.0
u_18331,0.043034914056465874,4749,0.0,0.787,0.0
u_18332,0.0,-1,0.0,,
u_18333,0.0,-1,0.0,,
u_18334,0.043034914056465874,6071,0.0,0.787,0.0
u_18335,0.04506102290404807,485,0.0,0.428,0.0
u_18336,8.273032792107386e-05,54,0.0,0.001,0.0
u_18337,0.0,-1,0.0,,
u_18338,0.0,-1,0.0,,
u_18339,0.0,-1,0.0,,
u_18340,0.0,-1,0.0,,
u_18341,0.0,-1,0.0,,
u_18342,0.0,-1,0.0,,
u_18343,0.01198210834589442,1042,0.0,0.225,0.0
u_18344,0.043034914056465874,5132,0.0,0.787,0.0
u_18345,0.0,-1,0.0,,
u_18346,0.0,-1,0.0,,
u_18347,0.0,-1,0.0,,
u_18348,0.001716396214750304,633,0.0,0.017,0.0
u_18349,0.04128697868167731,2059,0.0,0.787,0.0
u_18350,0.0,-1,0.0,,
u_18351,0.043034914056465874,4900,0.0,0.787,0.0
u_18352,0.0,-1,0.0,,
u_18353,0.0,-1,0.0,,
u_18354,0.0,-1,0.0,,
u_18355,0.043034914056465874,4451,0.0,0.787,0.0
u_18356,0.0,-1,0.0,,
u_18357,0.043034914056465874,6049,0.0,0.787,0.0
u_18358,0.0,-1,0.0,,
u_18359,0.0,-1,0.0,,
u_18360,0.0,-1,0.0,,
u_18361,0.0,-1,0.0,,
u_18362,0.08027301214091462,3765,0.0,0.787,0.0
u_18363,0.0,-1,0.0,,
u_18364,0.0,-1,0.0,,
u_18365,0.0,-1,0.0,,
u_18366,0.0,-1,0.0,,
u_18367,0.0,-1,0.0,,
u_18368,0.0,-1,0.0,,
u_18369,0.08895300269509776,1021,0.0,0.787,0.0
u_18370,0.0,-1,0.0,,
u_18371,0.025695749750223637,4403,0.0,0.47,0.0
u_18372,0.0,-1,0.0,,
u_18373,0.0,-1,0.0,,
u_18374,0.0,-1,0.0,,
u_18375,0.0,-1,0.0,,
u_18376,0.04064691112158778,218,0.0,0.787,0.0
u_18377,0.0,-1,0.0,,
u_18378,0.0007164956252340444,2483,0.0,0.013,0.0
u_18379,0.0,-1,0.0,,
u_18380,0.0,-1,0.0,,
u_18381,0.0,-1,0.0,,
u_18382,0.00014872682849031868,1342,0.0,0.003,0.0
u_18383,0.0,-1,0.0,,
u_18384,0.0,-1,0.0,,
u_18385,0.0,-1,0.0,,
u_18386,0.0,-1,0.0,,
u_18387,0.0,-1,0.0,,
u_18388,0.0,-1,0.0,,
u_18389,0.0,-1,0.0,,
u_18390,0.0,-1,0.0,,
u_18391,0.043034914056465874,6043,0.0,0.787,0.0
u_18392,0.0,-1,0.0,,
u_18393,0.000316178138398938,1890,0.0,0.006,0.0
u_18394,0.0,-1,0.0,,
u_18395,0.0,-1,0.0,,
u_18396,0.021495551680351117,2395,0.0,0.41,0.0
u_18397,0.0,-1,0.0,,
u_18398,0.0,-1,0.0,,
u_18399,0.0,-1,0.0,,
u_18400,0.08365879182563057,162,0.0,0.787,0.0
u_18401,0.0,-1,0.0,,
u_18402,0.0,-1,0.0,,
u_18403,0.044198294400577647,825,0.0,0.787,0.0
u_18404,0.0,-1,0.0,,
u_18405,0.043034914056465874,5317,0.0,0.787,0.0
u_18406,0.019417789079696192,1541,0.0,0.371,0.0
u_18407,0.0,-1,0.0,,
u_18408,0.0,-1,0.0,,
u_18409,0.08117719637100637,358,0.0,0.787,0.0
u_18410,0.0,-1,0.0,,
u_18411,0.0,-1,0.0,,
u_18412,0.00018435045114495056,1513,0.0,0.003,0.0
u_18413,0.0,-1,0.0,,
u_18414,0.043034914056465874,5318,0.0,0.787,0.0
u_18415,0.00014422300639899393,797,0.0,0.003,0.0
u_18416,0.0,-1,0.0,,
u_18417,0.0,-1,0.0,,
u_18418,0.0,-1,0.0,,
u_18419,5.98891305517448e-05,168,0.0,0.001,0.0
u_18420,0.0,-1,0.0,,
u_18421,0.0027018546993587667,3258,0.0,0.049,0.0
u_18422,0.0,-1,0.0,,
u_18423,0.043034914056465874,6102,0.0,0.787,0.0
u_18424,0.0012097383714879191,2800,0.0,0.022,0.0
u_18425,0.043034914056465874,4276,0.0,0.787,0.0
u_18426,0.0,-1,0.0,,
u_18427,0.08336026281910683,2667,0.0,0.787,0.0
u_18428,0.0,-1,0.0,,
u_18429,0.0,-1,0.0,,
u_18430,0.12169770016312123,5078,0.0,0.787,0.0
u_18431,0.0,-1,0.0,,
u_18432,0.043034914056465874,561,0.0,0.787,0.0
u_18433,0.0,-1,0.0,,
u_18434,0.0,-1,0.0,,
u_18435,0.039893799686739534,2909,0.0,0.787,0.0
u_18436,0.043034914056465874,2778,0.0,0.787,0.0
u_18437,0.0008483092220309996,2568,0.0,0.016,0.0
u_18438,0.0,-1,0.0,,
u_18439,0.0009224940018853194,2625,0.0,0.017,0.0
u_18440,0.0,-1,0.0,,
u_18441,0.0,-1,0.0,,
u_18442,0.0,-1,0.0,,
u_18443,0.10451242528525241,89,0.0,0.5,0.0
u_18444,0.0,-1,0.0,,
u_18445,0.0,-1,0.0,,
u_18446,0.0,-1,0.0,,
u_18447,0.0,-1,0.0,,
u_18448,0.0,-1,0.0,,
u_18449,0.0,-1,0.0,,
u_18450,0.00048765447773295944,1308,0.0,0.004,0.0
u_18451,0.0,-1,0.0,,
u_18452,0.0,-1,0.0,,
u_18453,0.0,-1,0.0,,
u_18454,0.0,-1,0.0,,
u_18455,0.043034914056465874,2383,0.0,0.787,0.0
u_18456,0.0,-1,0.0,,
u_18457,0.0,-1,0.0,,
u_18458,0.0,-1,0.0,,
u_18459,0.043034914056465874,5319,0.0,0.787,0.0
u_18460,0.0,-1,0.0,,
u_18461,0.0,-1,0.0,,
u_18462,0.0,-1,0.0,,
u_18463,0.0,-1,0.0,,
u_18464,0.03988881894990275,3059,0.0,0.787,0.0
u_18465,0.0,-1,0.0,,
u_18466,0.0,-1,0.0,,
u_18467,0.10401545758842255,2015,0.0,0.658,0.0
u_18468,0.0,-1,0.0,,
u_18469,0.0,-1,0.0,,
u_18470,0.0,-1,0.0,,
u_18471,0.0,-1,0.0,,
u_18472,0.0,-1,0.0,,
u_18473,0.0,-1,0.0,,
u_18474,0.043034914056465874,5320,0.0,0.787,0.0
u_18475,0.043034914056465874,5321,0.0,0.787,0.0
u_18476,0.0,-1,0.0,,
u_18477,0.06987029832676678,3166,0.0,0.68,0.0
u_18478,0.0,-1,0.0,,
u_18479,0.03988779179900258,2990,0.0,0.787,0.0
u_18480,0.0,-1,0.0,,
u_18481,0.0,-1,0.0,,
u_18482,0.0,-1,0.0,,
u_18483,0.03988779062370099,280,0.0,0.787,0.0
u_18484,0.000244996455147449,1678,0.0,0.004,0.0
u_18485,0.043527712248516925,1373,0.0,0.787,0.0
u_18486,0.0,-1,0.0,,
u_18487,0.0,-1,0.0,,
u_18488,0.00014444292042292152,402,0.0,0.003,0.0
u_18489,0.0,-1,0.0,,
u_18490,0.0,-1,0.0,,
u_18491,0.0,-1,0.0,,
u_18492,0.04408751418287348,1859,0.0,0.799,0.0
u_18493,0.0,-1,0.0,,
u_18494,0.0,-1,0.0,,
u_18495,0.0,-1,0.0,,
u_18496,0.0,-1,0.0,,
u_18497,0.009794294305106721,266,0.0,0.184,0.0
u_18498,0.0,-1,0.0,,
u_18499,0.0,-1,0.0,,
u_18500,0.0,-1,0.0,,
u_18501,0.040551223580721614,1122,0.0,0.787,0.0
u_18502,0.0,-1,0.0,,
u_18503,0.043034914056465874,3345,0.0,0.787,0.0
u_18504,0.0,-1,0.0,,
u_18505,0.0,-1,0.0,,
u_18506,0.0,-1,0.0,,
u_18507,0.0,-1,0.0,,
u_18508,0.0,-1,0.0,,
u_18509,0.0005020538802211808,358,0.0,0.005,0.0
u_18510,0.0,-1,0.0,,
u_18511,0.03376718439143567,4537,0.0,0.617,0.0
u_18512,0.0,-1,0.0,,
u_18513,0.00020816787671763806,1470,0.0,0.004,0.0
u_18514,0.00011349197433457361,1123,0.0,0.002,0.0
u_18515,0.0,-1,0.0,,
u_18516,0.0,-1,0.0,,
u_18517,0.039887628023212884,4728,0.0,0.787,0.0
u_18518,0.015558748352517153,266,0.0,0.291,0.0
u_18519,0.08417531978986129,4241,0.0,0.787,0.0
u_18520,0.0,-1,0.0,,
u_18521,0.042130407716432006,5247,0.0,0.787,0.0
u_18522,0.0005245693071925858,2246,0.0,0.009,0.0
u_18523,0.0,-1,0.0,,
u_18524,0.03989086794599588,1626,0.0,0.787,0.0
u_18525,0.0,-1,0.0,,
u_18526,0.00012488028644555915,565,0.0,0.001,0.0
u_18527,0.0,-1,0.0,,
u_18528,0.0,-1,0.0,,
u_18529,0.0,-1,0.0,,
u_18530,0.0,-1,0.0,,
u_18531,0.0,-1,0.0,,
u_18532,0.00015139816636581312,764,0.0,0.001,0.0
u_18533,0.0,-1,0.0,,
u_18534,0.04629061885805062,729,0.0,0.447,0.0
u_18535,0.12454767625620485,988,0.0,0.787,0.0
u_18536,0.0,-1,0.0,,
u_18537,0.0,-1,0.0,,
u_18538,0.0,-1,0.0,,
u_18539,0.0,-1,0.0,,
u_18540,0.0,-1,0.0,,
u_18541,0.0,-1,0.0,,
u_18542,0.0,-1,0.0,,
u_18543,0.0,-1,0.0,,
u_18544,0.0,-1,0.0,,
u_18545,0.0,-1,0.0,,
u_18546,0.0,-1,0.0,,
u_18547,0.0,-1,0.0,,
u_18548,0.043034914056465874,1981,0.0,0.787,0.0
u_18549,0.04302999039482522,518,0.0,0.787,0.0
u_18550,0.0,-1,0.0,,
u_18551,0.03989632812300957,639,0.0,0.787,0.0
u_18552,0.0,-1,0.0,,
u_18553,0.0,-1,0.0,,
u_18554,0.08027499492306178,299,0.0,0.787,0.0
u_18555,0.0036944406653905593,3456,0.0,0.068,0.0
u_18556,0.043034914056465874,5168,0.0,0.787,0.0
u_18557,0.02189015476193685,4335,0.0,0.4,0.0
u_18558,0.0,-1,0.0,,
u_18559,5.922496234703239e-05,173,0.0,0.001,0.0
u_18560,0.0,-1,0.0,,
u_18561,0.0,-1,0.0,,
u_18562,0.0,-1,0.0,,
u_18563,0.05118684519784284,4714,0.0,0.936,0.0
u_18564,0.0013241796854304973,61,0.0,0.026,0.0
u_18565,0.08231113810498984,268,0.0,0.787,0.0
u_18566,0.0,-1,0.0,,
u_18567,0.0,-1,0.0,,
u_18568,0.0,-1,0.0,,
u_18569,0.0,-1,0.0,,
u_18570,0.0,-1,0.0,,
u_18571,0.0,-1,0.0,,
u_18572,0.0,-1,0.0,,
u_18573,0.004234333857664444,3528,0.0,0.077,0.0
u_18574,0.0,-1,0.0,,
u_18575,0.0,-1,0.0,,
u_18576,0.0,-1,0.0,,
u_18577,0.0051278346222672876,815,0.0,0.032,0.0
u_18578,0.0008020758294293944,2534,0.0,0.015,0.0
u_18579,0.0,-1,0.0,,
u_18580,0.0,-1,0.0,,
u_18581,0.0,-1,0.0,,
u_18582,0.043034914056465874,4131,0.0,0.787,0.0
u_18583,0.0,-1,0.0,,
u_18584,0.0,-1,0.0,,
u_18585,0.021789497597911774,3437,0.0,0.204,0.0
u_18586,0.0,-1,0.0,,
u_18587,0.0,-1,0.0,,
u_18588,0.0,-1,0.0,,
u_18589,0.0,-1,0.0,,
u_18590,0.0,-1,0.0,,
u_18591,0.006830838090096719,1801,0.0,0.129,0.0
u_18592,0.043191132036070834,78,0.0,0.787,0.0
u_18593,0.0,-1,0.0,,
u_18594,0.04391106717181578,2471,0.0,0.787,0.0
u_18595,0.043034914056465874,6103,0.0,0.787,0.0
u_18596,0.043034914056465874,766,0.0,0.787,0.0
u_18597,0.0,-1,0.0,,
u_18598,0.0,-1,0.0,,
u_18599,0.014294172363535067,89,0.0,0.091,0.0
u_18600,0.0,-1,0.0,,
u_18601,0.0,-1,0.0,,
u_18602,0.0,-1,0.0,,
u_18603,0.04023964351603457,1716,0.0,0.787,0.0
u_18604,0.0,-1,0.0,,
u_18605,0.00013956451097561144,680,0.0,0.001,0.0
u_18606,0.0,-1,0.0,,
u_18607,0.0,-1,0.0,,
u_18608,0.00104958137049521,551,0.0,0.02,0.0
u_18609,0.0,-1,0.0,,
u_18610,0.0,-1,0.0,,
u_18611,6.879098522962505e-05,695,0.0,0.001,0.0
u_18612,0.0004968029502742336,2227,0.0,0.009,0.0
u_18613,0.0,-1,0.0,,
u_18614,4.3540921136128555e-05,105,0.0,0.001,0.0
u_18615,0.0,-1,0.0,,
u_18616,0.043034914056465874,3647,0.0,0.787,0.0
u_18617,0.0,-1,0.0,,
u_18618,0.0,-1,0.0,,
u_18619,0.043034914056465874,5322,0.0,0.787,0.0
u_18620,8.322026612251466e-05,836,0.0,0.002,0.0
u_18621,0.0,-1,0.0,,
u_18622,0.0,-1,0.0,,
u_18623,0.0,-1,0.0,,
u_18624,0.0,-1,0.0,,
u_18625,0.043034914056465874,5323,0.0,0.787,0.0
u_18626,0.043034914056465874,6104,0.0,0.787,0.0
u_18627,0.043034914056465874,4887,0.0,0.787,0.0
u_18628,0.0,-1,0.0,,
u_18629,0.043034914056465874,5324,0.0,0.787,0.0
u_18630,0.0823667508953518,2103,0.0,0.787,0.0
u_18631,0.08310855217226291,2191,0.0,0.787,0.0
u_18632,0.044373426674930355,4476,0.0,0.787,0.0
u_18633,0.0,-1,0.0,,
u_18634,0.0,-1,0.0,,
u_18635,0.03988777290557635,61,0.0,0.787,0.0
u_18636,0.08027823815473392,275,0.0,0.787,0.0
u_18637,0.0,-1,0.0,,
u_18638,0.0,-1,0.0,,
u_18639,0.0,-1,0.0,,
u_18640,0.0,-1,0.0,,
u_18641,0.0,-1,0.0,,
u_18642,0.0,-1,0.0,,
u_18643,0.0,-1,0.0,,
u_18644,0.0,-1,0.0,,
u_18645,0.00017313062541101163,1435,0.0,0.003,0.0
u_18646,0.0,-1,0.0,,
u_18647,0.0,-1,0.0,,
u_18648,0.0,-1,0.0,,
u_18649,0.043034914056465874,2330,0.0,0.787,0.0
u_18650,0.0,-1,0.0,,
u_18651,0.043034914056465874,5208,0.0,0.787,0.0
u_18652,0.0,-1,0.0,,
u_18653,0.0,-1,0.0,,
u_18654,0.0,-1,0.0,,
u_18655,0.0,-1,0.0,,
u_18656,0.0,-1,0.0,,
u_18657,0.0,-1,0.0,,
u_18658,0.0,-1,0.0,,
u_18659,0.0,-1,0.0,,
u_18660,0.0006650219005024301,2423,0.0,0.012,0.0
u_18661,0.0,-1,0.0,,
u_18662,0.0,-1,0.0,,
u_18663,0.0,-1,0.0,,
u_18664,0.0,-1,0.0,,
u_18665,0.043034914056465874,857,0.0,0.787,0.0
u_18666,0.04317696426037841,492,0.0,0.787,0.0
u_18667,0.0015315898847940383,1630,0.0,0.014,0.0
u_18668,0.0,-1,0.0,,
u_18669,0.0,-1,0.0,,
u_18670,0.0,-1,0.0,,
u_18671,9.239327431733772e-05,945,0.0,0.002,0.0
u_18672,0.043034914056465874,1045,0.0,0.787,0.0
u_18673,0.0,-1,0.0,,
u_18674,7.73997713898495e-05,222,0.0,0.002,0.0
u_18675,0.0,-1,0.0,,
u_18676,0.0,-1,0.0,,
u_18677,0.0,-1,0.0,,
u_18678,0.03989262962434415,4353,0.0,0.787,0.0
u_18679,0.011986155506973155,4065,0.0,0.219,0.0
u_18680,0.04445119920242074,608,0.0,0.787,0.0
u_18681,0.0,-1,0.0,,
u_18682,0.0,-1,0.0,,
u_18683,0.043034914056465874,3304,0.0,0.787,0.0
u_18684,0.04056690743983976,5,0.0,0.787,0.0
u_18685,0.0,-1,0.0,,
u_18686,0.0,-1,0.0,,
u_18687,0.0008558784646838826,1462,0.0,0.016,0.0
u_18688,0.0,-1,0.0,,
u_18689,0.043034914056465874,5325,0.0,0.787,0.0
u_18690,0.0,-1,0.0,,
u_18691,0.0,-1,0.0,,
u_18692,0.0,-1,0.0,,
u_18693,0.0,-1,0.0,,
u_18694,0.0,-1,0.0,,
u_18695,0.043034914056465874,2099,0.0,0.787,0.0
u_18696,0.08309361825147592,1256,0.0,0.776,0.0
u_18697,0.08094757005673965,71,0.0,0.787,0.0
u_18698,0.003242377048627652,755,0.0,0.02,0.0
u_18699,0.0,-1,0.0,,
u_18700,0.043034914056465874,4429,0.0,0.787,0.0
u_18701,0.0,-1,0.0,,
u_18702,0.0,-1,0.0,,
u_18703,0.03988858165623242,370,0.0,0.787,0.0
u_18704,0.007519375514115821,474,0.0,0.139,0.0
u_18705,0.0,-1,0.0,,
u_18706,0.0,-1,0.0,,
u_18707,0.08087875169543271,169,0.0,0.787,0.0
u_18708,0.0,-1,0.0,,
u_18709,0.043034914056465874,5326,0.0,0.787,0.0
u_18710,0.043034914056465874,727,0.0,0.787,0.0
u_18711,0.0,-1,0.0,,
u_18712,0.0,-1,0.0,,
u_18713,0.0,-1,0.0,,
u_18714,0.08027395431511372,155,0.0,0.787,0.0
u_18715,0.025110326412253157,1167,0.0,0.235,0.0
u_18716,0.0,-1,0.0,,
u_18717,0.0,-1,0.0,,
u_18718,0.0,-1,0.0,,
u_18719,0.0,-1,0.0,,
u_18720,0.000866930117216062,1882,0.0,0.016,0.0
u_18721,0.08417531978986129,1226,0.0,0.787,0.0
u_18722,0.03988794861386697,1239,0.0,0.787,0.0
u_18723,0.043034914056465874,5327,0.0,0.787,0.0
u_18724,0.0002376639660061918,1648,0.0,0.004,0.0
u_18725,0.0,-1,0.0,,
u_18726,0.004392641639251918,3545,0.0,0.08,0.0
u_18727,0.03146480272313486,4510,0.0,0.575,0.0
u_18728,0.0,-1,0.0,,
u_18729,0.0,-1,0.0,,
u_18730,0.0,-1,0.0,,
u_18731,0.04412929018309698,67,0.0,0.787,0.0
u_18732,0.0,-1,0.0,,
u_18733,0.043034914056465874,3522,0.0,0.787,0.0
u_18734,0.0,-1,0.0,,
u_18735,0.0,-1,0.0,,
u_18736,0.0,-1,0.0,,
u_18737,0.0001806322106051072,1491,0.0,0.003,0.0
u_18738,0.0,-1,0.0,,
u_18739,0.0,-1,0.0,,
u_18740,0.0,-1,0.0,,
u_18741,0.08356943606602033,547,0.0,0.787,0.0
u_18742,0.0010898747134777057,2720,0.0,0.02,0.0
u_18743,0.0002720035752722457,438,0.0,0.003,0.0
u_18744,0.0,-1,0.0,,
u_18745,0.0,-1,0.0,,
u_18746,0.0,-1,0.0,,
u_18747,0.043034914056465874,4525,0.0,0.787,0.0
u_18748,0.0,-1,0.0,,
u_18749,0.0,-1,0.0,,
u_18750,0.0,-1,0.0,,
u_18751,0.0,-1,0.0,,
u_18752,0.0,-1,0.0,,
u_18753,0.0,-1,0.0,,
u_18754,0.0,-1,0.0,,
u_18755,0.021997336026773288,4338,0.0,0.402,0.0
u_18756,0.0,-1,0.0,,
u_18757,0.043034914056465874,3285,0.0,0.787,0.0
u_18758,0.0,-1,0.0,,
u_18759,0.0,-1,0.0,,
u_18760,0.0,-1,0.0,,
u_18761,0.0,-1,0.0,,
u_18762,0.0795438236277521,136,0.0,0.787,0.0
u_18763,0.042287272192695326,3333,0.0,0.787,0.0
u_18764,0.0,-1,0.0,,
u_18765,0.043034914056465874,5328,0.0,0.787,0.0
u_18766,0.0,-1,0.0,,
u_18767,0.0,-1,0.0,,
u_18768,0.0,-1,0.0,,
u_18769,0.0,-1,0.0,,
u_18770,0.043034914056465874,3275,0.0,0.787,0.0
u_18771,0.0,-1,0.0,,
u_18772,0.04057173331992949,1729,0.0,0.787,0.0
u_18773,0.0,-1,0.0,,
u_18774,0.0,-1,0.0,,
u_18775,0.0,-1,0.0,,
u_18776,0.0,-1,0.0,,
u_18777,0.0,-1,0.0,,
u_18778,0.0,-1,0.0,,
u_18779,0.043034914056465874,5222,0.0,0.787,0.0
u_18780,0.0,-1,0.0,,
u_18781,0.0,-1,0.0,,
u_18782,0.0011956423801378435,2821,0.0,0.023,0.0
u_18783,0.043034914056465874,2490,0.0,0.787,0.0
u_18784,0.0,-1,0.0,,
u_18785,0.03988824550770681,5,0.0,0.787,0.0
u_18786,0.0,-1,0.0,,
u_18787,0.0,-1,0.0,,
u_18788,0.043034914056465874,5329,0.0,0.787,0.0
u_18789,0.0,-1,0.0,,
u_18790,0.0,-1,0.0,,
u_18791,0.005573637914533344,2773,0.0,0.109,0.0
u_18792,0.0,-1,0.0,,
u_18793,0.0005779889509722671,2329,0.0,0.011,0.0
u_18794,0.0,-1,0.0,,
u_18795,0.08417531978986129,4175,0.0,0.787,0.0
u_18796,0.0403123818167783,277,0.0,0.787,0.0
u_18797,0.017713689809240124,75,0.0,0.326,0.0
u_18798,0.0,-1,0.0,,
u_18799,0.0,-1,0.0,,
u_18800,0.0,-1,0.0,,
u_18801,0.0,-1,0.0,,
u_18802,0.043034914056465874,5330,0.0,0.787,0.0
u_18803,0.005678670628761719,3678,0.0,0.104,0.0
u_18804,0.1256617142497985,285,0.0,0.787,0.0
u_18805,0.0,-1,0.0,,
u_18806,0.005157458142694691,3242,0.0,0.048,0.0
u_18807,0.04066347016255269,904,0.0,0.787,0.0
u_18808,0.08230581136137691,5331,0.0,0.787,0.0
u_18809,0.0836562413514117,61,0.0,0.787,0.0
u_18810,0.0,-1,0.0,,
u_18811,0.0,-1,0.0,,
u_18812,0.0,-1,0.0,,
u_18813,0.0,-1,0.0,,
u_18814,0.0,-1,0.0,,
u_18815,0.006685368890645759,1101,0.0,0.131,0.0
u_18816,0.0,-1,0.0,,
u_18817,0.0402281036680746,430,0.0,0.787,0.0
u_18818,0.0,-1,0.0,,
u_18819,0.001917495372093722,2664,0.0,0.018,0.0
u_18820,0.0,-1,0.0,,
u_18821,0.043034914056465874,4150,0.0,0.787,0.0
u_18822,0.0,-1,0.0,,
u_18823,0.0,-1,0.0,,
u_18824,0.0,-1,0.0,,
u_18825,0.0,-1,0.0,,
u_18826,0.0021535280442887502,419,0.0,0.014,0.0
u_18827,0.0,-1,0.0,,
u_18828,0.0,-1,0.0,,
u_18829,0.043034914056465874,1346,0.0,0.787,0.0
u_18830,0.0,-1,0.0,,
u_18831,0.0,-1,0.0,,
u_18832,0.0,-1,0.0,,
u_18833,0.0,-1,0.0,,
u_18834,0.0,-1,0.0,,
u_18835,0.028626982085275362,24,0.0,0.523,0.0
u_18836,0.0,-1,0.0,,
u_18837,0.07099262856618618,4576,0.0,0.663,0.0
u_18838,0.043018305228128745,1469,0.0,0.787,0.0
u_18839,0.0,-1,0.0,,
u_18840,0.0,-1,0.0,,
u_18841,0.0,-1,0.0,,
u_18842,0.0,-1,0.0,,
u_18843,0.0,-1,0.0,,
u_18844,0.08482066335863957,2448,0.0,0.787,0.0
u_18845,0.0,-1,0.0,,
u_18846,0.0,-1,0.0,,
u_18847,0.0,-1,0.0,,
u_18848,0.0,-1,0.0,,
u_18849,0.0,-1,0.0,,
u_18850,0.0,-1,0.0,,
u_18851,0.043034914056465874,5332,0.0,0.787,0.0
u_18852,0.0,-1,0.0,,
u_18853,0.0,-1,0.0,,
u_18854,0.12063646800240403,1214,0.0,0.787,0.0
u_18855,0.00042675366823861325,427,0.0,0.008,0.0
u_18856,0.0,-1,0.0,,
u_18857,0.0,-1,0.0,,
u_18858,0.0,-1,0.0,,
u_18859,0.0,-1,0.0,,
u_18860,0.0,-1,0.0,,
u_18861,0.0,-1,0.0,,
u_18862,0.08066166743522345,360,0.0,0.787,0.0
u_18863,0.041870083200581665,94,0.0,0.787,0.0
u_18864,0.043034914056465874,5240,0.0,0.787,0.0
u_18865,0.0,-1,0.0,,
u_18866,0.043034914056465874,5333,0.0,0.787,0.0
u_18867,0.0,-1,0.0,,
u_18868,0.00043259692325165426,1636,0.0,0.004,0.0
u_18869,0.0,-1,0.0,,
u_18870,0.0,-1,0.0,,
u_18871,0.0,-1,0.0,,
u_18872,0.0,-1,0.0,,
u_18873,0.0,-1,0.0,,
u_18874,0.0,-1,0.0,,
u_18875,0.0,-1,0.0,,
u_18876,0.0,-1,0.0,,
u_18877,0.0,-1,0.0,,
u_18878,0.04015061078775228,1070,0.0,0.787,0.0
u_18879,0.0,-1,0.0,,
u_18880,0.0,-1,0.0,,
u_18881,0.043034914056465874,4656,0.0,0.787,0.0
u_18882,0.0007266600636981433,30,0.0,0.014,0.0
u_18883,0.0,-1,0.0,,
u_18884,0.0,-1,0.0,,
u_18885,0.0,-1,0.0,,
u_18886,0.03989457133862758,4455,0.0,0.787,0.0
u_18887,0.0,-1,0.0,,
u_18888,0.0,-1,0.0,,
u_18889,0.0,-1,0.0,,
u_18890,0.0,-1,0.0,,
u_18891,0.0,-1,0.0,,
u_18892,0.043034914056465874,4837,0.0,0.787,0.0
u_18893,0.0,-1,0.0,,
u_18894,0.0430255593233686,1316,0.0,0.787,0.0
u_18895,0.041954601068072826,564,0.0,0.787,0.0
u_18896,0.04477545110958148,2311,0.0,0.787,0.0
u_18897,0.03718325378970743,454,0.0,0.698,0.0
u_18898,0.043034914056465874,5334,0.0,0.787,0.0
u_18899,0.013488534506807058,118,0.0,0.259,0.0
u_18900,0.08140138728205679,583,0.0,0.787,0.0
u_18901,0.0,-1,0.0,,
u_18902,0.0,-1,0.0,,
u_18903,0.042670662185663205,1990,0.0,0.787,0.0
u_18904,5.9711271294938586e-05,551,0.0,0.001,0.0
u_18905,0.0,-1,0.0,,
u_18906,0.0,-1,0.0,,
u_18907,0.043034914056465874,6105,0.0,0.787,0.0
u_18908,0.043034914056465874,6106,0.0,0.787,0.0
u_18909,0.0,-1,0.0,,
u_18910,0.005454552218475444,3283,0.0,0.051,0.0
u_18911,0.0,-1,0.0,,
u_18912,0.0,-1,0.0,,
u_18913,0.03988758357584564,1848,0.0,0.787,0.0
u_18914,0.0,-1,0.0,,
u_18915,0.0,-1,0.0,,
u_18916,0.0,-1,0.0,,
u_18917,0.041596953856665,4623,0.0,0.76,0.0
u_18918,0.0,-1,0.0,,
u_18919,0.0,-1,0.0,,
u_18920,0.0,-1,0.0,,
u_18921,0.0,-1,0.0,,
u_18922,0.042112935067578225,1500,0.0,0.787,0.0
u_18923,0.0,-1,0.0,,
u_18924,5.1183265285571553e-05,266,0.0,0.001,0.0
u_18925,0.043034914056465874,6107,0.0,0.787,0.0
u_18926,0.0,-1,0.0,,
u_18927,0.0,-1,0.0,,
u_18928,0.04310916546109399,3075,0.0,0.787,0.0
u_18929,0.0,-1,0.0,,
u_18930,0.0,-1,0.0,,
u_18931,0.0,-1,0.0,,
u_18932,0.0,-1,0.0,,
u_18933,0.0,-1,0.0,,
u_18934,0.043034914056465874,150,0.0,0.787,0.0
u_18935,0.0,-1,0.0,,
u_18936,0.04113147017719381,485,0.0,0.787,0.0
u_18937,0.0,-1,0.0,,
u_18938,0.0002531760317168573,1209,0.0,0.002,0.0
u_18939,0.0,-1,0.0,,
u_18940,0.043034914056465874,4833,0.0,0.787,0.0
u_18941,4.306637023931818e-05,84,0.0,0.001,0.0
u_18942,0.043034914056465874,5335,0.0,0.787,0.0
u_18943,0.0,-1,0.0,,
u_18944,0.0,-1,0.0,,
u_18945,0.043034914056465874,2502,0.0,0.787,0.0
u_18946,0.04061426958085089,1332,0.0,0.787,0.0
u_18947,0.0,-1,0.0,,
u_18948,0.009034180708559554,3935,0.0,0.165,0.0
u_18949,0.1114518282638705,297,0.0,0.699,0.0
u_18950,0.017641734938893146,3933,0.0,0.165,0.0
u_18951,0.0,-1,0.0,,
u_18952,0.0,-1,0.0,,
u_18953,0.0,-1,0.0,,
u_18954,0.0,-1,0.0,,
u_18955,0.0,-1,0.0,,
u_18956,0.0,-1,0.0,,
u_18957,0.0,-1,0.0,,
u_18958,0.0,-1,0.0,,
u_18959,0.00042790097627862125,262,0.0,0.008,0.0
u_18960,0.0,-1,0.0,,
u_18961,0.0,-1,0.0,,
u_18962,0.0,-1,0.0,,
u_18963,0.043034914056465874,2477,0.0,0.787,0.0
u_18964,0.0,-1,0.0,,
u_18965,0.0,-1,0.0,,
u_18966,0.04291909000173354,492,0.0,0.787,0.0
u_18967,0.0003622676341641146,2013,0.0,0.007,0.0
u_18968,0.0,-1,0.0,,
u_18969,0.0,-1,0.0,,
u_18970,0.0003278523963373087,1895,0.0,0.006,0.0
u_18971,0.0,-1,0.0,,
u_18972,0.043034914056465874,5885,0.0,0.787,0.0
u_18973,0.0,-1,0.0,,
u_18974,0.043034914056465874,2524,0.0,0.787,0.0
u_18975,0.0,-1,0.0,,
u_18976,0.12480467220072261,572,0.0,0.787,0.0
u_18977,0.0,-1,0.0,,
u_18978,0.0,-1,0.0,,
u_18979,0.0,-1,0.0,,
u_18980,0.040393596420731544,982,0.0,0.787,0.0
u_18981,0.0014206323160466821,74,0.0,0.014,0.0
u_18982,0.0,-1,0.0,,
u_18983,0.0,-1,0.0,,
u_18984,6.531492167059434e-05,575,0.0,0.001,0.0
u_18985,0.0024268110579130685,318,0.0,0.047,0.0
u_18986,0.0,-1,0.0,,
u_18987,0.0,-1,0.0,,
u_18988,0.08551047771791956,4517,0.0,0.787,0.0
u_18989,0.0022144927049924704,2769,0.0,0.021,0.0
u_18990,0.0,-1,0.0,,
u_18991,0.0,-1,0.0,,
u_18992,0.0,-1,0.0,,
u_18993,0.000948730369332476,2102,0.0,0.018,0.0
u_18994,0.0,-1,0.0,,
u_18995,0.0,-1,0.0,,
u_18996,0.0,-1,0.0,,
u_18997,0.043034914056465874,1844,0.0,0.787,0.0
u_18998,0.0,-1,0.0,,
u_18999,0.0,-1,0.0,,
u_19000,0.043034914056465874,5336,0.0,0.787,0.0
u_19001,0.04078332634981918,2266,0.0,0.787,0.0
u_19002,0.043034914056465874,3790,0.0,0.787,0.0
u_19003,0.043034914056465874,4057,0.0,0.787,0.0
u_19004,0.0,-1,0.0,,
u_19005,0.039889070277451644,3511,0.0,0.787,0.0
u_19006,0.006265153259353686,3365,0.0,0.059,0.0
u_19007,0.0,-1,0.0,,
u_19008,0.0,-1,0.0,,
u_19009,0.0,-1,0.0,,
u_19010,0.0,-1,0.0,,
u_19011,0.0,-1,0.0,,
u_19012,0.03988817018936833,4117,0.0,0.787,0.0
u_19013,0.0,-1,0.0,,
u_19014,0.03988981197066685,936,0.0,0.787,0.0
u_19015,0.041718709262195466,2923,0.0,0.787,0.0
u_19016,0.11961742409256286,1723,0.0,0.787,0.0
u_19017,0.0,-1,0.0,,
u_19018,0.0,-1,0.0,,
u_19019,0.0,-1,0.0,,
u_19020,0.0,-1,0.0,,
u_19021,0.0,-1,0.0,,
u_19022,0.0,-1,0.0,,
u_19023,0.0,-1,0.0,,
u_19024,0.0,-1,0.0,,
u_19025,0.010202854981062794,4000,0.0,0.186,0.0
u_19026,0.03180957765328293,49,0.0,0.611,0.0
u_19027,0.0002473248401096334,1751,0.0,0.005,0.0
u_19028,0.043034914056465874,4620,0.0,0.787,0.0
u_19029,0.039889830826390825,4564,0.0,0.787,0.0
u_19030,0.0,-1,0.0,,
u_19031,0.0,-1,0.0,,
u_19032,0.0,-1,0.0,,
u_19033,0.0,-1,0.0,,
u_19034,0.0,-1,0.0,,
u_19035,0.0,-1,0.0,,
u_19036,0.0,-1,0.0,,
u_19037,0.00024389469193180906,1730,0.0,0.005,0.0
u_19038,0.043034914056465874,4020,0.0,0.787,0.0
u_19039,0.012639791568317512,1284,0.0,0.121,0.0
u_19040,0.0,-1,0.0,,
u_19041,0.0,-1,0.0,,
u_19042,0.0,-1,0.0,,
u_19043,0.043034914056465874,4125,0.0,0.787,0.0
u_19044,0.0,-1,0.0,,
u_19045,0.043034914056465874,5964,0.0,0.787,0.0
u_19046,0.0,-1,0.0,,
u_19047,0.016023090853886538,4185,0.0,0.293,0.0
u_19048,0.00039723572869758054,333,0.0,0.008,0.0
u_19049,0.043037324905286334,256,0.0,0.787,0.0
u_19050,0.0,-1,0.0,,
u_19051,0.0,-1,0.0,,
u_19052,0.03988741308433314,168,0.0,0.787,0.0
u_19053,0.043034914056465874,5034,0.0,0.787,0.0
u_19054,0.0,-1,0.0,,
u_19055,0.0,-1,0.0,,
u_19056,0.043034914056465874,4986,0.0,0.787,0.0
u_19057,0.0,-1,0.0,,
u_19058,0.0,-1,0.0,,
u_19059,0.043034914056465874,5032,0.0,0.787,0.0
u_19060,0.0,-1,0.0,,
u_19061,0.0,-1,0.0,,
u_19062,0.0,-1,0.0,,
u_19063,0.0,-1,0.0,,
u_19064,0.0,-1,0.0,,
u_19065,0.0,-1,0.0,,
u_19066,0.0,-1,0.0,,
u_19067,0.0,-1,0.0,,
u_19068,0.043034914056465874,6108,0.0,0.787,0.0
u_19069,0.0,-1,0.0,,
u_19070,0.0,-1,0.0,,
u_19071,0.043034914056465874,6109,0.0,0.787,0.0
u_19072,0.013263463141516624,2075,0.0,0.125,0.0
u_19073,0.0,-1,0.0,,
u_19074,0.039889074208087724,511,0.0,0.787,0.0
u_19075,0.0,-1,0.0,,
u_19076,0.0,-1,0.0,,
u_19077,0.0,-1,0.0,,
u_19078,0.0,-1,0.0,,
u_19079,0.0,-1,0.0,,
u_19080,0.0,-1,0.0,,
u_19081,0.0,-1,0.0,,
u_19082,0.0,-1,0.0,,
u_19083,0.0,-1,0.0,,
u_19084,0.0,-1,0.0,,
u_19085,0.0,-1,0.0,,
u_19086,0.04433210631824971,1437,0.0,0.787,0.0
u_19087,0.043034914056465874,2499,0.0,0.787,0.0
u_19088,0.0,-1,0.0,,
u_19089,0.0,-1,0.0,,
u_19090,0.043034914056465874,4487,0.0,0.787,0.0
u_19091,0.02388204862073195,1430,0.0,0.113,0.0
u_19092,0.040214810986011866,2905,0.0,0.774,0.0
u_19093,0.0,-1,0.0,,
u_19094,0.03989693353909894,1395,0.0,0.787,0.0
u_19095,0.0,-1,0.0,,
u_19096,0.043034914056465874,5337,0.0,0.787,0.0
u_19097,0.0,-1,0.0,,
u_19098,0.0009184132872750777,197,0.0,0.006,0.0
u_19099,0.0,-1,0.0,,
u_19100,0.0,-1,0.0,,
u_19101,0.0,-1,0.0,,
u_19102,0.0,-1,0.0,,
u_19103,0.0,-1,0.0,,
u_19104,0.0,-1,0.0,,
u_19105,0.0,-1,0.0,,
u_19106,0.0006087431538776341,89,0.0,0.011,0.0
u_19107,0.0,-1,0.0,,
u_19108,0.01050577888185547,1339,0.0,0.195,0.0
u_19109,7.671981598713468e-05,750,0.0,0.001,0.0
u_19110,0.0,-1,0.0,,
u_19111,0.0,-1,0.0,,
u_19112,0.0,-1,0.0,,
u_19113,0.0,-1,0.0,,
u_19114,0.0,-1,0.0,,
u_19115,0.0,-1,0.0,,
u_19116,0.0,-1,0.0,,
u_19117,0.009710722836173295,584,0.0,0.184,0.0
u_19118,0.0,-1,0.0,,
u_19119,0.0,-1,0.0,,
u_19120,0.0,-1,0.0,,
u_19121,0.043034914056465874,4884,0.0,0.787,0.0
u_19122,0.0,-1,0.0,,
u_19123,0.0,-1,0.0,,
u_19124,0.08417531978986129,2003,0.0,0.787,0.0
u_19125,0.0,-1,0.0,,
u_19126,0.0,-1,0.0,,
u_19127,0.0,-1,0.0,,
u_19128,0.0,-1,0.0,,
u_19129,0.0,-1,0.0,,
u_19130,0.014669411019899185,1676,0.0,0.135,0.0
u_19131,0.0020483562868996523,3084,0.0,0.036,0.0
u_19132,0.0,-1,0.0,,
u_19133,0.0,-1,0.0,,
u_19134,0.0,-1,0.0,,
u_19135,0.0,-1,0.0,,
u_19136,0.0,-1,0.0,,
u_19137,0.0,-1,0.0,,
u_19138,0.0,-1,0.0,,
u_19139,0.043034914056465874,5338,0.0,0.787,0.0
u_19140,0.019176642006020258,4248,0.0,0.34,0.0
u_19141,0.0,-1,0.0,,
u_19142,0.12342766215873069,5331,0.0,0.787,0.0
u_19143,0.042083105720206876,2309,0.0,0.787,0.0
u_19144,0.0,-1,0.0,,
u_19145,0.0,-1,0.0,,
u_19146,0.043034914056465874,3678,0.0,0.787,0.0
u_19147,0.043034914056465874,5339,0.0,0.787,0.0
u_19148,0.00013782444904413514,1278,0.0,0.003,0.0
u_19149,0.03988755571980594,310,0.0,0.787,0.0
u_19150,0.04437335876390563,1472,0.0,0.787,0.0
u_19151,0.0,-1,0.0,,
u_19152,0.04240983731301564,161,0.0,0.787,0.0
u_19153,0.043034914056465874,5340,0.0,0.787,0.0
u_19154,0.0,-1,0.0,,
u_19155,0.043034914056465874,5341,0.0,0.787,0.0
u_19156,0.0,-1,0.0,,
u_19157,0.00040526649126236097,2091,0.0,0.007,0.0
u_19158,0.0,-1,0.0,,
u_19159,0.0,-1,0.0,,
u_19160,8.534529945844851e-05,859,0.0,0.002,0.0
u_19161,0.043034914056465874,9,0.0,0.787,0.0
u_19162,0.0,-1,0.0,,
u_19163,0.0,-1,0.0,,
u_19164,0.0,-1,0.0,,
u_19165,0.03988891153409242,3874,0.0,0.787,0.0
u_19166,0.043034914056465874,5342,0.0,0.787,0.0
u_19167,0.0,-1,0.0,,
u_19168,0.0,-1,0.0,,
u_19169,0.0,-1,0.0,,
u_19170,0.0,-1,0.0,,
u_19171,0.0,-1,0.0,,
u_19172,0.0,-1,0.0,,
u_19173,0.0,-1,0.0,,
u_19174,0.0,-1,0.0,,
u_19175,0.004068604387707222,733,0.0,0.026,0.0
u_19176,0.0,-1,0.0,,
u_19177,0.043036824171428706,2080,0.0,0.787,0.0
u_19178,0.0,-1,0.0,,
u_19179,0.0,-1,0.0,,
u_19180,0.0,-1,0.0,,
u_19181,0.0,-1,0.0,,
u_19182,0.12170200203897694,1588,0.0,0.787,0.0
u_19183,0.0,-1,0.0,,
u_19184,0.0,-1,0.0,,
u_19185,0.019810465969439747,4278,0.0,0.362,0.0
u_19186,0.0,-1,0.0,,
u_19187,0.0,-1,0.0,,
u_19188,0.0,-1,0.0,,
u_19189,0.0,-1,0.0,,
u_19190,0.040722977820225784,789,0.0,0.787,0.0
u_19191,0.0,-1,0.0,,
u_19192,0.014677402629633834,233,0.0,0.262,0.0
u_19193,0.0,-1,0.0,,
u_19194,0.041608512584210104,3779,0.0,0.787,0.0
u_19195,0.0,-1,0.0,,
u_19196,0.0,-1,0.0,,
u_19197,0.043034914056465874,5343,0.0,0.787,0.0
u_19198,0.0,-1,0.0,,
u_19199,0.0,-1,0.0,,
u_19200,0.0,-1,0.0,,
u_19201,0.042130407716432006,5344,0.0,0.787,0.0
u_19202,0.0,-1,0.0,,
u_19203,0.01894008790801346,5,0.0,0.178,0.0
u_19204,0.0,-1,0.0,,
u_19205,0.0,-1,0.0,,
u_19206,0.043034914056465874,6110,0.0,0.787,0.0
u_19207,0.00040420875207749965,1589,0.0,0.004,0.0
u_19208,0.0,-1,0.0,,
u_19209,0.0,-1,0.0,,
u_19210,0.0,-1,0.0,,
u_19211,0.043034914056465874,4312,0.0,0.787,0.0
u_19212,0.03988747488241184,350,0.0,0.787,0.0
u_19213,0.0005993470091957955,2331,0.0,0.011,0.0
u_19214,0.0,-1,0.0,,
u_19215,0.0,-1,0.0,,
u_19216,0.0,-1,0.0,,
u_19217,0.0,-1,0.0,,
u_19218,0.0,-1,0.0,,
u_19219,0.0,-1,0.0,,
u_19220,0.00011854499215594793,550,0.0,0.001,0.0
u_19221,0.08354301633255075,325,0.0,0.787,0.0
u_19222,0.041739990688030526,97,0.0,0.787,0.0
u_19223,0.0796372461686876,2475,0.0,0.787,0.0
u_19224,0.0,-1,0.0,,
u_19225,0.043034914056465874,5345,0.0,0.787,0.0
u_19226,0.03988932299089494,3472,0.0,0.787,0.0
u_19227,0.03988840854429944,1137,0.0,0.787,0.0
u_19228,6.777329001746657e-05,671,0.0,0.001,0.0
u_19229,0.0,-1,0.0,,
u_19230,0.04437303302901219,3245,0.0,0.787,0.0
u_19231,0.00030719235989858454,1875,0.0,0.006,0.0
u_19232,0.0,-1,0.0,,
u_19233,0.0,-1,0.0,,
u_19234,0.0,-1,0.0,,
u_19235,0.043034914056465874,5346,0.0,0.787,0.0
u_19236,0.043034914056465874,4345,0.0,0.787,0.0
u_19237,0.0,-1,0.0,,
u_19238,0.0,-1,0.0,,
u_19239,0.0,-1,0.0,,
u_19240,0.043034914056465874,6111,0.0,0.787,0.0
u_19241,0.0077289056103093685,140,0.0,0.073,0.0
u_19242,0.0,-1,0.0,,
u_19243,0.0,-1,0.0,,
u_19244,0.0,-1,0.0,,
u_19245,0.04814597881457393,33,0.0,0.454,0.0
u_19246,0.0,-1,0.0,,
u_19247,0.0,-1,0.0,,
u_19248,0.0,-1,0.0,,
u_19249,0.08417531978986129,141,0.0,0.787,0.0
u_19250,0.0,-1,0.0,,
u_19251,0.04388565152351832,1822,0.0,0.787,0.0
u_19252,0.08384436505640039,650,0.0,0.787,0.0
u_19253,0.043034914056465874,2663,0.0,0.787,0.0
u_19254,0.040572123751827484,517,0.0,0.787,0.0
u_19255,0.04354793101938201,4159,0.0,0.277,0.0
u_19256,0.0,-1,0.0,,
u_19257,0.0,-1,0.0,,
u_19258,5.9574889439245084e-05,501,0.0,0.001,0.0
u_19259,0.0,-1,0.0,,
u_19260,0.0,-1,0.0,,
u_19261,0.0003610739832712594,1987,0.0,0.006,0.0
u_19262,0.0,-1,0.0,,
u_19263,0.0,-1,0.0,,
u_19264,0.00012710099748332993,105,0.0,0.002,0.0
u_19265,0.04329237007295863,1137,0.0,0.787,0.0
u_19266,0.0,-1,0.0,,
u_19267,0.0,-1,0.0,,
u_19268,0.00021944095840425548,1459,0.0,0.004,0.0
u_19269,0.0,-1,0.0,,
u_19270,0.0,-1,0.0,,
u_19271,0.0,-1,0.0,,
u_19272,0.009725266952988648,297,0.0,0.19,0.0
u_19273,0.0,-1,0.0,,
u_19274,0.025784267232685527,2968,0.0,0.501,0.0
u_19275,0.0,-1,0.0,,
u_19276,0.01282483443121836,4093,0.0,0.234,0.0
u_19277,0.04384178799468167,413,0.0,0.787,0.0
u_19278,0.043034914056465874,4608,0.0,0.787,0.0
u_19279,0.0,-1,0.0,,
u_19280,0.043034914056465874,6112,0.0,0.787,0.0
u_19281,0.00015443192556710987,322,0.0,0.001,0.0
u_19282,0.039497434222062575,282,0.0,0.768,0.0
u_19283,0.014591819350423614,4139,0.0,0.267,0.0
u_19284,0.0,-1,0.0,,
u_19285,0.0,-1,0.0,,
u_19286,0.0,-1,0.0,,
u_19287,0.0,-1,0.0,,
u_19288,0.044599802772269166,254,0.0,0.787,0.0
u_19289,0.0,-1,0.0,,
u_19290,0.0,-1,0.0,,
u_19291,0.08236744717093884,1298,0.0,0.787,0.0
u_19292,0.043034914056465874,5347,0.0,0.787,0.0
u_19293,0.04216962134493984,1374,0.0,0.787,0.0
u_19294,0.0,-1,0.0,,
u_19295,0.0,-1,0.0,,
u_19296,7.130027926984244e-05,677,0.0,0.001,0.0
u_19297,0.0,-1,0.0,,
u_19298,0.0,-1,0.0,,
u_19299,0.0,-1,0.0,,
u_19300,4.4132927976825655e-05,117,0.0,0.001,0.0
u_19301,0.0,-1,0.0,,
u_19302,0.0006817316970132593,79,0.0,0.004,0.0
u_19303,0.0,-1,0.0,,
u_19304,0.03988863669798489,2064,0.0,0.787,0.0
u_19305,0.0,-1,0.0,,
u_19306,0.0,-1,0.0,,
u_19307,0.0,-1,0.0,,
u_19308,0.0,-1,0.0,,
u_19309,0.0,-1,0.0,,
u_19310,0.006547693307655694,3755,0.0,0.12,0.0
u_19311,0.0,-1,0.0,,
u_19312,0.0,-1,0.0,,
u_19313,0.0001121168309133167,1089,0.0,0.002,0.0
u_19314,0.0,-1,0.0,,
u_19315,0.0,-1,0.0,,
u_19316,0.0,-1,0.0,,
u_19317,0.0,-1,0.0,,
u_19318,0.0007797574211908968,168,0.0,0.005,0.0
u_19319,0.0,-1,0.0,,
u_19320,0.0,-1,0.0,,
u_19321,0.0,-1,0.0,,
u_19322,0.0002011291615630636,1628,0.0,0.004,0.0
u_19323,0.0,-1,0.0,,
u_19324,0.041436123292461935,222,0.0,0.787,0.0
u_19325,0.0,-1,0.0,,
u_19326,0.043034914056465874,5126,0.0,0.787,0.0
u_19327,0.0,-1,0.0,,
u_19328,0.0,-1,0.0,,
u_19329,0.043034914056465874,3096,0.0,0.787,0.0
u_19330,0.03988976566256559,1473,0.0,0.787,0.0
u_19331,0.043034914056465874,6113,0.0,0.787,0.0
u_19332,0.0,-1,0.0,,
u_19333,0.043034914056465874,6114,0.0,0.787,0.0
u_19334,0.0,-1,0.0,,
u_19335,0.03988884037778171,379,0.0,0.787,0.0
u_19336,0.0,-1,0.0,,
u_19337,0.0,-1,0.0,,
u_19338,0.0,-1,0.0,,
u_19339,0.0,-1,0.0,,
u_19340,0.00016650418683389958,483,0.0,0.002,0.0
u_19341,0.043034914056465874,4145,0.0,0.787,0.0
u_19342,0.04076492117907609,1483,0.0,0.787,0.0
u_19343,0.0,-1,0.0,,
u_19344,0.0,-1,0.0,,
u_19345,0.0,-1,0.0,,
u_19346,0.0,-1,0.0,,
u_19347,0.0,-1,0.0,,
u_19348,0.0,-1,0.0,,
u_19349,0.00028212784313012503,131,0.0,0.003,0.0
u_19350,0.0,-1,0.0,,
u_19351,0.019889460543657162,1824,0.0,0.186,0.0
u_19352,0.0,-1,0.0,,
u_19353,0.00013946615292570485,1285,0.0,0.003,0.0
u_19354,0.039887398770971944,4398,0.0,0.787,0.0
u_19355,0.0,-1,0.0,,
u_19356,0.001396697410522428,2892,0.0,0.026,0.0
u_19357,0.0,-1,0.0,,
u_19358,0.0,-1,0.0,,
u_19359,0.0,-1,0.0,,
u_19360,0.08417531978986129,4214,0.0,0.787,0.0
u_19361,0.0,-1,0.0,,
u_19362,0.0,-1,0.0,,
u_19363,0.0,-1,0.0,,
u_19364,0.0,-1,0.0,,
u_19365,0.043034914056465874,5348,0.0,0.787,0.0
u_19366,0.043034914056465874,2016,0.0,0.787,0.0
u_19367,0.0,-1,0.0,,
u_19368,0.0,-1,0.0,,
u_19369,0.0,-1,0.0,,
u_19370,0.0,-1,0.0,,
u_19371,0.0,-1,0.0,,
u_19372,0.0,-1,0.0,,
u_19373,0.0,-1,0.0,,
u_19374,0.0,-1,0.0,,
u_19375,0.00014945251597969935,1043,0.0,0.003,0.0
u_19376,0.0,-1,0.0,,
u_19377,0.0,-1,0.0,,
u_19378,0.0,-1,0.0,,
u_19379,0.0,-1,0.0,,
u_19380,0.0,-1,0.0,,
u_19381,0.0,-1,0.0,,
u_19382,0.0,-1,0.0,,
u_19383,0.0,-1,0.0,,
u_19384,0.04539116033415008,1463,0.0,0.424,0.0
u_19385,0.0,-1,0.0,,
u_19386,0.0,-1,0.0,,
u_19387,0.043034914056465874,3079,0.0,0.787,0.0
u_19388,0.0,-1,0.0,,
u_19389,0.043034914056465874,6058,0.0,0.787,0.0
u_19390,0.0,-1,0.0,,
u_19391,0.08417531978986129,4480,0.0,0.787,0.0
u_19392,0.0,-1,0.0,,
u_19393,0.0,-1,0.0,,
u_19394,0.0,-1,0.0,,
u_19395,0.0,-1,0.0,,
u_19396,0.0,-1,0.0,,
u_19397,0.0,-1,0.0,,
u_19398,0.0,-1,0.0,,
u_19399,0.006575257050201576,3777,0.0,0.124,0.0
u_19400,0.041721021670783114,3358,0.0,0.81,0.0
u_19401,0.043034914056465874,5292,0.0,0.787,0.0
u_19402,0.0,-1,0.0,,
u_19403,0.039888577279162875,2667,0.0,0.787,0.0
u_19404,0.0,-1,0.0,,
u_19405,0.0,-1,0.0,,
u_19406,0.0,-1,0.0,,
u_19407,0.000463094808461447,168,0.0,0.009,0.0
u_19408,0.0,-1,0.0,,
u_19409,0.0,-1,0.0,,
u_19410,0.0,-1,0.0,,
u_19411,0.0,-1,0.0,,
u_19412,0.043034914056465874,6115,0.0,0.787,0.0
u_19413,0.0,-1,0.0,,
u_19414,0.043034914056465874,5933,0.0,0.787,0.0
u_19415,0.0,-1,0.0,,
u_19416,0.0,-1,0.0,,
u_19417,0.0,-1,0.0,,
u_19418,0.0,-1,0.0,,
u_19419,0.0,-1,0.0,,
u_19420,0.0,-1,0.0,,
u_19421,0.00044675774243484504,2158,0.0,0.008,0.0
u_19422,0.0,-1,0.0,,
u_19423,0.031134465238684843,4504,0.0,0.569,0.0
u_19424,0.00014208782933315193,222,0.0,0.003,0.0
u_19425,0.043034914056465874,2602,0.0,0.787,0.0
u_19426,0.009462566611706054,3212,0.0,0.086,0.0
u_19427,0.0,-1,0.0,,
u_19428,0.04204869277056504,58,0.0,0.787,0.0
u_19429,0.0,-1,0.0,,
u_19430,0.0,-1,0.0,,
u_19431,0.043034914056465874,5349,0.0,0.787,0.0
u_19432,0.041334656657602366,75,0.0,0.787,0.0
u_19433,0.0,-1,0.0,,
u_19434,5.721553315479898e-05,5,0.0,0.001,0.0
u_19435,0.0,-1,0.0,,
u_19436,0.0,-1,0.0,,
u_19437,0.0443713170822466,2946,0.0,0.787,0.0
u_19438,0.0,-1,0.0,,
u_19439,0.0,-1,0.0,,
u_19440,0.0035608042828227373,3032,0.0,0.033,0.0
u_19441,0.0,-1,0.0,,
u_19442,0.0009693635452198624,2661,0.0,0.018,0.0
u_19443,0.0,-1,0.0,,
u_19444,0.03988965870135759,2455,0.0,0.787,0.0
u_19445,0.0,-1,0.0,,
u_19446,0.0,-1,0.0,,
u_19447,0.0009145121358045997,1966,0.0,0.009,0.0
u_19448,0.0,-1,0.0,,
u_19449,0.0,-1,0.0,,
u_19450,0.0,-1,0.0,,
u_19451,0.0,-1,0.0,,
u_19452,0.0,-1,0.0,,
u_19453,0.043138817324712427,30,0.0,0.787,0.0
u_19454,0.0,-1,0.0,,
u_19455,0.0,-1,0.0,,
u_19456,0.0,-1,0.0,,
u_19457,0.0,-1,0.0,,
u_19458,0.0,-1,0.0,,
u_19459,0.08135885827575469,929,0.0,0.787,0.0
u_19460,0.000428907561770977,1658,0.0,0.004,0.0
u_19461,0.0,-1,0.0,,
u_19462,0.0,-1,0.0,,
u_19463,0.0,-1,0.0,,
u_19464,0.0,-1,0.0,,
u_19465,0.042130407716432006,5350,0.0,0.787,0.0
u_19466,0.043034914056465874,5351,0.0,0.787,0.0
u_19467,0.0,-1,0.0,,
u_19468,0.0,-1,0.0,,
u_19469,0.0,-1,0.0,,
u_19470,0.0,-1,0.0,,
u_19471,0.0,-1,0.0,,
u_19472,0.040395342420439316,1572,0.0,0.787,0.0
u_19473,0.0,-1,0.0,,
u_19474,0.0,-1,0.0,,
u_19475,0.0,-1,0.0,,
u_19476,0.0,-1,0.0,,
u_19477,0.009878071016236457,2451,0.0,0.178,0.0
u_19478,0.0,-1,0.0,,
u_19479,0.0,-1,0.0,,
u_19480,0.0,-1,0.0,,
u_19481,0.0,-1,0.0,,
u_19482,0.044372054832003106,2647,0.0,0.787,0.0
u_19483,0.0,-1,0.0,,
u_19484,0.03988808375156928,1691,0.0,0.787,0.0
u_19485,0.043034914056465874,786,0.0,0.787,0.0
u_19486,0.006111529392737736,1086,0.0,0.04,0.0
u_19487,0.043034914056465874,5352,0.0,0.787,0.0
u_19488,0.0,-1,0.0,,
u_19489,0.0,-1,0.0,,
u_19490,0.0,-1,0.0,,
u_19491,0.08373074745441195,1219,0.0,0.787,0.0
u_19492,0.0,-1,0.0,,
u_19493,0.0,-1,0.0,,
u_19494,0.0,-1,0.0,,
u_19495,0.0,-1,0.0,,
u_19496,0.043034914056465874,3512,0.0,0.787,0.0
u_19497,0.0,-1,0.0,,
u_19498,0.0,-1,0.0,,
u_19499,0.0,-1,0.0,,
u_19500,0.007332012878490383,866,0.0,0.142,0.0
u_19501,0.043034914056465874,5353,0.0,0.787,0.0
u_19502,0.043034914056465874,5354,0.0,0.787,0.0
u_19503,0.0,-1,0.0,,
u_19504,0.0,-1,0.0,,
u_19505,0.0,-1,0.0,,
u_19506,0.0,-1,0.0,,
u_19507,0.0,-1,0.0,,
u_19508,0.0,-1,0.0,,
u_19509,0.0,-1,0.0,,
u_19510,0.0,-1,0.0,,
u_19511,0.0,-1,0.0,,
u_19512,0.0,-1,0.0,,
u_19513,0.043034914056465874,5355,0.0,0.787,0.0
u_19514,0.0,-1,0.0,,
u_19515,0.0,-1,0.0,,
u_19516,0.0,-1,0.0,,
u_19517,0.04604218251258581,729,0.0,0.787,0.0
u_19518,0.0,-1,0.0,,
u_19519,0.0,-1,0.0,,
u_19520,0.0,-1,0.0,,
u_19521,0.0,-1,0.0,,
u_19522,0.039888934381488654,112,0.0,0.787,0.0
u_19523,0.043034914056465874,5900,0.0,0.787,0.0
u_19524,0.0,-1,0.0,,
u_19525,0.0,-1,0.0,,
u_19526,0.0,-1,0.0,,
u_19527,0.043034914056465874,4694,0.0,0.787,0.0
u_19528,0.0,-1,0.0,,
u_19529,0.0,-1,0.0,,
u_19530,0.007003954220749215,3795,0.0,0.128,0.0
u_19531,0.043034914056465874,5869,0.0,0.787,0.0
u_19532,0.0,-1,0.0,,
u_19533,0.04386515331252914,1638,0.0,0.787,0.0
u_19534,0.0,-1,0.0,,
u_19535,0.0,-1,0.0,,
u_19536,0.0,-1,0.0,,
u_19537,0.0,-1,0.0,,
u_19538,0.039889840281273924,3220,0.0,0.787,0.0
u_19539,0.04141058282489087,136,0.0,0.787,0.0
u_19540,0.08417531978986129,757,0.0,0.787,0.0
u_19541,0.0,-1,0.0,,
u_19542,0.04051050478312006,797,0.0,0.787,0.0
u_19543,0.0,-1,0.0,,
u_19544,0.0,-1,0.0,,
u_19545,0.0,-1,0.0,,
u_19546,0.0,-1,0.0,,
u_19547,0.03988765674182874,1039,0.0,0.787,0.0
u_19548,0.0,-1,0.0,,
u_19549,0.0,-1,0.0,,
u_19550,0.0,-1,0.0,,
u_19551,7.78133315432788e-05,768,0.0,0.001,0.0
u_19552,0.0,-1,0.0,,
u_19553,0.0,-1,0.0,,
u_19554,0.0,-1,0.0,,
u_19555,0.00013160507713446762,452,0.0,0.001,0.0
u_19556,0.0,-1,0.0,,
u_19557,0.03988780219628091,598,0.0,0.787,0.0
u_19558,9.612836666092626e-05,955,0.0,0.002,0.0
u_19559,0.0,-1,0.0,,
u_19560,0.043450402924616244,1836,0.0,0.787,0.0
u_19561,0.0,-1,0.0,,
u_19562,0.0,-1,0.0,,
u_19563,0.043034914056465874,4971,0.0,0.787,0.0
u_19564,0.0,-1,0.0,,
u_19565,0.0,-1,0.0,,
u_19566,0.0,-1,0.0,,
u_19567,0.0,-1,0.0,,
u_19568,0.005702601093131937,452,0.0,0.053,0.0
u_19569,0.043034914056465874,1935,0.0,0.787,0.0
u_19570,0.04133725744447585,280,0.0,0.787,0.0
u_19571,0.0004920430417815581,473,0.0,0.003,0.0
u_19572,0.043034914056465874,5356,0.0,0.787,0.0
u_19573,0.0796302576011083,3045,0.0,0.787,0.0
u_19574,0.0,-1,0.0,,
u_19575,0.043034914056465874,5357,0.0,0.787,0.0
u_19576,0.0,-1,0.0,,
u_19577,0.043034914056465874,5358,0.0,0.787,0.0
u_19578,0.0,-1,0.0,,
u_19579,0.04089806460165852,867,0.0,0.787,0.0
u_19580,0.042096273789442785,867,0.0,0.787,0.0
u_19581,0.0,-1,0.0,,
u_19582,0.07555699665499721,67,0.0,0.706,0.0
u_19583,0.043034914056465874,5359,0.0,0.787,0.0
u_19584,0.0,-1,0.0,,
u_19585,0.04021444462123275,1063,0.0,0.787,0.0
u_19586,0.0,-1,0.0,,
u_19587,0.0033565097774806733,3012,0.0,0.031,0.0
u_19588,0.04205645146829508,297,0.0,0.787,0.0
u_19589,0.0,-1,0.0,,
u_19590,0.0011686514677523164,168,0.0,0.022,0.0
u_19591,0.04049226950474409,1417,0.0,0.787,0.0
u_19592,0.0,-1,0.0,,
u_19593,0.0,-1,0.0,,
u_19594,0.03988836132291921,572,0.0,0.787,0.0
u_19595,0.039887241179718536,1459,0.0,0.787,0.0
u_19596,0.0400730922021771,367,0.0,0.787,0.0
u_19597,0.0,-1,0.0,,
u_19598,0.0,-1,0.0,,
u_19599,0.0,-1,0.0,,
u_19600,0.04367150283453146,1521,0.0,0.787,0.0
u_19601,0.043034914056465874,1982,0.0,0.787,0.0
u_19602,0.0,-1,0.0,,
u_19603,0.043762713854062836,303,0.0,0.787,0.0
u_19604,0.0,-1,0.0,,
u_19605,0.0,-1,0.0,,
u_19606,0.00014296001549290093,1310,0.0,0.003,0.0
u_19607,0.012197154002002905,4067,0.0,0.22,0.0
u_19608,0.0,-1,0.0,,
u_19609,0.0,-1,0.0,,
u_19610,0.0,-1,0.0,,
u_19611,0.04302395470891675,2644,0.0,0.787,0.0
u_19612,0.04161604562968269,506,0.0,0.787,0.0
u_19613,0.08298675322809235,809,0.0,0.787,0.0
u_19614,0.00011173701532528163,687,0.0,0.002,0.0
u_19615,0.0,-1,0.0,,
u_19616,0.0,-1,0.0,,
u_19617,0.08024404030920534,473,0.0,0.787,0.0
u_19618,0.0,-1,0.0,,
u_19619,0.0,-1,0.0,,
u_19620,0.0,-1,0.0,,
u_19621,0.03990060868716853,3380,0.0,0.787,0.0
u_19622,0.0,-1,0.0,,
u_19623,0.0,-1,0.0,,
u_19624,0.0,-1,0.0,,
u_19625,0.0,-1,0.0,,
u_19626,0.0,-1,0.0,,
u_19627,0.0,-1,0.0,,
u_19628,0.0,-1,0.0,,
u_19629,0.0,-1,0.0,,
u_19630,0.0,-1,0.0,,
u_19631,0.0,-1,0.0,,
u_19632,0.0,-1,0.0,,
u_19633,0.0,-1,0.0,,
u_19634,0.0,-1,0.0,,
u_19635,0.0,-1,0.0,,
u_19636,0.004252984890777111,222,0.0,0.081,0.0
u_19637,0.0,-1,0.0,,
u_19638,0.043034914056465874,4389,0.0,0.787,0.0
u_19639,0.0,-1,0.0,,
u_19640,0.0,-1,0.0,,
u_19641,0.0017432938527084368,1691,0.0,0.011,0.0
u_19642,0.0,-1,0.0,,
u_19643,0.03988860802657424,2523,0.0,0.787,0.0
u_19644,0.0,-1,0.0,,
u_19645,0.0,-1,0.0,,
u_19646,0.0,-1,0.0,,
u_19647,0.0,-1,0.0,,
u_19648,7.954321678014174e-05,25,0.0,0.001,0.0
u_19649,0.039892987045207634,2441,0.0,0.787,0.0
u_19650,0.0,-1,0.0,,
u_19651,0.0,-1,0.0,,
u_19652,0.0398876935214614,3007,0.0,0.787,0.0
u_19653,0.0,-1,0.0,,
u_19654,0.04210273044358591,22,0.0,0.787,0.0
u_19655,0.04437157656127443,2650,0.0,0.787,0.0
u_19656,0.0,-1,0.0,,
u_19657,0.004699101903819048,176,0.0,0.045,0.0
u_19658,0.043034914056465874,5277,0.0,0.787,0.0
u_19659,0.0,-1,0.0,,
u_19660,0.04185820483370867,325,0.0,0.787,0.0
u_19661,0.0,-1,0.0,,
u_19662,0.0,-1,0.0,,
u_19663,0.0,-1,0.0,,
u_19664,0.0,-1,0.0,,
u_19665,0.0,-1,0.0,,
u_19666,0.0,-1,0.0,,
u_19667,0.0,-1,0.0,,
u_19668,0.0,-1,0.0,,
u_19669,0.0,-1,0.0,,
u_19670,0.041629282317608096,1348,0.0,0.787,0.0
u_19671,0.0405717457820946,1109,0.0,0.787,0.0
u_19672,0.0006125767357593405,2365,0.0,0.011,0.0
u_19673,0.0,-1,0.0,,
u_19674,0.0002961593953154853,1036,0.0,0.002,0.0
u_19675,0.0,-1,0.0,,
u_19676,0.0,-1,0.0,,
u_19677,0.13616652084220268,588,0.0,0.864,0.0
u_19678,0.0,-1,0.0,,
u_19679,0.0,-1,0.0,,
u_19680,7.393684655089632e-05,742,0.0,0.001,0.0
u_19681,0.039888194494815,788,0.0,0.787,0.0
u_19682,0.043034914056465874,6116,0.0,0.787,0.0
u_19683,0.0,-1,0.0,,
u_19684,0.0,-1,0.0,,
u_19685,0.039895576024139776,2417,0.0,0.787,0.0
u_19686,0.0,-1,0.0,,
u_19687,0.0004088837670810924,2128,0.0,0.008,0.0
u_19688,0.0,-1,0.0,,
u_19689,0.0,-1,0.0,,
u_19690,0.0,-1,0.0,,
u_19691,0.0,-1,0.0,,
u_19692,0.0,-1,0.0,,
u_19693,0.05050800042315978,797,0.0,0.48,0.0
u_19694,0.0,-1,0.0,,
u_19695,0.0,-1,0.0,,
u_19696,0.043034914056465874,6087,0.0,0.787,0.0
u_19697,0.0025903331428100106,3230,0.0,0.047,0.0
u_19698,0.0,-1,0.0,,
u_19699,0.0,-1,0.0,,
u_19700,0.0001109739931455703,418,0.0,0.001,0.0
u_19701,0.0,-1,0.0,,
u_19702,0.0,-1,0.0,,
u_19703,0.0,-1,0.0,,
u_19704,0.0,-1,0.0,,
u_19705,0.0398902782798594,3021,0.0,0.787,0.0
u_19706,0.0,-1,0.0,,
u_19707,0.0,-1,0.0,,
u_19708,0.04814869577706362,4082,0.0,0.234,0.0
u_19709,0.0,-1,0.0,,
u_19710,0.0,-1,0.0,,
u_19711,0.0,-1,0.0,,
u_19712,0.0,-1,0.0,,
u_19713,0.043034914056465874,3739,0.0,0.787,0.0
u_19714,0.08417531978986129,1300,0.0,0.787,0.0
u_19715,0.0,-1,0.0,,
u_19716,0.0,-1,0.0,,
u_19717,0.0,-1,0.0,,
u_19718,0.0,-1,0.0,,
u_19719,0.0,-1,0.0,,
u_19720,0.039888630197051564,2251,0.0,0.787,0.0
u_19721,0.0,-1,0.0,,
u_19722,0.0,-1,0.0,,
u_19723,0.001953207451461531,1537,0.0,0.037,0.0
u_19724,0.0,-1,0.0,,
u_19725,0.0,-1,0.0,,
u_19726,0.0841934793215137,1684,0.0,0.787,0.0
u_19727,0.0014634520133738982,1578,0.0,0.029,0.0
u_19728,0.043034914056465874,1533,0.0,0.787,0.0
u_19729,0.043034914056465874,6117,0.0,0.787,0.0
u_19730,0.0,-1,0.0,,
u_19731,0.0,-1,0.0,,
u_19732,0.0,-1,0.0,,
u_19733,0.07963444888057773,1879,0.0,0.787,0.0
u_19734,0.00014374367287446608,1260,0.0,0.002,0.0
u_19735,0.0,-1,0.0,,
u_19736,0.0,-1,0.0,,
u_19737,5.5168174261730525e-05,403,0.0,0.001,0.0
u_19738,0.0,-1,0.0,,
u_19739,0.009321875874300287,3951,0.0,0.17,0.0
u_19740,0.0,-1,0.0,,
u_19741,0.02544901321147203,4395,0.0,0.465,0.0
u_19742,0.0,-1,0.0,,
u_19743,0.0,-1,0.0,,
u_19744,0.0,-1,0.0,,
u_19745,0.0,-1,0.0,,
u_19746,0.0,-1,0.0,,
u_19747,0.0,-1,0.0,,
u_19748,0.0,-1,0.0,,
u_19749,0.0,-1,0.0,,
u_19750,0.0,-1,0.0,,
u_19751,0.0,-1,0.0,,
u_19752,0.0,-1,0.0,,
u_19753,0.0,-1,0.0,,
u_19754,0.0,-1,0.0,,
u_19755,0.0,-1,0.0,,
u_19756,0.0,-1,0.0,,
u_19757,0.043034914056465874,5360,0.0,0.787,0.0
u_19758,0.043034914056465874,2910,0.0,0.787,0.0
u_19759,9.963533819619256e-05,269,0.0,0.001,0.0
u_19760,0.0,-1,0.0,,
u_19761,0.043034914056465874,2888,0.0,0.787,0.0
u_19762,0.043034914056465874,5361,0.0,0.787,0.0
u_19763,0.0,-1,0.0,,
u_19764,0.0,-1,0.0,,
u_19765,0.044371962717628735,3866,0.0,0.787,0.0
u_19766,0.0,-1,0.0,,
u_19767,0.0,-1,0.0,,
u_19768,0.0,-1,0.0,,
u_19769,0.12205053910329376,306,0.0,0.787,0.0
u_19770,0.08417531978986129,1091,0.0,0.787,0.0
u_19771,0.04146728242923671,2428,0.0,0.787,0.0
u_19772,0.0,-1,0.0,,
u_19773,0.019346636557196747,2071,0.0,0.125,0.0
u_19774,0.0,-1,0.0,,
u_19775,0.0,-1,0.0,,
u_19776,0.020357042722342258,4296,0.0,0.372,0.0
u_19777,0.0,-1,0.0,,
u_19778,0.0,-1,0.0,,
u_19779,0.09117849656294402,3793,0.0,0.845,0.0
u_19780,0.03989974714483832,4178,0.0,0.787,0.0
u_19781,0.0,-1,0.0,,
u_19782,8.794759656576553e-05,891,0.0,0.002,0.0
u_19783,0.03988824242426338,351,0.0,0.787,0.0
u_19784,0.0,-1,0.0,,
u_19785,0.0,-1,0.0,,
u_19786,0.0,-1,0.0,,
u_19787,0.01130938735964288,627,0.0,0.072,0.0
u_19788,0.0,-1,0.0,,
u_19789,0.043034914056465874,5130,0.0,0.787,0.0
u_19790,0.0,-1,0.0,,
u_19791,0.0,-1,0.0,,
u_19792,0.0,-1,0.0,,
u_19793,0.04141411347532801,567,0.0,0.787,0.0
u_19794,0.0,-1,0.0,,
u_19795,0.03988943759267094,3992,0.0,0.787,0.0
u_19796,0.0,-1,0.0,,
u_19797,0.043034914056465874,5362,0.0,0.787,0.0
u_19798,0.0,-1,0.0,,
u_19799,9.425516866489901e-05,938,0.0,0.002,0.0
u_19800,0.0811685575652772,1089,0.0,0.787,0.0
u_19801,0.0,-1,0.0,,
u_19802,0.0,-1,0.0,,
u_19803,0.0,-1,0.0,,
u_19804,0.043034914056465874,1259,0.0,0.787,0.0
u_19805,0.0,-1,0.0,,
u_19806,0.039892490659053786,4477,0.0,0.787,0.0
u_19807,0.043034914056465874,346,0.0,0.787,0.0
u_19808,0.0,-1,0.0,,
u_19809,0.04056515932263038,89,0.0,0.787,0.0
u_19810,0.0,-1,0.0,,
u_19811,0.0,-1,0.0,,
u_19812,0.08477683412567104,87,0.0,0.787,0.0
u_19813,0.04436738228549312,1026,0.0,0.787,0.0
u_19814,0.0,-1,0.0,,
u_19815,0.0,-1,0.0,,
u_19816,0.0,-1,0.0,,
u_19817,0.0,-1,0.0,,
u_19818,0.0,-1,0.0,,
u_19819,0.0,-1,0.0,,
u_19820,0.0,-1,0.0,,
u_19821,0.0,-1,0.0,,
u_19822,0.0,-1,0.0,,
u_19823,0.0,-1,0.0,,
u_19824,0.0,-1,0.0,,
u_19825,0.0,-1,0.0,,
u_19826,0.0,-1,0.0,,
u_19827,0.043034914056465874,5363,0.0,0.787,0.0
u_19828,0.0,-1,0.0,,
u_19829,0.004598078088360303,2491,0.0,0.022,0.0
u_19830,0.04437159723888724,4121,0.0,0.787,0.0
u_19831,0.0,-1,0.0,,
u_19832,0.0,-1,0.0,,
u_19833,0.041398374351763356,1566,0.0,0.787,0.0
u_19834,0.043034914056465874,2324,0.0,0.787,0.0
u_19835,0.0,-1,0.0,,
u_19836,0.0,-1,0.0,,
u_19837,0.0,-1,0.0,,
u_19838,0.00034299826596999284,1961,0.0,0.006,0.0
u_19839,0.0,-1,0.0,,
u_19840,0.0,-1,0.0,,
u_19841,0.0,-1,0.0,,
u_19842,0.0,-1,0.0,,
u_19843,0.0,-1,0.0,,
u_19844,0.0,-1,0.0,,
u_19845,0.0,-1,0.0,,
u_19846,0.017766007355128025,89,0.0,0.347,0.0
u_19847,0.0,-1,0.0,,
u_19848,0.043034914056465874,3601,0.0,0.787,0.0
u_19849,0.0,-1,0.0,,
u_19850,0.043034914056465874,5104,0.0,0.787,0.0
u_19851,0.0,-1,0.0,,
u_19852,0.0,-1,0.0,,
u_19853,0.08114816343561704,1570,0.0,0.787,0.0
u_19854,0.0,-1,0.0,,
u_19855,0.043034914056465874,4498,0.0,0.787,0.0
u_19856,0.08602509220037792,168,0.0,0.787,0.0
u_19857,0.01065867483825643,2334,0.0,0.193,0.0
u_19858,0.08417531978986129,2687,0.0,0.787,0.0
u_19859,0.0,-1,0.0,,
u_19860,0.0038952577491876157,985,0.0,0.037,0.0
u_19861,0.0,-1,0.0,,
u_19862,0.043034914056465874,2553,0.0,0.787,0.0
u_19863,0.0,-1,0.0,,
u_19864,0.009550740530619696,1336,0.0,0.182,0.0
u_19865,0.03988737795935606,266,0.0,0.787,0.0
u_19866,0.00010532242185614186,1061,0.0,0.002,0.0
u_19867,0.02001577065005916,1253,0.0,0.355,0.0
u_19868,0.0,-1,0.0,,
u_19869,0.0,-1,0.0,,
u_19870,0.016981767818288328,2446,0.0,0.167,0.0
u_19871,0.0,-1,0.0,,
u_19872,0.0,-1,0.0,,
u_19873,0.0007482260439451748,1750,0.0,0.005,0.0
u_19874,0.043034914056465874,2777,0.0,0.787,0.0
u_19875,0.0,-1,0.0,,
u_19876,0.0,-1,0.0,,
u_19877,0.0,-1,0.0,,
u_19878,0.0,-1,0.0,,
u_19879,0.0004995562309908652,1348,0.0,0.009,0.0
u_19880,0.04105089694912735,449,0.0,0.787,0.0
u_19881,0.043034914056465874,3770,0.0,0.787,0.0
u_19882,0.0,-1,0.0,,
u_19883,0.043034914056465874,6118,0.0,0.787,0.0
u_19884,0.0,-1,0.0,,
u_19885,0.00020774831942650267,1595,0.0,0.004,0.0
u_19886,0.0,-1,0.0,,
u_19887,0.0,-1,0.0,,
u_19888,0.08222212085031783,4024,0.0,0.787,0.0
u_19889,0.043034914056465874,3688,0.0,0.787,0.0
u_19890,0.0,-1,0.0,,
u_19891,0.0,-1,0.0,,
u_19892,0.0,-1,0.0,,
u_19893,0.0,-1,0.0,,
u_19894,0.0,-1,0.0,,
u_19895,0.0001485478996888999,765,0.0,0.001,0.0
u_19896,0.0,-1,0.0,,
u_19897,0.0,-1,0.0,,
u_19898,0.04088034753760448,484,0.0,0.787,0.0
u_19899,0.0,-1,0.0,,
u_19900,0.0,-1,0.0,,
u_19901,0.0,-1,0.0,,
u_19902,0.0,-1,0.0,,
u_19903,0.0,-1,0.0,,
u_19904,0.043034914056465874,6119,0.0,0.787,0.0
u_19905,0.034403825190687846,4550,0.0,0.629,0.0
u_19906,0.0,-1,0.0,,
u_19907,0.04477294256899915,1130,0.0,0.787,0.0
u_19908,0.043800155360481284,586,0.0,0.787,0.0
u_19909,0.0,-1,0.0,,
u_19910,0.0,-1,0.0,,
u_19911,0.0,-1,0.0,,
u_19912,0.08156261899196691,218,0.0,0.787,0.0
u_19913,0.0005269956460909826,1915,0.0,0.01,0.0
u_19914,0.0,-1,0.0,,
u_19915,0.0001309708453335371,1297,0.0,0.003,0.0
u_19916,0.0,-1,0.0,,
u_19917,0.06521643382823944,2146,0.0,0.609,0.0
u_19918,0.005576938175875528,3668,0.0,0.102,0.0
u_19919,0.00012396723566945991,1184,0.0,0.002,0.0
u_19920,0.0,-1,0.0,,
u_19921,0.0,-1,0.0,,
u_19922,0.043034914056465874,5364,0.0,0.787,0.0
u_19923,0.0,-1,0.0,,
u_19924,0.0,-1,0.0,,
u_19925,0.007488482748628978,3498,0.0,0.073,0.0
u_19926,0.0,-1,0.0,,
u_19927,0.0,-1,0.0,,
u_19928,0.043034914056465874,5365,0.0,0.787,0.0
u_19929,0.0,-1,0.0,,
u_19930,0.0,-1,0.0,,
u_19931,0.0,-1,0.0,,
u_19932,0.0,-1,0.0,,
u_19933,0.0,-1,0.0,,
u_19934,0.0014766187585479843,1686,0.0,0.027,0.0
u_19935,0.0,-1,0.0,,
u_19936,0.04124141191472749,295,0.0,0.787,0.0
u_19937,0.043034914056465874,123,0.0,0.787,0.0
u_19938,0.0,-1,0.0,,
u_19939,0.0,-1,0.0,,
u_19940,0.0,-1,0.0,,
u_19941,0.0,-1,0.0,,
u_19942,0.0,-1,0.0,,
u_19943,0.0,-1,0.0,,
u_19944,0.0,-1,0.0,,
u_19945,0.0,-1,0.0,,
u_19946,0.0,-1,0.0,,
u_19947,0.0030937356485269147,1070,0.0,0.019,0.0
u_19948,0.0,-1,0.0,,
u_19949,0.0,-1,0.0,,
u_19950,0.0010949174374759074,2724,0.0,0.02,0.0
u_19951,0.0,-1,0.0,,
u_19952,0.0,-1,0.0,,
u_19953,0.0037049074678903037,3458,0.0,0.068,0.0
u_19954,0.0,-1,0.0,,
u_19955,0.0,-1,0.0,,
u_19956,0.0,-1,0.0,,
u_19957,0.0,-1,0.0,,
u_19958,0.06884933783293164,1659,0.0,0.646,0.0
u_19959,0.00027552631860879907,1798,0.0,0.005,0.0
u_19960,0.0,-1,0.0,,
u_19961,0.00038196368813886997,173,0.0,0.007,0.0
u_19962,0.043034914056465874,3127,0.0,0.787,0.0
u_19963,0.0,-1,0.0,,
u_19964,0.0,-1,0.0,,
u_19965,0.0,-1,0.0,,
u_19966,0.0,-1,0.0,,
u_19967,0.0,-1,0.0,,
u_19968,0.043436356052189935,2673,0.0,0.787,0.0
u_19969,0.0,-1,0.0,,
u_19970,0.0,-1,0.0,,
u_19971,0.043034914056465874,6120,0.0,0.787,0.0
u_19972,0.043034914056465874,4014,0.0,0.787,0.0
u_19973,0.0,-1,0.0,,
u_19974,0.08179347985086971,137,0.0,0.787,0.0
u_19975,0.0,-1,0.0,,
u_19976,0.03988781561062534,2527,0.0,0.787,0.0
u_19977,0.0,-1,0.0,,
u_19978,0.0,-1,0.0,,
u_19979,0.0,-1,0.0,,
u_19980,0.0,-1,0.0,,
u_19981,0.0,-1,0.0,,
u_19982,0.0,-1,0.0,,
u_19983,0.043034914056465874,5366,0.0,0.787,0.0
u_19984,0.043034914056465874,1110,0.0,0.787,0.0
u_19985,0.0,-1,0.0,,
u_19986,0.0,-1,0.0,,
u_19987,0.0,-1,0.0,,
u_19988,0.027358350746452657,162,0.0,0.493,0.0
u_19989,0.0,-1,0.0,,
u_19990,0.0,-1,0.0,,
u_19991,0.040552179060878664,222,0.0,0.787,0.0
u_19992,0.0,-1,0.0,,
u_19993,0.03988780540207019,162,0.0,0.787,0.0
u_19994,0.04402603445709945,1760,0.0,0.787,0.0
u_19995,0.0,-1,0.0,,
u_19996,0.0,-1,0.0,,
u_19997,0.0,-1,0.0,,
u_19998,0.0,-1,0.0,,
u_19999,0.04249459304143586,1871,0.0,0.787,0.0
u_20000,0.0009932864293926737,2671,0.0,0.018,0.0
u_20001,0.0059551810046034655,467,0.0,0.038,0.0
u_20002,0.0,-1,0.0,,
u_20003,0.0,-1,0.0,,
u_20004,0.043034914056465874,4508,0.0,0.787,0.0
u_20005,0.043034914056465874,2344,0.0,0.787,0.0
u_20006,0.0,-1,0.0,,
u_20007,0.03988756896536074,2574,0.0,0.787,0.0
u_20008,0.0,-1,0.0,,
u_20009,0.03988736278587577,4306,0.0,0.787,0.0
u_20010,0.00543533639668877,3280,0.0,0.051,0.0
u_20011,0.0,-1,0.0,,
u_20012,0.0,-1,0.0,,
u_20013,0.043034914056465874,5367,0.0,0.787,0.0
u_20014,0.0,-1,0.0,,
u_20015,0.0,-1,0.0,,
u_20016,0.043034914056465874,6121,0.0,0.787,0.0
u_20017,0.0,-1,0.0,,
u_20018,0.043815765236970984,22,0.0,0.787,0.0
u_20019,0.0,-1,0.0,,
u_20020,0.0,-1,0.0,,
u_20021,0.043034914056465874,184,0.0,0.787,0.0
u_20022,0.0,-1,0.0,,
u_20023,0.0,-1,0.0,,
u_20024,0.0,-1,0.0,,
u_20025,0.0,-1,0.0,,
u_20026,0.043034914056465874,5368,0.0,0.787,0.0
u_20027,0.0,-1,0.0,,
u_20028,0.0037221170191097477,3459,0.0,0.068,0.0
u_20029,0.043034914056465874,4490,0.0,0.787,0.0
u_20030,0.00020142027629489382,1562,0.0,0.004,0.0
u_20031,0.0,-1,0.0,,
u_20032,0.043034914056465874,2765,0.0,0.787,0.0
u_20033,0.0,-1,0.0,,
u_20034,0.0,-1,0.0,,
u_20035,0.043034914056465874,3165,0.0,0.787,0.0
u_20036,0.0,-1,0.0,,
u_20037,0.04171539892777998,1360,0.0,0.787,0.0
u_20038,0.006922371211812679,274,0.0,0.034,0.0
u_20039,0.0,-1,0.0,,
u_20040,0.0,-1,0.0,,
u_20041,0.043034914056465874,5369,0.0,0.787,0.0
u_20042,0.043034914056465874,6065,0.0,0.787,0.0
u_20043,0.0,-1,0.0,,
u_20044,0.0,-1,0.0,,
u_20045,0.042130407716432006,5023,0.0,0.787,0.0
u_20046,0.0,-1,0.0,,
u_20047,0.08417433342930578,1074,0.0,0.787,0.0
u_20048,0.0,-1,0.0,,
u_20049,0.0,-1,0.0,,
u_20050,0.039889946942622816,1203,0.0,0.787,0.0
u_20051,0.043034914056465874,2694,0.0,0.787,0.0
u_20052,0.0,-1,0.0,,
u_20053,0.043034914056465874,1079,0.0,0.787,0.0
u_20054,0.043034914056465874,1957,0.0,0.787,0.0
u_20055,0.043034914056465874,5370,0.0,0.787,0.0
u_20056,0.00021851623420461087,1641,0.0,0.004,0.0
u_20057,0.0,-1,0.0,,
u_20058,0.043034914056465874,5371,0.0,0.787,0.0
u_20059,0.0,-1,0.0,,
u_20060,0.0,-1,0.0,,
u_20061,0.0,-1,0.0,,
u_20062,0.0,-1,0.0,,
u_20063,0.0,-1,0.0,,
u_20064,0.043034914056465874,6122,0.0,0.787,0.0
u_20065,0.0,-1,0.0,,
u_20066,0.0,-1,0.0,,
u_20067,0.0,-1,0.0,,
u_20068,0.00042507629453234625,1354,0.0,0.003,0.0
u_20069,0.08186554816177914,485,0.0,0.787,0.0
u_20070,0.0,-1,0.0,,
u_20071,0.0,-1,0.0,,
u_20072,0.0,-1,0.0,,
u_20073,0.0,-1,0.0,,
u_20074,0.043034914056465874,5372,0.0,0.787,0.0
u_20075,0.043034914056465874,19,0.0,0.787,0.0
u_20076,0.04057306304047178,765,0.0,0.787,0.0
u_20077,0.0,-1,0.0,,
u_20078,0.0,-1,0.0,,
u_20079,0.003929593170506508,3483,0.0,0.072,0.0
u_20080,0.0,-1,0.0,,
u_20081,0.0,-1,0.0,,
u_20082,0.0,-1,0.0,,
u_20083,0.0,-1,0.0,,
u_20084,0.0,-1,0.0,,
u_20085,0.043034914056465874,1558,0.0,0.787,0.0
u_20086,0.0033411704149860304,168,0.0,0.065,0.0
u_20087,0.0,-1,0.0,,
u_20088,0.04593058662838485,2923,0.0,0.787,0.0
u_20089,0.0,-1,0.0,,
u_20090,0.043034914056465874,4894,0.0,0.787,0.0
u_20091,0.0006960151527864492,2422,0.0,0.012,0.0
u_20092,0.04511100331191168,1209,0.0,0.787,0.0
u_20093,0.000651881140204478,2408,0.0,0.012,0.0
u_20094,0.0,-1,0.0,,
u_20095,0.0,-1,0.0,,
u_20096,0.0,-1,0.0,,
u_20097,0.0,-1,0.0,,
u_20098,0.002857394064326956,3290,0.0,0.052,0.0
u_20099,0.0,-1,0.0,,
u_20100,0.0,-1,0.0,,
u_20101,0.04137595496865369,266,0.0,0.787,0.0
u_20102,0.0,-1,0.0,,
u_20103,0.0,-1,0.0,,
u_20104,0.0,-1,0.0,,
u_20105,0.0,-1,0.0,,
u_20106,0.043034914056465874,5373,0.0,0.787,0.0
u_20107,0.0,-1,0.0,,
u_20108,0.0,-1,0.0,,
u_20109,0.043034914056465874,5374,0.0,0.787,0.0
u_20110,0.0,-1,0.0,,
u_20111,0.0,-1,0.0,,
u_20112,0.0,-1,0.0,,
u_20113,0.0003487473459440337,1996,0.0,0.007,0.0
u_20114,0.0,-1,0.0,,
u_20115,0.0035819928879467907,3427,0.0,0.064,0.0
u_20116,0.03989173114042857,1752,0.0,0.787,0.0
u_20117,0.0,-1,0.0,,
u_20118,0.08422164511392383,3078,0.0,0.787,0.0
u_20119,0.0,-1,0.0,,
u_20120,0.043034914056465874,4961,0.0,0.787,0.0
u_20121,0.0,-1,0.0,,
u_20122,0.043034914056465874,4012,0.0,0.787,0.0
u_20123,0.0,-1,0.0,,
u_20124,0.07963251157692489,416,0.0,0.787,0.0
u_20125,0.0,-1,0.0,,
u_20126,0.04457271901436965,21,0.0,0.787,0.0
u_20127,0.0,-1,0.0,,
u_20128,0.0,-1,0.0,,
u_20129,0.043034914056465874,524,0.0,0.787,0.0
u_20130,0.043034914056465874,5375,0.0,0.787,0.0
u_20131,0.0,-1,0.0,,
u_20132,0.0,-1,0.0,,
u_20133,0.0,-1,0.0,,
u_20134,0.04098340135675836,185,0.0,0.787,0.0
u_20135,0.0,-1,0.0,,
u_20136,0.043034914056465874,5376,0.0,0.787,0.0
u_20137,0.0,-1,0.0,,
u_20138,0.03643804051625753,2359,0.0,0.338,0.0
u_20139,0.0,-1,0.0,,
u_20140,0.08417531978986129,1712,0.0,0.787,0.0
u_20141,0.043034914056465874,5377,0.0,0.787,0.0
u_20142,0.04096374388938194,471,0.0,0.787,0.0
u_20143,0.0,-1,0.0,,
u_20144,0.0,-1,0.0,,
u_20145,0.0,-1,0.0,,
u_20146,0.0,-1,0.0,,
u_20147,0.0,-1,0.0,,
u_20148,0.0,-1,0.0,,
u_20149,0.0060622172059571775,3705,0.0,0.111,0.0
u_20150,0.0,-1,0.0,,
u_20151,0.0,-1,0.0,,
u_20152,0.043034914056465874,768,0.0,0.787,0.0
u_20153,0.0,-1,0.0,,
u_20154,0.0,-1,0.0,,
u_20155,0.0,-1,0.0,,
u_20156,0.08135516912159074,161,0.0,0.787,0.0
u_20157,0.0,-1,0.0,,
u_20158,0.043034914056465874,6123,0.0,0.787,0.0
u_20159,0.07963127995067366,2525,0.0,0.787,0.0
u_20160,0.12350561903373254,4670,0.0,0.787,0.0
u_20161,0.04052755825394389,904,0.0,0.787,0.0
u_20162,0.0,-1,0.0,,
u_20163,0.0,-1,0.0,,
u_20164,0.03988785344494937,4183,0.0,0.787,0.0
u_20165,0.043034914056465874,5378,0.0,0.787,0.0
u_20166,0.039888083988360114,1460,0.0,0.787,0.0
u_20167,0.0,-1,0.0,,
u_20168,0.0,-1,0.0,,
u_20169,0.0,-1,0.0,,
u_20170,0.0,-1,0.0,,
u_20171,0.026924669407163992,1891,0.0,0.519,0.0
u_20172,0.04509742135714687,3997,0.0,0.815,0.0
u_20173,0.0,-1,0.0,,
u_20174,0.0,-1,0.0,,
u_20175,0.0,-1,0.0,,
u_20176,0.003135225634929054,1937,0.0,0.059,0.0
u_20177,0.0,-1,0.0,,
u_20178,0.03989135881368016,1918,0.0,0.787,0.0
u_20179,0.043034914056465874,1689,0.0,0.787,0.0
u_20180,0.043034914056465874,4617,0.0,0.787,0.0
u_20181,0.0,-1,0.0,,
u_20182,0.0,-1,0.0,,
u_20183,0.0,-1,0.0,,
u_20184,0.0,-1,0.0,,
u_20185,0.0,-1,0.0,,
u_20186,0.0,-1,0.0,,
u_20187,0.0,-1,0.0,,
u_20188,0.0,-1,0.0,,
u_20189,0.043034914056465874,6124,0.0,0.787,0.0
u_20190,0.0,-1,0.0,,
u_20191,0.07963085091989354,3282,0.0,0.787,0.0
u_20192,0.0,-1,0.0,,
u_20193,0.0,-1,0.0,,
u_20194,0.043034914056465874,5379,0.0,0.787,0.0
u_20195,0.0,-1,0.0,,
u_20196,0.0,-1,0.0,,
u_20197,0.0,-1,0.0,,
u_20198,0.0,-1,0.0,,
u_20199,0.0,-1,0.0,,
u_20200,0.0,-1,0.0,,
u_20201,0.0,-1,0.0,,
u_20202,0.0,-1,0.0,,
u_20203,0.043034914056465874,3608,0.0,0.787,0.0
u_20204,0.04356288057224682,557,0.0,0.787,0.0
u_20205,0.0,-1,0.0,,
u_20206,8.592738706928844e-05,865,0.0,0.002,0.0
u_20207,0.04158822143940402,2489,0.0,0.787,0.0
u_20208,0.043034914056465874,5380,0.0,0.787,0.0
u_20209,0.0005911248836672515,2371,0.0,0.011,0.0
u_20210,0.1258142978109151,1161,0.0,0.787,0.0
u_20211,0.0,-1,0.0,,
u_20212,0.043034914056465874,5381,0.0,0.787,0.0
u_20213,0.043034914056465874,6125,0.0,0.787,0.0
u_20214,0.0,-1,0.0,,
u_20215,0.043034914056465874,3936,0.0,0.787,0.0
u_20216,0.043034914056465874,688,0.0,0.787,0.0
u_20217,0.0,-1,0.0,,
u_20218,0.0,-1,0.0,,
u_20219,0.04164737433901318,47,0.0,0.787,0.0
u_20220,0.0,-1,0.0,,
u_20221,0.0,-1,0.0,,
u_20222,0.0,-1,0.0,,
u_20223,0.043034914056465874,6126,0.0,0.787,0.0
u_20224,0.01395689943556795,933,0.0,0.273,0.0
u_20225,0.0,-1,0.0,,
u_20226,0.013389595880716075,4109,0.0,0.245,0.0
u_20227,0.043034914056465874,6127,0.0,0.787,0.0
u_20228,0.043034914056465874,5067,0.0,0.787,0.0
u_20229,0.04021166494129136,2607,0.0,0.787,0.0
u_20230,0.0,-1,0.0,,
u_20231,0.0,-1,0.0,,
u_20232,0.0,-1,0.0,,
u_20233,0.040925858843896025,457,0.0,0.787,0.0
u_20234,0.0,-1,0.0,,
u_20235,0.0,-1,0.0,,
u_20236,0.08489131404019497,2863,0.0,0.787,0.0
u_20237,0.0,-1,0.0,,
u_20238,0.0,-1,0.0,,
u_20239,0.0,-1,0.0,,
u_20240,0.0443671770806163,86,0.0,0.787,0.0
u_20241,0.043034914056465874,6128,0.0,0.787,0.0
u_20242,0.0,-1,0.0,,
u_20243,0.04354234962569006,2596,0.0,0.787,0.0
u_20244,0.0,-1,0.0,,
u_20245,0.0,-1,0.0,,
u_20246,9.76462456710377e-05,413,0.0,0.002,0.0
u_20247,0.0,-1,0.0,,
u_20248,0.0,-1,0.0,,
u_20249,0.043034914056465874,3625,0.0,0.787,0.0
u_20250,0.0009753607331155304,89,0.0,0.019,0.0
u_20251,0.0,-1,0.0,,
u_20252,0.0,-1,0.0,,
u_20253,0.0,-1,0.0,,
u_20254,0.0,-1,0.0,,
u_20255,0.08551037435645772,3569,0.0,0.787,0.0
u_20256,0.0,-1,0.0,,
u_20257,0.0,-1,0.0,,
u_20258,0.00025224629905659836,1216,0.0,0.002,0.0
u_20259,0.0,-1,0.0,,
u_20260,0.0009069297498922013,2611,0.0,0.017,0.0
u_20261,0.043034914056465874,5378,0.0,0.787,0.0
u_20262,0.0,-1,0.0,,
u_20263,0.0,-1,0.0,,
u_20264,0.0,-1,0.0,,
u_20265,0.00019558407541891553,168,0.0,0.004,0.0
u_20266,0.08473257300789319,2513,0.0,0.787,0.0
u_20267,0.0014048300585788344,2896,0.0,0.026,0.0
u_20268,0.013140202094201124,3768,0.0,0.122,0.0
u_20269,0.0,-1,0.0,,
u_20270,0.0,-1,0.0,,
u_20271,0.08029081277692326,4731,0.0,0.787,0.0
u_20272,0.04016122719736143,161,0.0,0.787,0.0
u_20273,0.043034914056465874,2925,0.0,0.787,0.0
u_20274,0.001510534581510769,2949,0.0,0.028,0.0
u_20275,0.0,-1,0.0,,
u_20276,0.043034914056465874,5382,0.0,0.787,0.0
u_20277,0.0,-1,0.0,,
u_20278,0.000473439531297507,2192,0.0,0.009,0.0
u_20279,0.0,-1,0.0,,
u_20280,0.0,-1,0.0,,
u_20281,0.0,-1,0.0,,
u_20282,0.05963374387791973,1716,0.0,0.566,0.0
u_20283,0.0,-1,0.0,,
u_20284,0.0,-1,0.0,,
u_20285,0.0,-1,0.0,,
u_20286,0.0,-1,0.0,,
u_20287,0.041202076302153785,32,0.0,0.787,0.0
u_20288,0.04373028073692319,1094,0.0,0.787,0.0
u_20289,0.043034914056465874,4801,0.0,0.787,0.0
u_20290,0.0,-1,0.0,,
u_20291,0.0,-1,0.0,,
u_20292,0.043034914056465874,4034,0.0,0.787,0.0
u_20293,0.04088086678220689,89,0.0,0.787,0.0
u_20294,0.0,-1,0.0,,
u_20295,0.0,-1,0.0,,
u_20296,0.0,-1,0.0,,
u_20297,0.0,-1,0.0,,
u_20298,0.0,-1,0.0,,
u_20299,0.0,-1,0.0,,
u_20300,0.039888254285167485,254,0.0,0.787,0.0
u_20301,0.0,-1,0.0,,
u_20302,0.0,-1,0.0,,
u_20303,0.0008584718182826023,2579,0.0,0.016,0.0
u_20304,0.0006590839079044143,2416,0.0,0.012,0.0
u_20305,0.0,-1,0.0,,
u_20306,0.0031095129563058176,1928,0.0,0.056,0.0
u_20307,0.0,-1,0.0,,
u_20308,0.0,-1,0.0,,
u_20309,0.0,-1,0.0,,
u_20310,0.0,-1,0.0,,
u_20311,6.0476777732682626e-05,503,0.0,0.001,0.0
u_20312,0.04408026626003098,1166,0.0,0.787,0.0
u_20313,0.0,-1,0.0,,
u_20314,0.0009095923523992239,794,0.0,0.009,0.0
u_20315,0.03988970797504736,3719,0.0,0.787,0.0
u_20316,0.0,-1,0.0,,
u_20317,0.0,-1,0.0,,
u_20318,0.0010607893588491203,74,0.0,0.01,0.0
u_20319,0.042130407716432006,5494,0.0,0.787,0.0
u_20320,0.0,-1,0.0,,
u_20321,0.0,-1,0.0,,
u_20322,0.0,-1,0.0,,
u_20323,0.043034914056465874,6129,0.0,0.787,0.0
u_20324,0.0010959267464917546,2310,0.0,0.01,0.0
u_20325,0.043034914056465874,72,0.0,0.787,0.0
u_20326,0.0,-1,0.0,,
u_20327,0.0,-1,0.0,,
u_20328,0.0,-1,0.0,,
u_20329,0.0848293681416799,108,0.0,0.787,0.0
u_20330,0.0,-1,0.0,,
u_20331,0.08417531978986129,3232,0.0,0.787,0.0
u_20332,0.00021324786250678213,69,0.0,0.004,0.0
u_20333,0.0,-1,0.0,,
u_20334,0.0,-1,0.0,,
u_20335,0.0,-1,0.0,,
u_20336,0.0,-1,0.0,,
u_20337,0.0,-1,0.0,,
u_20338,0.0,-1,0.0,,
u_20339,0.04438382428480554,4648,0.0,0.811,0.0
u_20340,0.0,-1,0.0,,
u_20341,0.0,-1,0.0,,
u_20342,0.0,-1,0.0,,
u_20343,0.07963252622341084,3932,0.0,0.787,0.0
u_20344,0.0,-1,0.0,,
u_20345,0.0003214190779641257,1901,0.0,0.006,0.0
u_20346,0.0,-1,0.0,,
u_20347,0.0,-1,0.0,,
u_20348,0.0,-1,0.0,,
u_20349,0.041377683710831066,534,0.0,0.787,0.0
u_20350,0.043034914056465874,6130,0.0,0.787,0.0
u_20351,0.04820308547661277,4684,0.0,0.881,0.0
u_20352,0.0,-1,0.0,,
u_20353,0.0398889474835821,2626,0.0,0.787,0.0
u_20354,0.0,-1,0.0,,
u_20355,0.0,-1,0.0,,
u_20356,0.0,-1,0.0,,
u_20357,0.043034914056465874,1342,0.0,0.787,0.0
u_20358,0.0,-1,0.0,,
u_20359,0.0,-1,0.0,,
u_20360,0.0,-1,0.0,,
u_20361,0.03988766439273123,2607,0.0,0.787,0.0
u_20362,0.08417556012379505,163,0.0,0.787,0.0
u_20363,0.041578569493410725,1638,0.0,0.787,0.0
u_20364,0.0,-1,0.0,,
u_20365,0.0,-1,0.0,,
u_20366,0.002315141167284449,534,0.0,0.045,0.0
u_20367,0.0,-1,0.0,,
u_20368,0.042236808510512557,222,0.0,0.787,0.0
u_20369,0.0,-1,0.0,,
u_20370,0.0029851260473162627,3316,0.0,0.055,0.0
u_20371,0.0,-1,0.0,,
u_20372,0.043034914056465874,6131,0.0,0.787,0.0
u_20373,0.03988896575300611,168,0.0,0.787,0.0
u_20374,0.039889966900849075,2496,0.0,0.787,0.0
u_20375,0.0,-1,0.0,,
u_20376,0.0,-1,0.0,,
u_20377,0.002172658341823077,3127,0.0,0.04,0.0
u_20378,0.0,-1,0.0,,
u_20379,0.0,-1,0.0,,
u_20380,0.0,-1,0.0,,
u_20381,0.0,-1,0.0,,
u_20382,0.0,-1,0.0,,
u_20383,0.0,-1,0.0,,
u_20384,0.0,-1,0.0,,
u_20385,0.08143024131796628,1455,0.0,0.787,0.0
u_20386,0.002122382001905249,3105,0.0,0.038,0.0
u_20387,0.0,-1,0.0,,
u_20388,0.039887487881177575,1555,0.0,0.787,0.0
u_20389,0.0,-1,0.0,,
u_20390,0.043034914056465874,5355,0.0,0.787,0.0
u_20391,0.0,-1,0.0,,
u_20392,0.043034914056465874,5164,0.0,0.787,0.0
u_20393,0.0,-1,0.0,,
u_20394,0.043034914056465874,505,0.0,0.787,0.0
u_20395,0.0,-1,0.0,,
u_20396,0.0,-1,0.0,,
u_20397,0.04142277113529217,402,0.0,0.787,0.0
u_20398,0.0,-1,0.0,,
u_20399,0.0,-1,0.0,,
u_20400,0.0017355573840191066,168,0.0,0.033,0.0
u_20401,0.00025765578198041757,1753,0.0,0.005,0.0
u_20402,0.0,-1,0.0,,
u_20403,0.0,-1,0.0,,
u_20404,0.0,-1,0.0,,
u_20405,0.08236630710979355,6132,0.0,0.787,0.0
u_20406,0.08407970554076767,463,0.0,0.787,0.0
u_20407,0.043034914056465874,1151,0.0,0.787,0.0
u_20408,0.043034914056465874,2604,0.0,0.787,0.0
u_20409,0.043034914056465874,5383,0.0,0.787,0.0
u_20410,0.043034914056465874,4913,0.0,0.787,0.0
u_20411,0.0,-1,0.0,,
u_20412,0.08388188553624616,1172,0.0,0.787,0.0
u_20413,0.0,-1,0.0,,
u_20414,0.0019353781854124599,881,0.0,0.019,0.0
u_20415,0.11928233245683305,551,0.0,0.787,0.0
u_20416,0.043034914056465874,5912,0.0,0.787,0.0
u_20417,0.0,-1,0.0,,
u_20418,0.0,-1,0.0,,
u_20419,0.023721947105789065,1298,0.0,0.227,0.0
u_20420,0.014021444709245724,1580,0.0,0.265,0.0
u_20421,0.043034914056465874,6072,0.0,0.787,0.0
u_20422,8.574852385484464e-05,103,0.0,0.001,0.0
u_20423,0.0,-1,0.0,,
u_20424,0.0,-1,0.0,,
u_20425,0.0,-1,0.0,,
u_20426,0.043030553928256554,3834,0.0,0.787,0.0
u_20427,0.0,-1,0.0,,
u_20428,0.0,-1,0.0,,
u_20429,0.0,-1,0.0,,
u_20430,0.0,-1,0.0,,
u_20431,0.08263958320310469,22,0.0,0.787,0.0
u_20432,0.0,-1,0.0,,
u_20433,0.039888760600860905,2647,0.0,0.787,0.0
u_20434,0.0,-1,0.0,,
u_20435,0.030301186661017093,4492,0.0,0.554,0.0
u_20436,0.02959584592538812,227,0.0,0.284,0.0
u_20437,0.0,-1,0.0,,
u_20438,0.0,-1,0.0,,
u_20439,0.04779135819251177,357,0.0,0.447,0.0
u_20440,0.0,-1,0.0,,
u_20441,0.07964751949761387,1678,0.0,0.787,0.0
u_20442,0.0,-1,0.0,,
u_20443,0.013271856962724597,4108,0.0,0.243,0.0
u_20444,0.044371407960115156,3998,0.0,0.787,0.0
u_20445,0.0,-1,0.0,,
u_20446,0.0,-1,0.0,,
u_20447,0.040502874769901616,787,0.0,0.787,0.0
u_20448,0.0,-1,0.0,,
u_20449,0.0,-1,0.0,,
u_20450,0.0,-1,0.0,,
u_20451,0.0004672911005137745,765,0.0,0.008,0.0
u_20452,0.03988940636341681,3347,0.0,0.787,0.0
u_20453,0.0,-1,0.0,,
u_20454,0.0,-1,0.0,,
u_20455,0.0,-1,0.0,,
u_20456,0.043034914056465874,5267,0.0,0.787,0.0
u_20457,0.039888680039568525,222,0.0,0.787,0.0
u_20458,0.043034914056465874,5113,0.0,0.787,0.0
u_20459,0.0,-1,0.0,,
u_20460,0.0,-1,0.0,,
u_20461,0.0,-1,0.0,,
u_20462,0.0,-1,0.0,,
u_20463,0.0,-1,0.0,,
u_20464,0.043034914056465874,5384,0.0,0.787,0.0
u_20465,0.0,-1,0.0,,
u_20466,0.0,-1,0.0,,
u_20467,0.0,-1,0.0,,
u_20468,0.0,-1,0.0,,
u_20469,0.024255756048443104,2923,0.0,0.235,0.0
u_20470,0.0,-1,0.0,,
u_20471,0.0,-1,0.0,,
u_20472,0.0,-1,0.0,,
u_20473,0.001049884580574051,1367,0.0,0.019,0.0
u_20474,0.0,-1,0.0,,
u_20475,0.043132905668527816,620,0.0,0.787,0.0
u_20476,0.0,-1,0.0,,
u_20477,0.0,-1,0.0,,
u_20478,0.043034914056465874,1492,0.0,0.787,0.0
u_20479,0.04036697399419487,61,0.0,0.787,0.0
u_20480,0.0,-1,0.0,,
u_20481,0.0,-1,0.0,,
u_20482,0.0,-1,0.0,,
u_20483,0.043034914056465874,4084,0.0,0.787,0.0
u_20484,0.0,-1,0.0,,
u_20485,0.0,-1,0.0,,
u_20486,0.0,-1,0.0,,
u_20487,0.0,-1,0.0,,
u_20488,0.0,-1,0.0,,
u_20489,0.0,-1,0.0,,
u_20490,0.0,-1,0.0,,
u_20491,0.0,-1,0.0,,
u_20492,0.0,-1,0.0,,
u_20493,0.0008045078606500104,457,0.0,0.015,0.0
u_20494,0.0,-1,0.0,,
u_20495,0.047385437167003934,4671,0.0,0.866,0.0
u_20496,0.0,-1,0.0,,
u_20497,0.0,-1,0.0,,
u_20498,0.0,-1,0.0,,
u_20499,0.043034914056465874,2403,0.0,0.787,0.0
u_20500,0.0,-1,0.0,,
u_20501,0.0,-1,0.0,,
u_20502,0.0,-1,0.0,,
u_20503,0.0002792896468186022,1328,0.0,0.003,0.0
u_20504,0.044364031620542324,1394,0.0,0.787,0.0
u_20505,0.0,-1,0.0,,
u_20506,0.0,-1,0.0,,
u_20507,0.0,-1,0.0,,
u_20508,0.0,-1,0.0,,
u_20509,0.0,-1,0.0,,
u_20510,0.0,-1,0.0,,
u_20511,0.0,-1,0.0,,
u_20512,0.043034914056465874,5216,0.0,0.787,0.0
u_20513,0.0,-1,0.0,,
u_20514,0.0,-1,0.0,,
u_20515,0.044370930950591726,4549,0.0,0.787,0.0
u_20516,0.0,-1,0.0,,
u_20517,0.023111213005687394,4351,0.0,0.422,0.0
u_20518,0.0,-1,0.0,,
u_20519,0.043034914056465874,3057,0.0,0.787,0.0
u_20520,0.0,-1,0.0,,
u_20521,0.043034914056465874,6133,0.0,0.787,0.0
u_20522,0.0005169856666562666,2254,0.0,0.009,0.0
u_20523,0.0,-1,0.0,,
u_20524,0.00041873037285466714,2161,0.0,0.008,0.0
u_20525,0.0015427967440637537,2507,0.0,0.014,0.0
u_20526,0.04162967337475449,473,0.0,0.787,0.0
u_20527,0.0,-1,0.0,,
u_20528,0.043034914056465874,4158,0.0,0.787,0.0
u_20529,0.0,-1,0.0,,
u_20530,0.0,-1,0.0,,
u_20531,0.0,-1,0.0,,
u_20532,0.043034914056465874,3172,0.0,0.787,0.0
u_20533,0.042327434581765806,1788,0.0,0.787,0.0
u_20534,0.03989188232482324,818,0.0,0.787,0.0
u_20535,0.0,-1,0.0,,
u_20536,0.0,-1,0.0,,
u_20537,0.0,-1,0.0,,
u_20538,0.0,-1,0.0,,
u_20539,0.0,-1,0.0,,
u_20540,0.0,-1,0.0,,
u_20541,0.0,-1,0.0,,
u_20542,0.0016500677456066338,87,0.0,0.016,0.0
u_20543,0.0,-1,0.0,,
u_20544,0.0,-1,0.0,,
u_20545,0.0,-1,0.0,,
u_20546,0.02810346355697921,4450,0.0,0.514,0.0
u_20547,0.0,-1,0.0,,
u_20548,0.0,-1,0.0,,
u_20549,0.0,-1,0.0,,
u_20550,0.0,-1,0.0,,
u_20551,0.0,-1,0.0,,
u_20552,0.043034914056465874,4054,0.0,0.787,0.0
u_20553,0.043034914056465874,5385,0.0,0.787,0.0
u_20554,0.00012141892000537236,5,0.0,0.002,0.0
u_20555,0.0,-1,0.0,,
u_20556,0.0,-1,0.0,,
u_20557,0.0,-1,0.0,,
u_20558,0.0,-1,0.0,,
u_20559,0.043034914056465874,5386,0.0,0.787,0.0
u_20560,0.0,-1,0.0,,
u_20561,0.0,-1,0.0,,
u_20562,0.0,-1,0.0,,
u_20563,0.0,-1,0.0,,
u_20564,0.042130407716432006,5387,0.0,0.787,0.0
u_20565,0.0,-1,0.0,,
u_20566,0.0,-1,0.0,,
u_20567,0.0,-1,0.0,,
u_20568,0.0014985567025610394,2518,0.0,0.014,0.0
u_20569,0.0,-1,0.0,,
u_20570,0.0,-1,0.0,,
u_20571,0.0,-1,0.0,,
u_20572,0.0,-1,0.0,,
u_20573,0.0,-1,0.0,,
u_20574,0.0,-1,0.0,,
u_20575,0.0,-1,0.0,,
u_20576,0.0,-1,0.0,,
u_20577,0.044370894548862165,2576,0.0,0.787,0.0
u_20578,0.0,-1,0.0,,
u_20579,0.0,-1,0.0,,
u_20580,0.0001691314670569336,83,0.0,0.002,0.0
u_20581,0.0,-1,0.0,,
u_20582,0.043034914056465874,6134,0.0,0.787,0.0
u_20583,0.0,-1,0.0,,
u_20584,0.042130407716432006,4873,0.0,0.787,0.0
u_20585,0.0,-1,0.0,,
u_20586,0.040756073609481476,1200,0.0,0.787,0.0
u_20587,0.0,-1,0.0,,
u_20588,0.0,-1,0.0,,
u_20589,0.0,-1,0.0,,
u_20590,0.0,-1,0.0,,
u_20591,0.043034914056465874,1312,0.0,0.787,0.0
u_20592,0.0,-1,0.0,,
u_20593,0.08027439061653714,108,0.0,0.787,0.0
u_20594,0.043034914056465874,726,0.0,0.787,0.0
u_20595,0.0,-1,0.0,,
u_20596,0.0,-1,0.0,,
u_20597,0.0,-1,0.0,,
u_20598,0.0,-1,0.0,,
u_20599,0.0,-1,0.0,,
u_20600,0.08417531978986129,5388,0.0,0.787,0.0
u_20601,0.0,-1,0.0,,
u_20602,0.0,-1,0.0,,
u_20603,0.0,-1,0.0,,
u_20604,0.08417531978986129,3685,0.0,0.787,0.0
u_20605,0.0,-1,0.0,,
u_20606,0.0,-1,0.0,,
u_20607,0.0,-1,0.0,,
u_20608,0.0,-1,0.0,,
u_20609,0.04042754028277829,352,0.0,0.787,0.0
u_20610,0.0,-1,0.0,,
u_20611,0.043034914056465874,5315,0.0,0.787,0.0
u_20612,0.0,-1,0.0,,
u_20613,0.0,-1,0.0,,
u_20614,0.048883423257554626,4392,0.0,0.462,0.0
u_20615,0.04057273964078947,2886,0.0,0.787,0.0
u_20616,0.0,-1,0.0,,
u_20617,0.0,-1,0.0,,
u_20618,0.042130407716432006,5238,0.0,0.787,0.0
u_20619,0.0,-1,0.0,,
u_20620,0.0,-1,0.0,,
u_20621,0.0,-1,0.0,,
u_20622,0.0,-1,0.0,,
u_20623,0.0,-1,0.0,,
u_20624,0.0,-1,0.0,,
u_20625,0.0,-1,0.0,,
u_20626,0.043999833884202644,583,0.0,0.787,0.0
u_20627,0.08237239936309566,419,0.0,0.787,0.0
u_20628,0.0,-1,0.0,,
u_20629,0.0810004291518868,473,0.0,0.787,0.0
u_20630,0.0,-1,0.0,,
u_20631,0.0,-1,0.0,,
u_20632,0.043034914056465874,6135,0.0,0.787,0.0
u_20633,0.0,-1,0.0,,
u_20634,0.04303315485444873,3915,0.0,0.787,0.0
u_20635,0.039892711062706934,843,0.0,0.787,0.0
u_20636,0.0,-1,0.0,,
u_20637,0.0,-1,0.0,,
u_20638,0.04068929329500562,473,0.0,0.787,0.0
u_20639,0.0,-1,0.0,,
u_20640,0.0,-1,0.0,,
u_20641,0.0796324474589844,1021,0.0,0.787,0.0
u_20642,0.0,-1,0.0,,
u_20643,0.04289100810264162,777,0.0,0.787,0.0
u_20644,0.0,-1,0.0,,
u_20645,0.0005325246317757152,2275,0.0,0.01,0.0
u_20646,0.0,-1,0.0,,
u_20647,0.0,-1,0.0,,
u_20648,0.0,-1,0.0,,
u_20649,0.0,-1,0.0,,
u_20650,0.0,-1,0.0,,
u_20651,0.0,-1,0.0,,
u_20652,0.0,-1,0.0,,
u_20653,0.0045975094712655245,3196,0.0,0.045,0.0
u_20654,0.0,-1,0.0,,
u_20655,0.0,-1,0.0,,
u_20656,0.08417531978986129,5389,0.0,0.787,0.0
u_20657,0.023432810704036366,4354,0.0,0.428,0.0
u_20658,0.0,-1,0.0,,
u_20659,0.0,-1,0.0,,
u_20660,0.0,-1,0.0,,
u_20661,0.0,-1,0.0,,
u_20662,0.0,-1,0.0,,
u_20663,0.0,-1,0.0,,
u_20664,0.0,-1,0.0,,
u_20665,0.042546090745999854,1272,0.0,0.787,0.0
u_20666,0.0,-1,0.0,,
u_20667,0.0,-1,0.0,,
u_20668,9.584937787931902e-05,61,0.0,0.002,0.0
u_20669,0.0,-1,0.0,,
u_20670,0.0,-1,0.0,,
u_20671,0.043034914056465874,4958,0.0,0.787,0.0
u_20672,0.0,-1,0.0,,
u_20673,0.0,-1,0.0,,
u_20674,0.0,-1,0.0,,
u_20675,0.0,-1,0.0,,
u_20676,0.0,-1,0.0,,
u_20677,0.0,-1,0.0,,
u_20678,0.0036419607316232694,277,0.0,0.07,0.0
u_20679,0.043034914056465874,4516,0.0,0.787,0.0
u_20680,0.0,-1,0.0,,
u_20681,0.0,-1,0.0,,
u_20682,0.0,-1,0.0,,
u_20683,0.0,-1,0.0,,
u_20684,0.0,-1,0.0,,
u_20685,0.0,-1,0.0,,
u_20686,0.0,-1,0.0,,
u_20687,0.03988779853338909,2486,0.0,0.787,0.0
u_20688,0.0,-1,0.0,,
u_20689,0.005323098274904203,2487,0.0,0.101,0.0
u_20690,0.0,-1,0.0,,
u_20691,0.0,-1,0.0,,
u_20692,0.08423514995930774,1737,0.0,0.787,0.0
u_20693,0.043034914056465874,1979,0.0,0.787,0.0
u_20694,0.0,-1,0.0,,
u_20695,0.0,-1,0.0,,
u_20696,0.0,-1,0.0,,
u_20697,0.0,-1,0.0,,
u_20698,0.043034914056465874,2638,0.0,0.787,0.0
u_20699,0.0,-1,0.0,,
u_20700,0.0,-1,0.0,,
u_20701,0.0,-1,0.0,,
u_20702,0.0,-1,0.0,,
u_20703,0.0,-1,0.0,,
u_20704,9.796805197072448e-05,1004,0.0,0.002,0.0
u_20705,0.0,-1,0.0,,
u_20706,0.03988790580835293,862,0.0,0.787,0.0
u_20707,9.636506550714813e-05,297,0.0,0.001,0.0
u_20708,0.0,-1,0.0,,
u_20709,0.043034914056465874,3969,0.0,0.787,0.0
u_20710,0.0,-1,0.0,,
u_20711,0.00032032969688152,1899,0.0,0.006,0.0
u_20712,0.0,-1,0.0,,
u_20713,0.0,-1,0.0,,
u_20714,0.005097111002768704,3235,0.0,0.048,0.0
u_20715,0.0,-1,0.0,,
u_20716,0.0,-1,0.0,,
u_20717,0.013148630475612185,162,0.0,0.256,0.0
u_20718,0.0,-1,0.0,,
u_20719,0.0,-1,0.0,,
u_20720,0.043034914056465874,5390,0.0,0.787,0.0
u_20721,0.0,-1,0.0,,
u_20722,0.0,-1,0.0,,
u_20723,0.039888072340417344,89,0.0,0.787,0.0
u_20724,0.0,-1,0.0,,
u_20725,0.0,-1,0.0,,
u_20726,0.08029460321658549,1882,0.0,0.787,0.0
u_20727,0.0,-1,0.0,,
u_20728,0.0,-1,0.0,,
u_20729,0.0,-1,0.0,,
u_20730,0.043034914056465874,5971,0.0,0.787,0.0
u_20731,0.0,-1,0.0,,
u_20732,0.0,-1,0.0,,
u_20733,0.0,-1,0.0,,
u_20734,0.0,-1,0.0,,
u_20735,0.0,-1,0.0,,
u_20736,0.000902308951323365,2593,0.0,0.016,0.0
u_20737,0.0,-1,0.0,,
u_20738,0.0,-1,0.0,,
u_20739,0.0,-1,0.0,,
u_20740,0.043034914056465874,1035,0.0,0.787,0.0
u_20741,0.0468103453577589,326,0.0,0.787,0.0
u_20742,0.043034914056465874,5391,0.0,0.787,0.0
u_20743,0.08512613464573858,89,0.0,0.787,0.0
u_20744,0.0,-1,0.0,,
u_20745,0.0,-1,0.0,,
u_20746,0.0,-1,0.0,,
u_20747,0.0,-1,0.0,,
u_20748,0.043034914056465874,5392,0.0,0.787,0.0
u_20749,0.0004895018144587233,2217,0.0,0.009,0.0
u_20750,0.0,-1,0.0,,
u_20751,0.0,-1,0.0,,
u_20752,0.0,-1,0.0,,
u_20753,0.043034914056465874,6136,0.0,0.787,0.0
u_20754,0.0,-1,0.0,,
u_20755,0.0,-1,0.0,,
u_20756,0.0,-1,0.0,,
u_20757,0.08855530591065083,4650,0.0,0.815,0.0
u_20758,0.0,-1,0.0,,
u_20759,0.04284112436269104,3033,0.0,0.787,0.0
u_20760,0.0,-1,0.0,,
u_20761,0.043034914056465874,5393,0.0,0.787,0.0
u_20762,0.08761679307068214,4654,0.0,0.819,0.0
u_20763,0.00091139000662591,2618,0.0,0.017,0.0
u_20764,0.0,-1,0.0,,
u_20765,0.0,-1,0.0,,
u_20766,0.0,-1,0.0,,
u_20767,0.0,-1,0.0,,
u_20768,0.0,-1,0.0,,
u_20769,0.0827123525883379,1905,0.0,0.787,0.0
u_20770,0.0,-1,0.0,,
u_20771,0.043034914056465874,2560,0.0,0.787,0.0
u_20772,0.0,-1,0.0,,
u_20773,0.0,-1,0.0,,
u_20774,0.014122025846496297,4127,0.0,0.258,0.0
u_20775,0.0029947990847143755,3288,0.0,0.052,0.0
u_20776,0.0,-1,0.0,,
u_20777,0.0,-1,0.0,,
u_20778,0.08235740816801794,1686,0.0,0.787,0.0
u_20779,0.04610660941719823,1282,0.0,0.787,0.0
u_20780,0.043034914056465874,2113,0.0,0.787,0.0
u_20781,0.0,-1,0.0,,
u_20782,0.0,-1,0.0,,
u_20783,0.0,-1,0.0,,
u_20784,0.05940725356867898,582,0.0,0.369,0.0
u_20785,0.0,-1,0.0,,
u_20786,0.0,-1,0.0,,
u_20787,0.048139807584997286,4682,0.0,0.88,0.0
u_20788,0.043034914056465874,5394,0.0,0.787,0.0
u_20789,0.043034914056465874,2126,0.0,0.787,0.0
u_20790,0.0,-1,0.0,,
u_20791,0.04327725450100598,935,0.0,0.787,0.0
u_20792,0.0,-1,0.0,,
u_20793,0.0,-1,0.0,,
u_20794,0.0014384956159019054,2918,0.0,0.026,0.0
u_20795,0.0,-1,0.0,,
u_20796,0.0,-1,0.0,,
u_20797,0.0,-1,0.0,,
u_20798,0.043034914056465874,1044,0.0,0.787,0.0
u_20799,0.0,-1,0.0,,
u_20800,0.0,-1,0.0,,
u_20801,0.0,-1,0.0,,
u_20802,0.03654621202544903,3142,0.0,0.628,0.0
u_20803,0.0003348694978606486,1128,0.0,0.002,0.0
u_20804,0.0,-1,0.0,,
u_20805,0.0,-1,0.0,,
u_20806,0.0005146477324671293,162,0.0,0.01,0.0
u_20807,0.0,-1,0.0,,
u_20808,0.0010172431919222692,2685,0.0,0.019,0.0
u_20809,0.041197272881042746,2666,0.0,0.787,0.0
u_20810,0.012074673017995629,26,0.0,0.113,0.0
u_20811,0.0033533362174156633,89,0.0,0.065,0.0
u_20812,0.12274788270068389,342,0.0,0.787,0.0
u_20813,0.0,-1,0.0,,
u_20814,0.0,-1,0.0,,
u_20815,0.043034914056465874,5395,0.0,0.787,0.0
u_20816,0.0,-1,0.0,,
u_20817,0.0,-1,0.0,,
u_20818,0.0,-1,0.0,,
u_20819,0.0,-1,0.0,,
u_20820,0.0,-1,0.0,,
u_20821,0.0,-1,0.0,,
u_20822,0.0002775519317009099,1309,0.0,0.003,0.0
u_20823,0.07962972801263284,490,0.0,0.787,0.0
u_20824,0.0,-1,0.0,,
u_20825,0.0,-1,0.0,,
u_20826,0.0,-1,0.0,,
u_20827,0.0,-1,0.0,,
u_20828,0.0,-1,0.0,,
u_20829,0.016308974396181192,1797,0.0,0.315,0.0
u_20830,0.0,-1,0.0,,
u_20831,0.0,-1,0.0,,
u_20832,0.0,-1,0.0,,
u_20833,0.0,-1,0.0,,
u_20834,0.0,-1,0.0,,
u_20835,0.0,-1,0.0,,
u_20836,0.0,-1,0.0,,
u_20837,0.043034914056465874,3207,0.0,0.787,0.0
u_20838,0.03642268260624499,89,0.0,0.709,0.0
u_20839,0.043034914056465874,4973,0.0,0.787,0.0
u_20840,0.043034914056465874,2753,0.0,0.787,0.0
u_20841,0.0,-1,0.0,,
u_20842,0.0,-1,0.0,,
u_20843,0.0,-1,0.0,,
u_20844,0.0,-1,0.0,,
u_20845,0.0,-1,0.0,,
u_20846,0.07957815435693774,176,0.0,0.787,0.0
u_20847,0.0,-1,0.0,,
u_20848,0.0,-1,0.0,,
u_20849,0.0,-1,0.0,,
u_20850,0.0,-1,0.0,,
u_20851,0.0,-1,0.0,,
u_20852,0.0,-1,0.0,,
u_20853,0.0,-1,0.0,,
u_20854,0.0,-1,0.0,,
u_20855,0.0005199358646761587,2260,0.0,0.01,0.0
u_20856,0.043034914056465874,5261,0.0,0.787,0.0
u_20857,0.0,-1,0.0,,
u_20858,0.0,-1,0.0,,
u_20859,0.0,-1,0.0,,
u_20860,0.0,-1,0.0,,
u_20861,0.043034914056465874,6137,0.0,0.787,0.0
u_20862,0.0,-1,0.0,,
u_20863,0.0,-1,0.0,,
u_20864,0.043034914056465874,6138,0.0,0.787,0.0
u_20865,0.043034914056465874,3651,0.0,0.787,0.0
u_20866,0.0,-1,0.0,,
u_20867,0.043034914056465874,6139,0.0,0.787,0.0
u_20868,0.04190243978874091,332,0.0,0.787,0.0
u_20869,0.0,-1,0.0,,
u_20870,0.043034914056465874,4637,0.0,0.787,0.0
u_20871,0.0,-1,0.0,,
u_20872,0.0,-1,0.0,,
u_20873,0.0,-1,0.0,,
u_20874,0.0,-1,0.0,,
u_20875,0.0008752953688369333,1848,0.0,0.005,0.0
u_20876,0.08236630710979355,5220,0.0,0.787,0.0
u_20877,0.0,-1,0.0,,
u_20878,0.001103222382471844,2729,0.0,0.02,0.0
u_20879,0.08417531978986129,3274,0.0,0.787,0.0
u_20880,0.0,-1,0.0,,
u_20881,0.0,-1,0.0,,
u_20882,0.0,-1,0.0,,
u_20883,0.0,-1,0.0,,
u_20884,0.0003290198700087671,613,0.0,0.006,0.0
u_20885,0.0,-1,0.0,,
u_20886,0.004435656074307288,862,0.0,0.085,0.0
u_20887,0.0,-1,0.0,,
u_20888,0.0,-1,0.0,,
u_20889,0.043034914056465874,4108,0.0,0.787,0.0
u_20890,0.0,-1,0.0,,
u_20891,0.0,-1,0.0,,
u_20892,0.043034914056465874,1019,0.0,0.787,0.0
u_20893,0.0,-1,0.0,,
u_20894,0.043034914056465874,2101,0.0,0.787,0.0
u_20895,0.043034914056465874,5396,0.0,0.787,0.0
u_20896,0.0,-1,0.0,,
u_20897,0.0003353493716700045,1941,0.0,0.006,0.0
u_20898,0.042059818057116005,1696,0.0,0.787,0.0
u_20899,0.0,-1,0.0,,
u_20900,0.0003207922375184903,1900,0.0,0.006,0.0
u_20901,0.0,-1,0.0,,
u_20902,0.0,-1,0.0,,
u_20903,0.0,-1,0.0,,
u_20904,0.0,-1,0.0,,
u_20905,0.06629549707114606,533,0.0,0.614,0.0
u_20906,0.039894478913861185,861,0.0,0.787,0.0
u_20907,0.0,-1,0.0,,
u_20908,0.041419675976761036,632,0.0,0.787,0.0
u_20909,0.0,-1,0.0,,
u_20910,0.0,-1,0.0,,
u_20911,0.0,-1,0.0,,
u_20912,0.043034914056465874,5876,0.0,0.787,0.0
u_20913,0.0,-1,0.0,,
u_20914,0.043034914056465874,5397,0.0,0.787,0.0
u_20915,0.0005421313125864373,1537,0.0,0.005,0.0
u_20916,0.043034914056465874,4999,0.0,0.787,0.0
u_20917,0.043774626595400275,1578,0.0,0.787,0.0
u_20918,0.043034914056465874,5398,0.0,0.787,0.0
u_20919,0.0,-1,0.0,,
u_20920,0.0,-1,0.0,,
u_20921,0.0,-1,0.0,,
u_20922,0.04067106597847781,22,0.0,0.787,0.0
u_20923,0.0,-1,0.0,,
u_20924,0.0,-1,0.0,,
u_20925,0.0,-1,0.0,,
u_20926,0.043034914056465874,3800,0.0,0.787,0.0
u_20927,0.0,-1,0.0,,
u_20928,0.0,-1,0.0,,
u_20929,0.0,-1,0.0,,
u_20930,0.0,-1,0.0,,
u_20931,0.043034914056465874,5189,0.0,0.787,0.0
u_20932,0.0,-1,0.0,,
u_20933,0.0,-1,0.0,,
u_20934,0.03988921516281215,4565,0.0,0.787,0.0
u_20935,0.044373023317689435,4631,0.0,0.787,0.0
u_20936,0.08258084118035729,2863,0.0,0.787,0.0
u_20937,0.0,-1,0.0,,
u_20938,0.0,-1,0.0,,
u_20939,0.043393151114578886,611,0.0,0.787,0.0
u_20940,0.0,-1,0.0,,
u_20941,0.08730154415185629,755,0.0,0.787,0.0
u_20942,0.0,-1,0.0,,
u_20943,0.04094512866230182,29,0.0,0.787,0.0
u_20944,0.044750240567251014,1116,0.0,0.787,0.0
u_20945,0.039887391696417744,4408,0.0,0.787,0.0
u_20946,0.0,-1,0.0,,
u_20947,0.0,-1,0.0,,
u_20948,0.0573192076330592,244,0.0,0.542,0.0
u_20949,0.0,-1,0.0,,
u_20950,0.0,-1,0.0,,
u_20951,0.0,-1,0.0,,
u_20952,0.0,-1,0.0,,
u_20953,0.08417531978986129,5238,0.0,0.787,0.0
u_20954,0.04019150620846647,300,0.0,0.787,0.0
u_20955,0.047783956704864225,4660,0.0,0.847,0.0
u_20956,0.0,-1,0.0,,
u_20957,0.00236049829946569,3171,0.0,0.043,0.0
u_20958,6.6496753154342e-05,591,0.0,0.001,0.0
u_20959,0.0,-1,0.0,,
u_20960,0.000702537142018418,963,0.0,0.013,0.0
u_20961,0.0,-1,0.0,,
u_20962,0.0,-1,0.0,,
u_20963,0.0,-1,0.0,,
u_20964,0.043034914056465874,4562,0.0,0.787,0.0
u_20965,0.0,-1,0.0,,
u_20966,0.04008952639036959,904,0.0,0.762,0.0
u_20967,0.1015658598904906,4722,0.0,0.949,0.0
u_20968,0.0,-1,0.0,,
u_20969,0.0003530806333433587,1995,0.0,0.006,0.0
u_20970,0.08417531978986129,3981,0.0,0.787,0.0
u_20971,0.0,-1,0.0,,
u_20972,0.00011491931546630475,1132,0.0,0.002,0.0
u_20973,0.0,-1,0.0,,
u_20974,0.0,-1,0.0,,
u_20975,0.0,-1,0.0,,
u_20976,0.0,-1,0.0,,
u_20977,0.0,-1,0.0,,
u_20978,0.0,-1,0.0,,
u_20979,0.0,-1,0.0,,
u_20980,0.039887938975393895,364,0.0,0.787,0.0
u_20981,0.0,-1,0.0,,
u_20982,0.00039844412591726996,2077,0.0,0.007,0.0
u_20983,0.0,-1,0.0,,
u_20984,0.0,-1,0.0,,
u_20985,0.0007069641293577089,1557,0.0,0.012,0.0
u_20986,0.0,-1,0.0,,
u_20987,0.0,-1,0.0,,
u_20988,0.043034914056465874,3882,0.0,0.787,0.0
u_20989,0.0,-1,0.0,,
u_20990,0.0,-1,0.0,,
u_20991,0.0,-1,0.0,,
u_20992,0.043034914056465874,510,0.0,0.787,0.0
u_20993,0.0,-1,0.0,,
u_20994,0.0,-1,0.0,,
u_20995,5.576515012809739e-05,415,0.0,0.001,0.0
u_20996,0.04726446480812385,266,0.0,0.787,0.0
u_20997,0.04115964580763088,805,0.0,0.787,0.0
u_20998,0.0,-1,0.0,,
u_20999,0.0003015430284394451,87,0.0,0.003,0.0
u_21000,0.043034914056465874,6140,0.0,0.787,0.0
u_21001,0.0,-1,0.0,,
u_21002,0.0,-1,0.0,,
u_21003,0.0,-1,0.0,,
u_21004,0.043034914056465874,6084,0.0,0.787,0.0
u_21005,0.043034914056465874,5399,0.0,0.787,0.0
u_21006,0.0,-1,0.0,,
u_21007,0.04171638540247396,65,0.0,0.787,0.0
u_21008,0.0,-1,0.0,,
u_21009,0.0026280006503261086,2967,0.0,0.047,0.0
u_21010,0.043034914056465874,5400,0.0,0.787,0.0
u_21011,0.0004089214193354908,1604,0.0,0.004,0.0
u_21012,0.043403699945443616,2656,0.0,0.787,0.0
u_21013,0.0,-1,0.0,,
u_21014,0.0,-1,0.0,,
u_21015,0.0,-1,0.0,,
u_21016,0.043034914056465874,5401,0.0,0.787,0.0
u_21017,0.043034914056465874,5857,0.0,0.787,0.0
u_21018,0.0,-1,0.0,,
u_21019,0.00015260592640809766,761,0.0,0.001,0.0
u_21020,0.00022190486060312645,1653,0.0,0.004,0.0
u_21021,0.0,-1,0.0,,
u_21022,0.0,-1,0.0,,
u_21023,0.0,-1,0.0,,
u_21024,0.0,-1,0.0,,
u_21025,0.0,-1,0.0,,
u_21026,0.043034914056465874,6141,0.0,0.787,0.0
u_21027,0.0,-1,0.0,,
u_21028,0.08417531978986129,4954,0.0,0.787,0.0
u_21029,0.0,-1,0.0,,
u_21030,0.0,-1,0.0,,
u_21031,0.03988858554019723,2250,0.0,0.787,0.0
u_21032,0.0,-1,0.0,,
u_21033,0.0,-1,0.0,,
u_21034,0.043034914056465874,2011,0.0,0.787,0.0
u_21035,0.0,-1,0.0,,
u_21036,0.0,-1,0.0,,
u_21037,0.0012476902555192658,499,0.0,0.023,0.0
u_21038,0.08238071808586257,2680,0.0,0.787,0.0
u_21039,0.0,-1,0.0,,
u_21040,0.0,-1,0.0,,
u_21041,0.005625032636254236,1262,0.0,0.106,0.0
u_21042,0.0,-1,0.0,,
u_21043,0.0,-1,0.0,,
u_21044,0.001124320650719586,2746,0.0,0.021,0.0
u_21045,0.07522942285607073,4587,0.0,0.698,0.0
u_21046,0.0,-1,0.0,,
u_21047,0.0,-1,0.0,,
u_21048,0.0,-1,0.0,,
u_21049,0.035271412998098946,4561,0.0,0.645,0.0
u_21050,0.0,-1,0.0,,
u_21051,0.043327317059967216,2461,0.0,0.787,0.0
u_21052,0.0,-1,0.0,,
u_21053,0.0,-1,0.0,,
u_21054,0.0,-1,0.0,,
u_21055,0.0,-1,0.0,,
u_21056,0.002217953008513898,358,0.0,0.042,0.0
u_21057,0.0006340082205259165,1918,0.0,0.006,0.0
u_21058,0.0429094334259889,2734,0.0,0.787,0.0
u_21059,0.017882775440723774,4228,0.0,0.327,0.0
u_21060,0.005232996316539707,540,0.0,0.048,0.0
u_21061,0.0,-1,0.0,,
u_21062,0.07938082569179024,1638,0.0,0.787,0.0
u_21063,0.0,-1,0.0,,
u_21064,0.0,-1,0.0,,
u_21065,0.0,-1,0.0,,
u_21066,0.0,-1,0.0,,
u_21067,0.008605598838527625,1904,0.0,0.054,0.0
u_21068,0.0,-1,0.0,,
u_21069,0.00028920764082315234,1833,0.0,0.005,0.0
u_21070,0.0,-1,0.0,,
u_21071,0.0,-1,0.0,,
u_21072,0.0,-1,0.0,,
u_21073,0.0,-1,0.0,,
u_21074,0.0,-1,0.0,,
u_21075,0.0,-1,0.0,,
u_21076,0.043034914056465874,124,0.0,0.787,0.0
u_21077,0.0,-1,0.0,,
u_21078,0.0,-1,0.0,,
u_21079,0.0,-1,0.0,,
u_21080,0.0,-1,0.0,,
u_21081,0.0,-1,0.0,,
u_21082,0.0,-1,0.0,,
u_21083,0.043034914056465874,3225,0.0,0.787,0.0
u_21084,0.0802866539031088,93,0.0,0.787,0.0
u_21085,0.029300103394554033,4471,0.0,0.536,0.0
u_21086,0.0,-1,0.0,,
u_21087,0.00013285750862408483,1241,0.0,0.002,0.0
u_21088,0.0,-1,0.0,,
u_21089,0.043034914056465874,2852,0.0,0.787,0.0
u_21090,6.246037250146459e-05,530,0.0,0.001,0.0
u_21091,0.03989200938294995,1948,0.0,0.787,0.0
u_21092,0.0,-1,0.0,,
u_21093,0.043034914056465874,6142,0.0,0.787,0.0
u_21094,0.04055054068977437,61,0.0,0.787,0.0
u_21095,0.0,-1,0.0,,
u_21096,0.0,-1,0.0,,
u_21097,0.039888196328699645,1180,0.0,0.787,0.0
u_21098,0.045461986463142756,1921,0.0,0.787,0.0
u_21099,0.0004616516965926173,2162,0.0,0.008,0.0
u_21100,0.040243476484193824,197,0.0,0.787,0.0
u_21101,0.08476340131930613,1431,0.0,0.789,0.0
u_21102,0.04375138430663864,2473,0.0,0.787,0.0
u_21103,0.042130407716432006,4954,0.0,0.787,0.0
u_21104,0.0,-1,0.0,,
u_21105,0.0,-1,0.0,,
u_21106,0.035543431862465516,145,0.0,0.633,0.0
u_21107,0.0,-1,0.0,,
u_21108,0.0,-1,0.0,,
u_21109,0.0,-1,0.0,,
u_21110,0.0,-1,0.0,,
u_21111,0.0,-1,0.0,,
u_21112,0.03995418627421582,889,0.0,0.787,0.0
u_21113,0.039887509202467406,350,0.0,0.787,0.0
u_21114,0.043034914056465874,3408,0.0,0.787,0.0
u_21115,0.0,-1,0.0,,
u_21116,0.0,-1,0.0,,
u_21117,0.0,-1,0.0,,
u_21118,0.011457445795438873,222,0.0,0.224,0.0
u_21119,0.0,-1,0.0,,
u_21120,0.03988976633809588,4027,0.0,0.787,0.0
u_21121,0.0,-1,0.0,,
u_21122,0.0,-1,0.0,,
u_21123,0.043034914056465874,6143,0.0,0.787,0.0
u_21124,0.0,-1,0.0,,
u_21125,0.0,-1,0.0,,
u_21126,0.043034914056465874,5402,0.0,0.787,0.0
u_21127,0.0419228639087595,176,0.0,0.787,0.0
u_21128,0.07963946927554463,2441,0.0,0.787,0.0
u_21129,0.0,-1,0.0,,
u_21130,0.00015129589359333032,1359,0.0,0.003,0.0
u_21131,0.03663740488042853,377,0.0,0.692,0.0
u_21132,0.0,-1,0.0,,
u_21133,0.0,-1,0.0,,
u_21134,0.0,-1,0.0,,
u_21135,0.0,-1,0.0,,
u_21136,0.0006865401292530129,2009,0.0,0.007,0.0
u_21137,0.022829626131194523,1210,0.0,0.213,0.0
u_21138,0.042130407716432006,4936,0.0,0.787,0.0
u_21139,0.0018616085604070006,1126,0.0,0.036,0.0
u_21140,0.00019370303667070606,1547,0.0,0.004,0.0
u_21141,0.0,-1,0.0,,
u_21142,0.0,-1,0.0,,
u_21143,0.0,-1,0.0,,
u_21144,0.043034914056465874,4768,0.0,0.787,0.0
u_21145,0.00039406765821488766,1568,0.0,0.004,0.0
u_21146,0.0,-1,0.0,,
u_21147,0.043034914056465874,4263,0.0,0.787,0.0
u_21148,0.043034914056465874,5403,0.0,0.787,0.0
u_21149,0.0,-1,0.0,,
u_21150,0.0,-1,0.0,,
u_21151,0.08417531978986129,4860,0.0,0.787,0.0
u_21152,0.043034914056465874,2095,0.0,0.787,0.0
u_21153,0.08028274221842611,3356,0.0,0.787,0.0
u_21154,0.042130407716432006,5518,0.0,0.787,0.0
u_21155,0.043034914056465874,3622,0.0,0.787,0.0
u_21156,0.0,-1,0.0,,
u_21157,0.043034914056465874,2432,0.0,0.787,0.0
u_21158,0.0,-1,0.0,,
u_21159,0.0,-1,0.0,,
u_21160,0.041433924272847915,1396,0.0,0.787,0.0
u_21161,0.029106777973675026,2884,0.0,0.184,0.0
u_21162,0.0,-1,0.0,,
u_21163,0.0,-1,0.0,,
u_21164,0.0,-1,0.0,,
u_21165,0.043034914056465874,1182,0.0,0.787,0.0
u_21166,0.039890699739917046,1144,0.0,0.787,0.0
u_21167,0.05736921372307419,4739,0.0,0.992,0.0
u_21168,0.0,-1,0.0,,
u_21169,0.0,-1,0.0,,
u_21170,0.0,-1,0.0,,
u_21171,0.04086654153500903,193,0.0,0.787,0.0
u_21172,0.0,-1,0.0,,
u_21173,0.0,-1,0.0,,
u_21174,0.08409247530966145,166,0.0,0.787,0.0
u_21175,0.0,-1,0.0,,
u_21176,0.0,-1,0.0,,
u_21177,0.0,-1,0.0,,
u_21178,0.1217324701496576,485,0.0,0.787,0.0
u_21179,0.08417531978986129,4555,0.0,0.787,0.0
u_21180,0.0,-1,0.0,,
u_21181,0.0,-1,0.0,,
u_21182,0.043034914056465874,6144,0.0,0.787,0.0
u_21183,0.0,-1,0.0,,
u_21184,0.0,-1,0.0,,
u_21185,0.000630908295342081,2379,0.0,0.012,0.0
u_21186,0.0008899666209592857,2603,0.0,0.016,0.0
u_21187,0.042738357405455576,1375,0.0,0.787,0.0
u_21188,0.0,-1,0.0,,
u_21189,0.0,-1,0.0,,
u_21190,0.0,-1,0.0,,
u_21191,0.043034914056465874,3531,0.0,0.787,0.0
u_21192,0.0,-1,0.0,,
u_21193,0.0,-1,0.0,,
u_21194,0.0,-1,0.0,,
u_21195,0.0,-1,0.0,,
u_21196,0.0011210200548112993,168,0.0,0.02,0.0
u_21197,0.043034914056465874,4713,0.0,0.787,0.0
u_21198,0.0,-1,0.0,,
u_21199,0.0,-1,0.0,,
u_21200,0.0,-1,0.0,,
u_21201,0.043034914056465874,3005,0.0,0.787,0.0
u_21202,0.043493859764615554,662,0.0,0.787,0.0
u_21203,0.040668010298121685,438,0.0,0.787,0.0
u_21204,0.05062891249064216,189,0.0,0.489,0.0
u_21205,0.0,-1,0.0,,
u_21206,0.0,-1,0.0,,
u_21207,0.03619599850256132,870,0.0,0.338,0.0
u_21208,0.0,-1,0.0,,
u_21209,0.0,-1,0.0,,
u_21210,0.0,-1,0.0,,
u_21211,0.04252435401889452,3374,0.0,0.787,0.0
u_21212,0.0,-1,0.0,,
u_21213,0.0,-1,0.0,,
u_21214,0.0,-1,0.0,,
u_21215,0.0,-1,0.0,,
u_21216,0.0,-1,0.0,,
u_21217,0.0,-1,0.0,,
u_21218,0.08417531978986129,2549,0.0,0.787,0.0
u_21219,0.0,-1,0.0,,
u_21220,0.0,-1,0.0,,
u_21221,0.043034914056465874,4010,0.0,0.787,0.0
u_21222,0.043034914056465874,4138,0.0,0.787,0.0
u_21223,0.0,-1,0.0,,
u_21224,0.039895879090069884,2129,0.0,0.787,0.0
u_21225,0.040191807326607536,94,0.0,0.787,0.0
u_21226,0.0,-1,0.0,,
u_21227,7.534525082515889e-05,7,0.0,0.001,0.0
u_21228,0.0,-1,0.0,,
u_21229,0.0,-1,0.0,,
u_21230,0.0,-1,0.0,,
u_21231,0.043034914056465874,2781,0.0,0.787,0.0
u_21232,0.032704095490603186,4522,0.0,0.598,0.0
u_21233,0.043034914056465874,4189,0.0,0.787,0.0
u_21234,0.0,-1,0.0,,
u_21235,0.0,-1,0.0,,
u_21236,0.0,-1,0.0,,
u_21237,0.0,-1,0.0,,
u_21238,0.0,-1,0.0,,
u_21239,0.0,-1,0.0,,
u_21240,0.0,-1,0.0,,
u_21241,0.0,-1,0.0,,
u_21242,0.0,-1,0.0,,
u_21243,4.484293417547064e-05,198,0.0,0.001,0.0
u_21244,0.0,-1,0.0,,
u_21245,0.04548464352027998,1139,0.0,0.787,0.0
u_21246,0.044340589571815796,1237,0.0,0.787,0.0
u_21247,0.0,-1,0.0,,
u_21248,0.0,-1,0.0,,
u_21249,0.0,-1,0.0,,
u_21250,0.0,-1,0.0,,
u_21251,0.0,-1,0.0,,
u_21252,0.0001696281990375867,862,0.0,0.002,0.0
u_21253,0.00010841865366796488,1051,0.0,0.002,0.0
u_21254,0.0,-1,0.0,,
u_21255,0.043034914056465874,5103,0.0,0.787,0.0
u_21256,0.0,-1,0.0,,
u_21257,0.12158871292773515,334,0.0,0.787,0.0
u_21258,0.08235989249526394,1512,0.0,0.787,0.0
u_21259,0.0,-1,0.0,,
u_21260,0.0,-1,0.0,,
u_21261,0.043034914056465874,1998,0.0,0.787,0.0
u_21262,0.041072239912246365,75,0.0,0.787,0.0
u_21263,0.0,-1,0.0,,
u_21264,0.0,-1,0.0,,
u_21265,0.0,-1,0.0,,
u_21266,0.0,-1,0.0,,
u_21267,0.0,-1,0.0,,
u_21268,0.005926321925707963,3697,0.0,0.108,0.0
u_21269,0.0,-1,0.0,,
u_21270,0.0,-1,0.0,,
u_21271,0.010956630072187406,333,0.0,0.215,0.0
u_21272,0.005823938746127348,2565,0.0,0.108,0.0
u_21273,0.0,-1,0.0,,
u_21274,0.0,-1,0.0,,
u_21275,0.0,-1,0.0,,
u_21276,0.0,-1,0.0,,
u_21277,0.0430696637119296,3042,0.0,0.787,0.0
u_21278,0.0,-1,0.0,,
u_21279,0.0796369913417695,3978,0.0,0.787,0.0
u_21280,0.0,-1,0.0,,
u_21281,0.0,-1,0.0,,
u_21282,0.0,-1,0.0,,
u_21283,0.0,-1,0.0,,
u_21284,0.0,-1,0.0,,
u_21285,0.0,-1,0.0,,
u_21286,0.043034914056465874,4675,0.0,0.787,0.0
u_21287,0.0,-1,0.0,,
u_21288,0.0,-1,0.0,,
u_21289,0.0,-1,0.0,,
u_21290,7.865413898285757e-05,779,0.0,0.001,0.0
u_21291,0.0032744577762130202,3397,0.0,0.061,0.0
u_21292,0.0025272714958130757,3195,0.0,0.045,0.0
u_21293,0.0,-1,0.0,,
u_21294,0.0,-1,0.0,,
u_21295,0.0,-1,0.0,,
u_21296,0.00013131678401143374,1232,0.0,0.002,0.0
u_21297,0.043034914056465874,5404,0.0,0.787,0.0
u_21298,0.0,-1,0.0,,
u_21299,0.0,-1,0.0,,
u_21300,0.0,-1,0.0,,
u_21301,0.038353522796139086,4588,0.0,0.701,0.0
u_21302,0.04229763889789287,147,0.0,0.787,0.0
u_21303,0.043034914056465874,4836,0.0,0.787,0.0
u_21304,0.0,-1,0.0,,
u_21305,0.0,-1,0.0,,
u_21306,0.0,-1,0.0,,
u_21307,0.041447581647014044,608,0.0,0.787,0.0
u_21308,0.043034914056465874,5405,0.0,0.787,0.0
u_21309,0.043034914056465874,4810,0.0,0.787,0.0
u_21310,0.043034914056465874,5406,0.0,0.787,0.0
u_21311,0.03989574069939058,2249,0.0,0.787,0.0
u_21312,0.0,-1,0.0,,
u_21313,0.0,-1,0.0,,
u_21314,0.0,-1,0.0,,
u_21315,0.08417531978986129,5387,0.0,0.787,0.0
u_21316,0.04259748651018855,1919,0.0,0.787,0.0
u_21317,0.0,-1,0.0,,
u_21318,0.0,-1,0.0,,
u_21319,0.0,-1,0.0,,
u_21320,0.0,-1,0.0,,
u_21321,0.0,-1,0.0,,
u_21322,0.043034914056465874,5407,0.0,0.787,0.0
u_21323,0.0,-1,0.0,,
u_21324,0.0,-1,0.0,,
u_21325,0.0,-1,0.0,,
u_21326,0.0,-1,0.0,,
u_21327,0.01888959180062363,4253,0.0,0.345,0.0
u_21328,0.03988804072653489,61,0.0,0.787,0.0
u_21329,0.0,-1,0.0,,
u_21330,0.043034914056465874,4892,0.0,0.787,0.0
u_21331,0.0,-1,0.0,,
u_21332,0.0,-1,0.0,,
u_21333,0.0,-1,0.0,,
u_21334,0.0,-1,0.0,,
u_21335,0.042434923855564466,174,0.0,0.787,0.0
u_21336,0.0,-1,0.0,,
u_21337,0.0,-1,0.0,,
u_21338,0.04314057384653859,1427,0.0,0.787,0.0
u_21339,0.0,-1,0.0,,
u_21340,0.0,-1,0.0,,
u_21341,0.03988821462818454,1897,0.0,0.787,0.0
u_21342,0.0,-1,0.0,,
u_21343,0.04348741362971265,1555,0.0,0.787,0.0
u_21344,0.0003876032704455595,1570,0.0,0.007,0.0
u_21345,0.0,-1,0.0,,
u_21346,0.04386854646769827,1343,0.0,0.787,0.0
u_21347,0.0,-1,0.0,,
u_21348,0.0,-1,0.0,,
u_21349,0.0,-1,0.0,,
u_21350,0.0,-1,0.0,,
u_21351,0.0,-1,0.0,,
u_21352,0.04266514787464427,714,0.0,0.787,0.0
u_21353,0.0,-1,0.0,,
u_21354,0.0,-1,0.0,,
u_21355,0.0,-1,0.0,,
u_21356,0.0,-1,0.0,,
u_21357,0.07975439213237472,671,0.0,0.787,0.0
u_21358,0.0,-1,0.0,,
u_21359,0.021153120553684426,168,0.0,0.406,0.0
u_21360,0.0,-1,0.0,,
u_21361,0.0,-1,0.0,,
u_21362,0.0,-1,0.0,,
u_21363,0.0,-1,0.0,,
u_21364,0.0,-1,0.0,,
u_21365,0.0020634299283148225,278,0.0,0.04,0.0
u_21366,0.0,-1,0.0,,
u_21367,0.0,-1,0.0,,
u_21368,0.0,-1,0.0,,
u_21369,0.007682572829534397,2233,0.0,0.149,0.0
u_21370,0.0,-1,0.0,,
u_21371,0.0,-1,0.0,,
u_21372,0.0,-1,0.0,,
u_21373,0.0,-1,0.0,,
u_21374,0.043034914056465874,5953,0.0,0.787,0.0
u_21375,0.0,-1,0.0,,
u_21376,4.432824565468058e-05,123,0.0,0.001,0.0
u_21377,0.043034914056465874,1850,0.0,0.787,0.0
u_21378,0.01186185509972562,87,0.0,0.225,0.0
u_21379,0.08234502584251682,2495,0.0,0.787,0.0
u_21380,0.02680144807545814,798,0.0,0.167,0.0
u_21381,0.0,-1,0.0,,
u_21382,7.478020906102698e-05,266,0.0,0.001,0.0
u_21383,0.0,-1,0.0,,
u_21384,0.0,-1,0.0,,
u_21385,0.08417531978986129,2295,0.0,0.787,0.0
u_21386,0.0,-1,0.0,,
u_21387,0.0,-1,0.0,,
u_21388,0.043034914056465874,1208,0.0,0.787,0.0
u_21389,0.0,-1,0.0,,
u_21390,0.08236630710979355,5179,0.0,0.787,0.0
u_21391,0.0,-1,0.0,,
u_21392,0.0,-1,0.0,,
u_21393,0.0,-1,0.0,,
u_21394,0.0,-1,0.0,,
u_21395,0.0,-1,0.0,,
u_21396,0.0,-1,0.0,,
u_21397,0.0,-1,0.0,,
u_21398,0.043034914056465874,2353,0.0,0.787,0.0
u_21399,0.043034914056465874,6145,0.0,0.787,0.0
u_21400,0.0,-1,0.0,,
u_21401,0.041058919671232694,2469,0.0,0.787,0.0
u_21402,0.0032335801009461132,3375,0.0,0.059,0.0
u_21403,0.0,-1,0.0,,
u_21404,0.0,-1,0.0,,
u_21405,0.0006853387061398074,2447,0.0,0.013,0.0
u_21406,0.0,-1,0.0,,
u_21407,0.0008474381288139489,2132,0.0,0.008,0.0
u_21408,0.0,-1,0.0,,
u_21409,0.08417531978986129,5408,0.0,0.787,0.0
u_21410,0.043034914056465874,6146,0.0,0.787,0.0
u_21411,0.0,-1,0.0,,
u_21412,0.00012594215010285387,363,0.0,0.001,0.0
u_21413,0.0,-1,0.0,,
u_21414,0.043034914056465874,4470,0.0,0.787,0.0
u_21415,0.0,-1,0.0,,
u_21416,0.0,-1,0.0,,
u_21417,0.0,-1,0.0,,
u_21418,0.0,-1,0.0,,
u_21419,0.02221948987895609,2658,0.0,0.425,0.0
u_21420,0.0,-1,0.0,,
u_21421,0.0,-1,0.0,,
u_21422,0.0,-1,0.0,,
u_21423,0.0,-1,0.0,,
u_21424,0.0,-1,0.0,,
u_21425,0.043034914056465874,2947,0.0,0.787,0.0
u_21426,0.0,-1,0.0,,
u_21427,0.001339587697466617,2862,0.0,0.024,0.0
u_21428,0.0,-1,0.0,,
u_21429,0.08303644157605983,554,0.0,0.787,0.0
u_21430,0.0,-1,0.0,,
u_21431,0.0,-1,0.0,,
u_21432,0.039890169349764255,1615,0.0,0.787,0.0
u_21433,0.0,-1,0.0,,
u_21434,0.043034914056465874,6147,0.0,0.787,0.0
u_21435,0.0,-1,0.0,,
u_21436,0.039888884199168015,1118,0.0,0.787,0.0
u_21437,0.043034914056465874,4976,0.0,0.787,0.0
u_21438,0.043034914056465874,4825,0.0,0.787,0.0
u_21439,0.0003207191419863556,1409,0.0,0.003,0.0
u_21440,0.001949439999953339,3071,0.0,0.036,0.0
u_21441,0.0,-1,0.0,,
u_21442,0.0,-1,0.0,,
u_21443,0.004513691799246147,3558,0.0,0.083,0.0
u_21444,0.043034914056465874,158,0.0,0.787,0.0
u_21445,0.043034914056465874,2857,0.0,0.787,0.0
u_21446,0.0,-1,0.0,,
u_21447,0.0,-1,0.0,,
u_21448,0.00027628023713026774,1829,0.0,0.005,0.0
u_21449,0.0,-1,0.0,,
u_21450,0.003670720188523957,3451,0.0,0.067,0.0
u_21451,0.04215926185961613,2200,0.0,0.787,0.0
u_21452,0.0,-1,0.0,,
u_21453,0.0,-1,0.0,,
u_21454,0.0,-1,0.0,,
u_21455,0.0,-1,0.0,,
u_21456,0.0,-1,0.0,,
u_21457,0.08235893918161143,4254,0.0,0.787,0.0
u_21458,0.0,-1,0.0,,
u_21459,0.0,-1,0.0,,
u_21460,0.0031301174471457882,3350,0.0,0.057,0.0
u_21461,0.0,-1,0.0,,
u_21462,0.0,-1,0.0,,
u_21463,0.0,-1,0.0,,
u_21464,0.043034914056465874,4781,0.0,0.787,0.0
u_21465,0.0,-1,0.0,,
u_21466,0.043034914056465874,5175,0.0,0.787,0.0
u_21467,0.0,-1,0.0,,
u_21468,0.0,-1,0.0,,
u_21469,0.0,-1,0.0,,
u_21470,0.0,-1,0.0,,
u_21471,0.0,-1,0.0,,
u_21472,0.0,-1,0.0,,
u_21473,0.0,-1,0.0,,
u_21474,0.0,-1,0.0,,
u_21475,0.0,-1,0.0,,
u_21476,0.0,-1,0.0,,
u_21477,0.03988954928883501,2785,0.0,0.787,0.0
u_21478,0.0,-1,0.0,,
u_21479,0.029894467489407172,2200,0.0,0.282,0.0
u_21480,0.0025344388572718546,3218,0.0,0.046,0.0
u_21481,0.0,-1,0.0,,
u_21482,0.08417531978986129,4183,0.0,0.787,0.0
u_21483,0.0,-1,0.0,,
u_21484,0.0,-1,0.0,,
u_21485,0.0,-1,0.0,,
u_21486,0.09294366711721662,2210,0.0,0.869,0.0
u_21487,0.043034914056465874,1517,0.0,0.787,0.0
u_21488,0.0,-1,0.0,,
u_21489,0.03988818394164745,549,0.0,0.787,0.0
u_21490,0.0,-1,0.0,,
u_21491,0.0003261429655572676,244,0.0,0.003,0.0
u_21492,0.0,-1,0.0,,
u_21493,0.0,-1,0.0,,
u_21494,0.0,-1,0.0,,
u_21495,0.0,-1,0.0,,
u_21496,0.043034914056465874,91,0.0,0.787,0.0
u_21497,0.0,-1,0.0,,
u_21498,0.0,-1,0.0,,
u_21499,0.0,-1,0.0,,
u_21500,0.0,-1,0.0,,
u_21501,0.0,-1,0.0,,
u_21502,0.08237110199298836,2313,0.0,0.787,0.0
u_21503,0.0,-1,0.0,,
u_21504,0.0,-1,0.0,,
u_21505,0.0,-1,0.0,,
u_21506,0.0,-1,0.0,,
u_21507,0.04192880617797167,1915,0.0,0.787,0.0
u_21508,0.0,-1,0.0,,
u_21509,0.00432549536840042,845,0.0,0.041,0.0
u_21510,0.0,-1,0.0,,
u_21511,0.0,-1,0.0,,
u_21512,0.0,-1,0.0,,
u_21513,0.0,-1,0.0,,
u_21514,0.0,-1,0.0,,
u_21515,0.044352628508621754,3466,0.0,0.787,0.0
u_21516,0.0,-1,0.0,,
u_21517,0.043034914056465874,5409,0.0,0.787,0.0
u_21518,0.0,-1,0.0,,
u_21519,0.0,-1,0.0,,
u_21520,0.0,-1,0.0,,
u_21521,0.001149016566771084,2762,0.0,0.021,0.0
u_21522,0.0008241692346198705,616,0.0,0.005,0.0
u_21523,0.0,-1,0.0,,
u_21524,0.0,-1,0.0,,
u_21525,0.0,-1,0.0,,
u_21526,0.04084796406595844,1526,0.0,0.787,0.0
u_21527,0.0,-1,0.0,,
u_21528,0.043034914056465874,1016,0.0,0.787,0.0
u_21529,0.0,-1,0.0,,
u_21530,0.0,-1,0.0,,
u_21531,0.0,-1,0.0,,
u_21532,0.0,-1,0.0,,
u_21533,0.044361119580877094,2787,0.0,0.787,0.0
u_21534,0.0,-1,0.0,,
u_21535,0.0,-1,0.0,,
u_21536,0.0,-1,0.0,,
u_21537,0.043034914056465874,1204,0.0,0.787,0.0
u_21538,0.0,-1,0.0,,
u_21539,0.03243281774753464,1247,0.0,0.207,0.0
u_21540,0.0036579530763864473,3448,0.0,0.067,0.0
u_21541,0.043034914056465874,4344,0.0,0.787,0.0
u_21542,8.029426684382923e-05,815,0.0,0.001,0.0
u_21543,0.005039488550089789,3611,0.0,0.089,0.0
u_21544,0.0003574384818438761,2005,0.0,0.007,0.0
u_21545,0.03988819096322933,1572,0.0,0.787,0.0
u_21546,0.0,-1,0.0,,
u_21547,0.0,-1,0.0,,
u_21548,0.0002450458378570141,1714,0.0,0.004,0.0
u_21549,0.0,-1,0.0,,
u_21550,0.0,-1,0.0,,
u_21551,0.1206486318592445,174,0.0,0.787,0.0
u_21552,0.0,-1,0.0,,
u_21553,0.0,-1,0.0,,
u_21554,0.043034914056465874,5410,0.0,0.787,0.0
u_21555,0.0,-1,0.0,,
u_21556,0.006098501759341724,1097,0.0,0.058,0.0
u_21557,0.0,-1,0.0,,
u_21558,0.024196002847837787,3627,0.0,0.459,0.0
u_21559,0.0,-1,0.0,,
u_21560,0.0,-1,0.0,,
u_21561,0.0,-1,0.0,,
u_21562,0.0,-1,0.0,,
u_21563,0.0007150651672993921,222,0.0,0.005,0.0
u_21564,0.00019552230050022426,404,0.0,0.002,0.0
u_21565,0.0,-1,0.0,,
u_21566,0.04437145418670888,3418,0.0,0.787,0.0
u_21567,0.0,-1,0.0,,
u_21568,0.04256937807848134,805,0.0,0.787,0.0
u_21569,0.0,-1,0.0,,
u_21570,0.0,-1,0.0,,
u_21571,0.0,-1,0.0,,
u_21572,0.0,-1,0.0,,
u_21573,0.0,-1,0.0,,
u_21574,0.0020158838874276296,3094,0.0,0.037,0.0
u_21575,0.0,-1,0.0,,
u_21576,0.03172359279880967,4513,0.0,0.58,0.0
u_21577,0.0,-1,0.0,,
u_21578,0.00770710081790247,3846,0.0,0.141,0.0
u_21579,0.043034914056465874,6148,0.0,0.787,0.0
u_21580,0.03990108644928003,4404,0.0,0.787,0.0
u_21581,0.0,-1,0.0,,
u_21582,0.043034914056465874,4745,0.0,0.787,0.0
u_21583,0.0,-1,0.0,,
u_21584,0.0,-1,0.0,,
u_21585,0.0,-1,0.0,,
u_21586,0.0,-1,0.0,,
u_21587,0.043034914056465874,5411,0.0,0.787,0.0
u_21588,0.0,-1,0.0,,
u_21589,0.0,-1,0.0,,
u_21590,0.0,-1,0.0,,
u_21591,0.043034914056465874,4765,0.0,0.787,0.0
u_21592,0.042990969184253984,3042,0.0,0.787,0.0
u_21593,0.0,-1,0.0,,
u_21594,0.0,-1,0.0,,
u_21595,0.010151993066450453,3996,0.0,0.186,0.0
u_21596,0.0,-1,0.0,,
u_21597,0.0005860831539574908,2339,0.0,0.011,0.0
u_21598,0.0,-1,0.0,,
u_21599,0.0,-1,0.0,,
u_21600,0.02620044821029206,1275,0.0,0.501,0.0
u_21601,0.0,-1,0.0,,
u_21602,0.0,-1,0.0,,
u_21603,0.04437096742079587,3838,0.0,0.787,0.0
u_21604,0.0,-1,0.0,,
u_21605,0.0,-1,0.0,,
u_21606,0.0,-1,0.0,,
u_21607,0.0,-1,0.0,,
u_21608,0.0,-1,0.0,,
u_21609,0.043034914056465874,1842,0.0,0.787,0.0
u_21610,0.0,-1,0.0,,
u_21611,0.0,-1,0.0,,
u_21612,0.0,-1,0.0,,
u_21613,0.0,-1,0.0,,
u_21614,0.043034914056465874,4844,0.0,0.787,0.0
u_21615,0.0,-1,0.0,,
u_21616,0.0,-1,0.0,,
u_21617,0.0,-1,0.0,,
u_21618,0.043034914056465874,1520,0.0,0.787,0.0
u_21619,0.0002661226476421185,1784,0.0,0.005,0.0
u_21620,0.0,-1,0.0,,
u_21621,0.0,-1,0.0,,
u_21622,0.0,-1,0.0,,
u_21623,0.0,-1,0.0,,
u_21624,0.0,-1,0.0,,
u_21625,0.043034914056465874,3534,0.0,0.787,0.0
u_21626,0.0,-1,0.0,,
u_21627,0.039992832553492265,5,0.0,0.787,0.0
u_21628,0.0,-1,0.0,,
u_21629,0.043034914056465874,1812,0.0,0.787,0.0
u_21630,0.043034914056465874,5840,0.0,0.787,0.0
u_21631,0.0,-1,0.0,,
u_21632,0.0,-1,0.0,,
u_21633,0.021639441320244198,4329,0.0,0.396,0.0
u_21634,0.0,-1,0.0,,
u_21635,0.0,-1,0.0,,
u_21636,0.0,-1,0.0,,
u_21637,0.0,-1,0.0,,
u_21638,0.0,-1,0.0,,
u_21639,0.0,-1,0.0,,
u_21640,0.039887860221486826,3540,0.0,0.787,0.0
u_21641,0.0492446632974579,2541,0.0,0.872,0.0
u_21642,0.0,-1,0.0,,
u_21643,0.0,-1,0.0,,
u_21644,0.0,-1,0.0,,
u_21645,0.0,-1,0.0,,
u_21646,0.043034914056465874,715,0.0,0.787,0.0
u_21647,0.0,-1,0.0,,
u_21648,0.0,-1,0.0,,
u_21649,0.0,-1,0.0,,
u_21650,0.0,-1,0.0,,
u_21651,0.0,-1,0.0,,
u_21652,0.0,-1,0.0,,
u_21653,0.0,-1,0.0,,
u_21654,0.039887710810503275,1458,0.0,0.787,0.0
u_21655,0.0,-1,0.0,,
u_21656,0.0,-1,0.0,,
u_21657,0.0,-1,0.0,,
u_21658,0.008386962530381669,1958,0.0,0.153,0.0
u_21659,0.0,-1,0.0,,
u_21660,0.039888137185780125,608,0.0,0.787,0.0
u_21661,0.0,-1,0.0,,
u_21662,0.0,-1,0.0,,
u_21663,0.0024936108567841955,680,0.0,0.047,0.0
u_21664,0.0,-1,0.0,,
u_21665,0.0,-1,0.0,,
u_21666,0.0,-1,0.0,,
u_21667,0.0,-1,0.0,,
u_21668,0.0,-1,0.0,,
u_21669,0.043034914056465874,2720,0.0,0.787,0.0
u_21670,0.043034914056465874,4256,0.0,0.787,0.0
u_21671,0.0,-1,0.0,,
u_21672,0.0,-1,0.0,,
u_21673,0.043034914056465874,3004,0.0,0.787,0.0
u_21674,0.0,-1,0.0,,
u_21675,0.0,-1,0.0,,
u_21676,0.0,-1,0.0,,
u_21677,0.0,-1,0.0,,
u_21678,0.004144233983327604,3518,0.0,0.076,0.0
u_21679,0.04254444383201059,402,0.0,0.787,0.0
u_21680,0.0,-1,0.0,,
u_21681,0.04307780045313392,3642,0.0,0.787,0.0
u_21682,0.0,-1,0.0,,
u_21683,0.027326048277832235,4421,0.0,0.484,0.0
u_21684,0.0031636075180127396,901,0.0,0.058,0.0
u_21685,0.0,-1,0.0,,
u_21686,0.0,-1,0.0,,
u_21687,0.022293851941404565,3879,0.0,0.436,0.0
u_21688,0.0,-1,0.0,,
u_21689,0.0,-1,0.0,,
u_21690,0.0,-1,0.0,,
u_21691,0.0,-1,0.0,,
u_21692,0.0,-1,0.0,,
u_21693,0.0,-1,0.0,,
u_21694,0.00013916765359675624,736,0.0,0.001,0.0
u_21695,0.0,-1,0.0,,
u_21696,0.0,-1,0.0,,
u_21697,0.0,-1,0.0,,
u_21698,0.0,-1,0.0,,
u_21699,0.043034198213548966,1434,0.0,0.787,0.0
u_21700,0.043034914056465874,5412,0.0,0.787,0.0
u_21701,0.0002607243693630094,1764,0.0,0.005,0.0
u_21702,0.0,-1,0.0,,
u_21703,0.0,-1,0.0,,
u_21704,0.0,-1,0.0,,
u_21705,0.0,-1,0.0,,
u_21706,0.0,-1,0.0,,
u_21707,0.0,-1,0.0,,
u_21708,0.0,-1,0.0,,
u_21709,0.0,-1,0.0,,
u_21710,0.0,-1,0.0,,
u_21711,0.0,-1,0.0,,
u_21712,0.04058055780761986,2448,0.0,0.787,0.0
u_21713,0.010629593769494254,1300,0.0,0.201,0.0
u_21714,0.0,-1,0.0,,
u_21715,0.0008494846533413576,2571,0.0,0.016,0.0
u_21716,0.043034914056465874,5413,0.0,0.787,0.0
u_21717,0.0,-1,0.0,,
u_21718,0.0,-1,0.0,,
u_21719,0.0,-1,0.0,,
u_21720,0.0,-1,0.0,,
u_21721,0.0,-1,0.0,,
u_21722,8.22791594086835e-05,112,0.0,0.001,0.0
u_21723,0.03988817126950685,1293,0.0,0.787,0.0
u_21724,0.0,-1,0.0,,
u_21725,0.043034914056465874,1406,0.0,0.787,0.0
u_21726,0.0,-1,0.0,,
u_21727,0.042130407716432006,5414,0.0,0.787,0.0
u_21728,0.043034914056465874,6149,0.0,0.787,0.0
u_21729,0.0,-1,0.0,,
u_21730,0.043034914056465874,4449,0.0,0.787,0.0
u_21731,0.043034914056465874,134,0.0,0.787,0.0
u_21732,0.0,-1,0.0,,
u_21733,0.08417531978986129,3090,0.0,0.787,0.0
u_21734,0.0,-1,0.0,,
u_21735,0.025240357933474934,4391,0.0,0.461,0.0
u_21736,0.0,-1,0.0,,
u_21737,0.0,-1,0.0,,
u_21738,0.0,-1,0.0,,
u_21739,0.043034914056465874,5415,0.0,0.787,0.0
u_21740,0.0,-1,0.0,,
u_21741,0.0,-1,0.0,,
u_21742,0.00025628950235133754,1130,0.0,0.005,0.0
u_21743,0.0012843139519226666,2441,0.0,0.012,0.0
u_21744,0.0,-1,0.0,,
u_21745,0.0,-1,0.0,,
u_21746,0.0,-1,0.0,,
u_21747,0.0,-1,0.0,,
u_21748,0.0,-1,0.0,,
u_21749,0.0,-1,0.0,,
u_21750,0.0408759977988825,1497,0.0,0.787,0.0
u_21751,0.0,-1,0.0,,
u_21752,0.0,-1,0.0,,
u_21753,0.03989173278260708,3324,0.0,0.787,0.0
u_21754,0.0,-1,0.0,,
u_21755,0.0,-1,0.0,,
u_21756,0.0,-1,0.0,,
u_21757,0.038242316076325965,12,0.0,0.748,0.0
u_21758,0.04204022548069855,472,0.0,0.787,0.0
u_21759,0.0,-1,0.0,,
u_21760,0.00020285090261970394,416,0.0,0.004,0.0
u_21761,0.0,-1,0.0,,
u_21762,0.0,-1,0.0,,
u_21763,0.0,-1,0.0,,
u_21764,0.0,-1,0.0,,
u_21765,0.0,-1,0.0,,
u_21766,0.0,-1,0.0,,
u_21767,0.0,-1,0.0,,
u_21768,0.0,-1,0.0,,
u_21769,0.043034914056465874,5162,0.0,0.787,0.0
u_21770,0.0,-1,0.0,,
u_21771,0.0,-1,0.0,,
u_21772,0.043034914056465874,5416,0.0,0.787,0.0
u_21773,0.04107149059721046,3136,0.0,0.787,0.0
u_21774,0.0,-1,0.0,,
u_21775,0.0,-1,0.0,,
u_21776,0.043034914056465874,6150,0.0,0.787,0.0
u_21777,0.0018214629183989745,3038,0.0,0.033,0.0
u_21778,0.043034914056465874,3163,0.0,0.787,0.0
u_21779,0.0,-1,0.0,,
u_21780,0.0,-1,0.0,,
u_21781,0.0,-1,0.0,,
u_21782,0.0,-1,0.0,,
u_21783,0.0,-1,0.0,,
u_21784,0.12390859264172836,104,0.0,0.787,0.0
u_21785,0.0,-1,0.0,,
u_21786,0.0,-1,0.0,,
u_21787,0.0,-1,0.0,,
u_21788,0.0,-1,0.0,,
u_21789,0.043034914056465874,5417,0.0,0.787,0.0
u_21790,0.0,-1,0.0,,
u_21791,0.0,-1,0.0,,
u_21792,0.0,-1,0.0,,
u_21793,0.0,-1,0.0,,
u_21794,0.0,-1,0.0,,
u_21795,0.0,-1,0.0,,
u_21796,0.0,-1,0.0,,
u_21797,0.00046119996424571574,2178,0.0,0.008,0.0
u_21798,0.0,-1,0.0,,
u_21799,0.0007123402575137488,459,0.0,0.013,0.0
u_21800,0.07963561594861915,238,0.0,0.787,0.0
u_21801,0.0,-1,0.0,,
u_21802,0.042130407716432006,4908,0.0,0.787,0.0
u_21803,0.0,-1,0.0,,
u_21804,0.0,-1,0.0,,
u_21805,0.0,-1,0.0,,
u_21806,0.043034914056465874,4133,0.0,0.787,0.0
u_21807,0.0,-1,0.0,,
u_21808,0.0,-1,0.0,,
u_21809,0.021708431275006705,1854,0.0,0.203,0.0
u_21810,0.0,-1,0.0,,
u_21811,0.0005920665328772532,174,0.0,0.006,0.0
u_21812,0.019286163765194243,4264,0.0,0.353,0.0
u_21813,0.0,-1,0.0,,
u_21814,0.0,-1,0.0,,
u_21815,9.998468494272585e-05,1020,0.0,0.002,0.0
u_21816,0.08236227392436658,800,0.0,0.787,0.0
u_21817,0.0,-1,0.0,,
u_21818,0.0003589073870268829,2003,0.0,0.007,0.0
u_21819,0.0,-1,0.0,,
u_21820,0.0,-1,0.0,,
u_21821,0.039890390475913265,3286,0.0,0.787,0.0
u_21822,0.0,-1,0.0,,
u_21823,0.0,-1,0.0,,
u_21824,0.0,-1,0.0,,
u_21825,0.043034914056465874,5418,0.0,0.787,0.0
u_21826,0.043034914056465874,1637,0.0,0.787,0.0
u_21827,0.0,-1,0.0,,
u_21828,0.0,-1,0.0,,
u_21829,0.0001740855743523815,22,0.0,0.002,0.0
u_21830,0.0007658319945837174,2536,0.0,0.015,0.0
u_21831,0.043034914056465874,5419,0.0,0.787,0.0
u_21832,0.0,-1,0.0,,
u_21833,0.0,-1,0.0,,
u_21834,0.0,-1,0.0,,
u_21835,0.003782955052718319,3500,0.0,0.074,0.0
u_21836,0.0,-1,0.0,,
u_21837,0.03988916709098942,3843,0.0,0.787,0.0
u_21838,0.021146665500782712,4301,0.0,0.375,0.0
u_21839,0.0,-1,0.0,,
u_21840,0.0,-1,0.0,,
u_21841,0.043034914056465874,5420,0.0,0.787,0.0
u_21842,0.0,-1,0.0,,
u_21843,0.043034914056465874,4212,0.0,0.787,0.0
u_21844,0.0,-1,0.0,,
u_21845,0.0,-1,0.0,,
u_21846,0.0,-1,0.0,,
u_21847,0.043034914056465874,2587,0.0,0.787,0.0
u_21848,0.07963105505586318,926,0.0,0.787,0.0
u_21849,0.04302999394087213,2339,0.0,0.787,0.0
u_21850,0.0,-1,0.0,,
u_21851,0.028082065554502957,4432,0.0,0.498,0.0
u_21852,0.0,-1,0.0,,
u_21853,0.0,-1,0.0,,
u_21854,0.043034914056465874,6151,0.0,0.787,0.0
u_21855,0.0009411625279965643,22,0.0,0.018,0.0
u_21856,0.0,-1,0.0,,
u_21857,0.0,-1,0.0,,
u_21858,0.0,-1,0.0,,
u_21859,0.0,-1,0.0,,
u_21860,0.04080007123825951,1534,0.0,0.787,0.0
u_21861,0.04098477356946046,455,0.0,0.787,0.0
u_21862,0.043034914056465874,6152,0.0,0.787,0.0
u_21863,0.0,-1,0.0,,
u_21864,0.0,-1,0.0,,
u_21865,0.023650123571866258,3082,0.0,0.428,0.0
u_21866,0.0,-1,0.0,,
u_21867,0.0,-1,0.0,,
u_21868,0.00309787200998107,1027,0.0,0.06,0.0
u_21869,0.03988788318441646,463,0.0,0.787,0.0
u_21870,0.0,-1,0.0,,
u_21871,0.00010865073885627896,1087,0.0,0.002,0.0
u_21872,0.043034914056465874,5421,0.0,0.787,0.0
u_21873,0.0,-1,0.0,,
u_21874,0.047393092161725964,4672,0.0,0.866,0.0
u_21875,0.0,-1,0.0,,
u_21876,0.0,-1,0.0,,
u_21877,0.0,-1,0.0,,
u_21878,0.0,-1,0.0,,
u_21879,0.043034914056465874,5187,0.0,0.787,0.0
u_21880,4.2522530117055474e-05,62,0.0,0.001,0.0
u_21881,0.0,-1,0.0,,
u_21882,0.0,-1,0.0,,
u_21883,0.0,-1,0.0,,
u_21884,0.0,-1,0.0,,
u_21885,0.043034914056465874,2563,0.0,0.787,0.0
u_21886,8.697488813624209e-05,879,0.0,0.002,0.0
u_21887,0.0,-1,0.0,,
u_21888,0.0,-1,0.0,,
u_21889,0.0,-1,0.0,,
u_21890,0.043034914056465874,6153,0.0,0.787,0.0
u_21891,0.00027954078856410117,736,0.0,0.003,0.0
u_21892,0.0,-1,0.0,,
u_21893,0.0,-1,0.0,,
u_21894,0.043034914056465874,1559,0.0,0.787,0.0
u_21895,0.03988754246180355,2981,0.0,0.787,0.0
u_21896,0.0,-1,0.0,,
u_21897,0.0,-1,0.0,,
u_21898,0.0,-1,0.0,,
u_21899,0.0,-1,0.0,,
u_21900,0.0,-1,0.0,,
u_21901,0.043034914056465874,2532,0.0,0.787,0.0
u_21902,0.043034914056465874,5169,0.0,0.787,0.0
u_21903,0.0,-1,0.0,,
u_21904,0.0,-1,0.0,,
u_21905,0.0,-1,0.0,,
u_21906,0.043034914056465874,6154,0.0,0.787,0.0
u_21907,0.0,-1,0.0,,
u_21908,0.0,-1,0.0,,
u_21909,0.0,-1,0.0,,
u_21910,0.0,-1,0.0,,
u_21911,0.0,-1,0.0,,
u_21912,0.0,-1,0.0,,
u_21913,0.041460455313645825,4542,0.0,0.787,0.0
u_21914,0.0,-1,0.0,,
u_21915,0.0,-1,0.0,,
u_21916,0.0,-1,0.0,,
u_21917,0.0,-1,0.0,,
u_21918,0.0,-1,0.0,,
u_21919,0.0004851907375442818,274,0.0,0.009,0.0
u_21920,0.008455341288511595,3893,0.0,0.155,0.0
u_21921,0.0,-1,0.0,,
u_21922,0.0,-1,0.0,,
u_21923,0.0,-1,0.0,,
u_21924,0.0,-1,0.0,,
u_21925,0.042130407716432006,5422,0.0,0.787,0.0
u_21926,0.08236839991319105,4578,0.0,0.787,0.0
u_21927,0.0,-1,0.0,,
u_21928,0.0,-1,0.0,,
u_21929,6.27995184700542e-05,193,0.0,0.001,0.0
u_21930,0.0,-1,0.0,,
u_21931,0.0,-1,0.0,,
u_21932,0.00021727425768977942,1100,0.0,0.002,0.0
u_21933,0.0,-1,0.0,,
u_21934,0.0,-1,0.0,,
u_21935,0.0,-1,0.0,,
u_21936,0.001368118731021059,2931,0.0,0.027,0.0
u_21937,0.043034914056465874,5423,0.0,0.787,0.0
u_21938,0.0,-1,0.0,,
u_21939,5.957850120960702e-05,466,0.0,0.001,0.0
u_21940,0.007800706514557999,3850,0.0,0.143,0.0
u_21941,0.0,-1,0.0,,
u_21942,0.0,-1,0.0,,
u_21943,0.07963160691432349,254,0.0,0.787,0.0
u_21944,0.04181166459534205,2953,0.0,0.787,0.0
u_21945,0.0,-1,0.0,,
u_21946,5.4622269447986045e-05,387,0.0,0.001,0.0
u_21947,0.0,-1,0.0,,
u_21948,0.043034914056465874,4653,0.0,0.787,0.0
u_21949,0.043034914056465874,5424,0.0,0.787,0.0
u_21950,0.007333328161233201,3812,0.0,0.134,0.0
u_21951,0.0,-1,0.0,,
u_21952,0.03988798822566749,1122,0.0,0.787,0.0
u_21953,0.0,-1,0.0,,
u_21954,0.08236630710979355,6155,0.0,0.787,0.0
u_21955,0.0004292465400441365,1624,0.0,0.004,0.0
u_21956,0.0,-1,0.0,,
u_21957,0.0,-1,0.0,,
u_21958,0.0,-1,0.0,,
u_21959,0.043034914056465874,6156,0.0,0.787,0.0
u_21960,0.0,-1,0.0,,
u_21961,0.0,-1,0.0,,
u_21962,0.00021697029621165658,1099,0.0,0.002,0.0
u_21963,0.0,-1,0.0,,
u_21964,0.0,-1,0.0,,
u_21965,0.009232232793914875,3584,0.0,0.086,0.0
u_21966,0.0,-1,0.0,,
u_21967,0.0,-1,0.0,,
u_21968,0.0,-1,0.0,,
u_21969,0.0,-1,0.0,,
u_21970,0.0,-1,0.0,,
u_21971,0.0,-1,0.0,,
u_21972,0.0014238288723766028,278,0.0,0.028,0.0
u_21973,0.0,-1,0.0,,
u_21974,0.004768181883467442,3594,0.0,0.087,0.0
u_21975,0.0,-1,0.0,,
u_21976,0.0,-1,0.0,,
u_21977,0.00018064320417950653,646,0.0,0.002,0.0
u_21978,0.005759594401144322,3684,0.0,0.105,0.0
u_21979,0.0021680400291630153,942,0.0,0.041,0.0
u_21980,0.0,-1,0.0,,
u_21981,0.0,-1,0.0,,
u_21982,0.0027560505602494912,725,0.0,0.048,0.0
u_21983,0.0,-1,0.0,,
u_21984,0.0,-1,0.0,,
u_21985,0.0,-1,0.0,,
u_21986,0.0,-1,0.0,,
u_21987,0.043034914056465874,1953,0.0,0.787,0.0
u_21988,0.0,-1,0.0,,
u_21989,0.001469882406629394,2487,0.0,0.014,0.0
u_21990,0.0,-1,0.0,,
u_21991,0.0,-1,0.0,,
u_21992,0.043034914056465874,6157,0.0,0.787,0.0
u_21993,4.4120992102422693e-05,115,0.0,0.001,0.0
u_21994,0.0,-1,0.0,,
u_21995,0.004767637637357274,3593,0.0,0.087,0.0
u_21996,0.0,-1,0.0,,
u_21997,0.036743505668295505,173,0.0,0.703,0.0
u_21998,0.0,-1,0.0,,
u_21999,0.04135373791343474,1626,0.0,0.787,0.0
u_22000,0.043034914056465874,4533,0.0,0.787,0.0
u_22001,0.0,-1,0.0,,
u_22002,0.039897037909218586,1960,0.0,0.787,0.0
u_22003,0.00019597368021799825,1554,0.0,0.004,0.0
u_22004,0.08417531978986129,1569,0.0,0.787,0.0
u_22005,0.0,-1,0.0,,
u_22006,0.040677544444291724,3692,0.0,0.787,0.0
u_22007,0.043034914056465874,4797,0.0,0.787,0.0
u_22008,0.03988818291101321,3616,0.0,0.787,0.0
u_22009,0.0,-1,0.0,,
u_22010,0.002882512772681426,3299,0.0,0.053,0.0
u_22011,0.0,-1,0.0,,
u_22012,0.0007015891372001555,1836,0.0,0.013,0.0
u_22013,0.08302946689741796,131,0.0,0.787,0.0
u_22014,0.0,-1,0.0,,
u_22015,0.0,-1,0.0,,
u_22016,0.0,-1,0.0,,
u_22017,0.08085310776390112,53,0.0,0.787,0.0
u_22018,0.043034914056465874,3675,0.0,0.787,0.0
u_22019,0.0,-1,0.0,,
u_22020,0.043034914056465874,1258,0.0,0.787,0.0
u_22021,0.0,-1,0.0,,
u_22022,0.043034914056465874,1421,0.0,0.787,0.0
u_22023,0.005793729423155221,1288,0.0,0.054,0.0
u_22024,4.502914898270433e-05,134,0.0,0.001,0.0
u_22025,0.0004077500805203066,391,0.0,0.008,0.0
u_22026,0.0,-1,0.0,,
u_22027,7.960887611391801e-05,483,0.0,0.001,0.0
u_22028,0.0,-1,0.0,,
u_22029,0.0,-1,0.0,,
u_22030,0.0,-1,0.0,,
u_22031,0.044372458724738786,3766,0.0,0.787,0.0
u_22032,0.0,-1,0.0,,
u_22033,0.08417531978986129,3044,0.0,0.787,0.0
u_22034,0.0,-1,0.0,,
u_22035,0.0,-1,0.0,,
u_22036,0.0,-1,0.0,,
u_22037,0.0,-1,0.0,,
u_22038,0.00034603355654546595,1997,0.0,0.006,0.0
u_22039,0.04304340328842191,253,0.0,0.787,0.0
u_22040,0.0,-1,0.0,,
u_22041,0.008954117343302242,112,0.0,0.168,0.0
u_22042,0.0518755811387573,629,0.0,0.342,0.0
u_22043,0.0,-1,0.0,,
u_22044,0.0,-1,0.0,,
u_22045,0.043034914056465874,5425,0.0,0.787,0.0
u_22046,0.0,-1,0.0,,
u_22047,0.0,-1,0.0,,
u_22048,0.024737555889152094,927,0.0,0.474,0.0
u_22049,0.0,-1,0.0,,
u_22050,0.0,-1,0.0,,
u_22051,0.0,-1,0.0,,
u_22052,0.0,-1,0.0,,
u_22053,0.043034914056465874,5426,0.0,0.787,0.0
u_22054,0.043034914056465874,5427,0.0,0.787,0.0
u_22055,0.0,-1,0.0,,
u_22056,0.08417531978986129,4842,0.0,0.787,0.0
u_22057,0.0,-1,0.0,,
u_22058,0.08417531978986129,1264,0.0,0.787,0.0
u_22059,0.0430310733164951,1439,0.0,0.787,0.0
u_22060,0.043034914056465874,183,0.0,0.787,0.0
u_22061,9.275055023403221e-05,192,0.0,0.001,0.0
u_22062,0.0,-1,0.0,,
u_22063,0.0,-1,0.0,,
u_22064,0.043034914056465874,5428,0.0,0.787,0.0
u_22065,0.0,-1,0.0,,
u_22066,0.00025957107076749733,1720,0.0,0.005,0.0
u_22067,0.0,-1,0.0,,
u_22068,0.0,-1,0.0,,
u_22069,0.042560064626352985,2518,0.0,0.787,0.0
u_22070,0.0,-1,0.0,,
u_22071,0.03186133139242919,49,0.0,0.309,0.0
u_22072,0.04166332892267546,1919,0.0,0.787,0.0
u_22073,0.0,-1,0.0,,
u_22074,0.0,-1,0.0,,
u_22075,0.0,-1,0.0,,
u_22076,0.0,-1,0.0,,
u_22077,0.043034914056465874,5429,0.0,0.787,0.0
u_22078,0.0,-1,0.0,,
u_22079,7.544926683749385e-05,743,0.0,0.001,0.0
u_22080,0.0,-1,0.0,,
u_22081,0.0,-1,0.0,,
u_22082,0.0,-1,0.0,,
u_22083,0.0,-1,0.0,,
u_22084,0.0,-1,0.0,,
u_22085,0.0011522840321689784,1418,0.0,0.021,0.0
u_22086,0.00014877028704120144,1344,0.0,0.003,0.0
u_22087,0.0,-1,0.0,,
u_22088,0.0,-1,0.0,,
u_22089,0.0,-1,0.0,,
u_22090,0.043317152383204265,4028,0.0,0.787,0.0
u_22091,0.0,-1,0.0,,
u_22092,0.0,-1,0.0,,
u_22093,0.0,-1,0.0,,
u_22094,0.04437348951088598,1986,0.0,0.787,0.0
u_22095,0.0,-1,0.0,,
u_22096,0.0434009248835607,983,0.0,0.787,0.0
u_22097,0.013661816530077375,592,0.0,0.13,0.0
u_22098,0.0443727614450624,1302,0.0,0.787,0.0
u_22099,6.272679419872817e-05,582,0.0,0.001,0.0
u_22100,0.0,-1,0.0,,
u_22101,0.03988879120074027,4376,0.0,0.787,0.0
u_22102,0.043034914056465874,1020,0.0,0.787,0.0
u_22103,0.0,-1,0.0,,
u_22104,0.0,-1,0.0,,
u_22105,0.043034914056465874,4139,0.0,0.787,0.0
u_22106,0.0,-1,0.0,,
u_22107,0.04376506806947023,1959,0.0,0.787,0.0
u_22108,0.03989408446073716,707,0.0,0.787,0.0
u_22109,0.04620744710430023,161,0.0,0.893,0.0
u_22110,0.0,-1,0.0,,
u_22111,0.0,-1,0.0,,
u_22112,0.039887987026295604,2893,0.0,0.787,0.0
u_22113,0.0,-1,0.0,,
u_22114,0.031041541742603523,222,0.0,0.593,0.0
u_22115,0.005319173940970673,3651,0.0,0.097,0.0
u_22116,0.043034914056465874,3008,0.0,0.787,0.0
u_22117,0.0,-1,0.0,,
u_22118,0.04548096686614156,860,0.0,0.787,0.0
u_22119,0.0005449005991864588,2287,0.0,0.01,0.0
u_22120,0.0,-1,0.0,,
u_22121,0.00012498214649408852,1190,0.0,0.002,0.0
u_22122,0.0,-1,0.0,,
u_22123,0.0,-1,0.0,,
u_22124,0.03988930210263761,4733,0.0,0.787,0.0
u_22125,0.0,-1,0.0,,
u_22126,0.0,-1,0.0,,
u_22127,0.0,-1,0.0,,
u_22128,0.04783121417346764,748,0.0,0.447,0.0
u_22129,0.0,-1,0.0,,
u_22130,0.04420538337484785,3261,0.0,0.787,0.0
u_22131,0.04338179606584882,274,0.0,0.787,0.0
u_22132,0.043034914056465874,6020,0.0,0.787,0.0
u_22133,0.0,-1,0.0,,
u_22134,0.0,-1,0.0,,
u_22135,0.08050216872570756,1120,0.0,0.787,0.0
u_22136,0.0,-1,0.0,,
u_22137,0.0,-1,0.0,,
u_22138,0.0,-1,0.0,,
u_22139,0.043034914056465874,6158,0.0,0.787,0.0
u_22140,0.0,-1,0.0,,
u_22141,0.0,-1,0.0,,
u_22142,0.08236888579158633,3788,0.0,0.787,0.0
u_22143,0.0,-1,0.0,,
u_22144,0.0,-1,0.0,,
u_22145,0.0,-1,0.0,,
u_22146,0.0,-1,0.0,,
u_22147,0.043034914056465874,3732,0.0,0.787,0.0
u_22148,0.043034914056465874,6159,0.0,0.787,0.0
u_22149,0.043034914056465874,6160,0.0,0.787,0.0
u_22150,0.043034914056465874,527,0.0,0.787,0.0
u_22151,0.0011277268451104915,2758,0.0,0.021,0.0
u_22152,0.0,-1,0.0,,
u_22153,0.0,-1,0.0,,
u_22154,0.03988762951500048,2444,0.0,0.787,0.0
u_22155,0.04314037197537276,4635,0.0,0.789,0.0
u_22156,0.0,-1,0.0,,
u_22157,0.04334704717729596,2442,0.0,0.787,0.0
u_22158,0.0,-1,0.0,,
u_22159,0.008164659278101335,332,0.0,0.157,0.0
u_22160,0.0,-1,0.0,,
u_22161,0.0002615994704751993,547,0.0,0.005,0.0
u_22162,0.026196660109010256,3500,0.0,0.51,0.0
u_22163,0.0006430664339829663,1906,0.0,0.006,0.0
u_22164,0.0,-1,0.0,,
u_22165,0.03988739638279589,332,0.0,0.787,0.0
u_22166,0.0,-1,0.0,,
u_22167,0.0,-1,0.0,,
u_22168,0.0,-1,0.0,,
u_22169,0.0,-1,0.0,,
u_22170,0.08299889148568294,982,0.0,0.787,0.0
u_22171,0.04076855960086976,416,0.0,0.787,0.0
u_22172,0.0,-1,0.0,,
u_22173,0.00786701161585868,887,0.0,0.076,0.0
u_22174,0.0,-1,0.0,,
u_22175,0.08440665902014555,155,0.0,0.787,0.0
u_22176,0.0035293582930098107,756,0.0,0.033,0.0
u_22177,0.0,-1,0.0,,
u_22178,0.0,-1,0.0,,
u_22179,0.00013165013129566802,1236,0.0,0.002,0.0
u_22180,0.0,-1,0.0,,
u_22181,0.0,-1,0.0,,
u_22182,0.005463210771033693,922,0.0,0.05,0.0
u_22183,0.0,-1,0.0,,
u_22184,0.0,-1,0.0,,
u_22185,0.0,-1,0.0,,
u_22186,0.0,-1,0.0,,
u_22187,0.0,-1,0.0,,
u_22188,0.0,-1,0.0,,
u_22189,0.08237044335882854,1672,0.0,0.787,0.0
u_22190,0.0,-1,0.0,,
u_22191,0.043034914056465874,4732,0.0,0.787,0.0
u_22192,0.0,-1,0.0,,
u_22193,0.043034914056465874,5430,0.0,0.787,0.0
u_22194,0.0,-1,0.0,,
u_22195,0.0,-1,0.0,,
u_22196,0.0,-1,0.0,,
u_22197,0.0,-1,0.0,,
u_22198,0.0,-1,0.0,,
u_22199,0.0,-1,0.0,,
u_22200,0.0,-1,0.0,,
u_22201,0.041114838653002396,162,0.0,0.787,0.0
u_22202,0.0,-1,0.0,,
u_22203,8.47167745806593e-05,850,0.0,0.002,0.0
u_22204,0.043034914056465874,6161,0.0,0.787,0.0
u_22205,0.04286561214359809,334,0.0,0.787,0.0
u_22206,0.0,-1,0.0,,
u_22207,0.0,-1,0.0,,
u_22208,0.043034914056465874,5431,0.0,0.787,0.0
u_22209,0.0,-1,0.0,,
u_22210,0.043034914056465874,4972,0.0,0.787,0.0
u_22211,0.0,-1,0.0,,
u_22212,0.08417531978986129,69,0.0,0.787,0.0
u_22213,0.0,-1,0.0,,
u_22214,0.0,-1,0.0,,
u_22215,0.0,-1,0.0,,
u_22216,0.0,-1,0.0,,
u_22217,0.0,-1,0.0,,
u_22218,0.0,-1,0.0,,
u_22219,0.041638182983262086,3649,0.0,0.787,0.0
u_22220,0.0,-1,0.0,,
u_22221,0.0,-1,0.0,,
u_22222,0.012353932928833128,4080,0.0,0.226,0.0
u_22223,0.0,-1,0.0,,
u_22224,0.0,-1,0.0,,
u_22225,0.0,-1,0.0,,
u_22226,3.868009003879011e-05,17,0.0,0.001,0.0
u_22227,0.0,-1,0.0,,
u_22228,0.0,-1,0.0,,
u_22229,0.0,-1,0.0,,
u_22230,0.1002807469512171,3616,0.0,0.47,0.0
u_22231,4.4334133427863755e-05,124,0.0,0.001,0.0
u_22232,0.0,-1,0.0,,
u_22233,0.0,-1,0.0,,
u_22234,6.513992919618712e-05,574,0.0,0.001,0.0
u_22235,0.03988870229051492,168,0.0,0.787,0.0
u_22236,0.0,-1,0.0,,
u_22237,0.006058744179027964,3205,0.0,0.116,0.0
u_22238,0.0,-1,0.0,,
u_22239,0.0,-1,0.0,,
u_22240,0.043034914056465874,532,0.0,0.787,0.0
u_22241,0.0,-1,0.0,,
u_22242,0.00025230918292422594,1229,0.0,0.002,0.0
u_22243,0.0,-1,0.0,,
u_22244,0.0,-1,0.0,,
u_22245,0.04300261366694644,2739,0.0,0.787,0.0
u_22246,0.0,-1,0.0,,
u_22247,0.0,-1,0.0,,
u_22248,0.0,-1,0.0,,
u_22249,0.0,-1,0.0,,
u_22250,0.0,-1,0.0,,
u_22251,0.0,-1,0.0,,
u_22252,0.0,-1,0.0,,
u_22253,0.01085378040410128,1128,0.0,0.105,0.0
u_22254,0.0,-1,0.0,,
u_22255,0.0,-1,0.0,,
u_22256,0.0,-1,0.0,,
u_22257,0.0,-1,0.0,,
u_22258,0.0,-1,0.0,,
u_22259,0.0,-1,0.0,,
u_22260,0.04089641094145344,4615,0.0,0.748,0.0
u_22261,0.0,-1,0.0,,
u_22262,0.0,-1,0.0,,
u_22263,0.03988773572776876,118,0.0,0.787,0.0
u_22264,0.04370425900708401,2378,0.0,0.787,0.0
u_22265,0.0,-1,0.0,,
u_22266,0.043034914056465874,6162,0.0,0.787,0.0
u_22267,0.0,-1,0.0,,
u_22268,0.0,-1,0.0,,
u_22269,0.0,-1,0.0,,
u_22270,0.000484256940000945,2190,0.0,0.009,0.0
u_22271,0.043034914056465874,495,0.0,0.787,0.0
u_22272,0.0,-1,0.0,,
u_22273,0.04483037868539453,168,0.0,0.787,0.0
u_22274,0.00016797691740557405,1486,0.0,0.003,0.0
u_22275,0.0,-1,0.0,,
u_22276,0.0,-1,0.0,,
u_22277,0.0,-1,0.0,,
u_22278,0.0,-1,0.0,,
u_22279,0.0,-1,0.0,,
u_22280,0.04291002653043855,373,0.0,0.787,0.0
u_22281,0.0,-1,0.0,,
u_22282,0.044371996482961265,3059,0.0,0.787,0.0
u_22283,0.0,-1,0.0,,
u_22284,0.0024123965982593494,140,0.0,0.047,0.0
u_22285,0.0,-1,0.0,,
u_22286,0.0,-1,0.0,,
u_22287,0.08069846485677162,277,0.0,0.787,0.0
u_22288,0.03990918064629988,3648,0.0,0.787,0.0
u_22289,0.043034914056465874,3037,0.0,0.787,0.0
u_22290,0.0,-1,0.0,,
u_22291,0.0,-1,0.0,,
u_22292,0.0,-1,0.0,,
u_22293,0.043034914056465874,6163,0.0,0.787,0.0
u_22294,0.0,-1,0.0,,
u_22295,0.0,-1,0.0,,
u_22296,0.0,-1,0.0,,
u_22297,0.0,-1,0.0,,
u_22298,0.014781501756623362,4145,0.0,0.27,0.0
u_22299,0.0,-1,0.0,,
u_22300,0.0,-1,0.0,,
u_22301,0.0,-1,0.0,,
u_22302,0.0,-1,0.0,,
u_22303,0.00454168952743822,3564,0.0,0.083,0.0
u_22304,0.0,-1,0.0,,
u_22305,0.0,-1,0.0,,
u_22306,0.043034914056465874,1007,0.0,0.787,0.0
u_22307,0.0,-1,0.0,,
u_22308,0.043034914056465874,434,0.0,0.787,0.0
u_22309,0.0,-1,0.0,,
u_22310,0.0,-1,0.0,,
u_22311,0.0019412800235985121,1003,0.0,0.019,0.0
u_22312,0.0,-1,0.0,,
u_22313,0.0,-1,0.0,,
u_22314,0.0,-1,0.0,,
u_22315,0.0,-1,0.0,,
u_22316,0.00017033710613397764,104,0.0,0.001,0.0
u_22317,0.0,-1,0.0,,
u_22318,0.0,-1,0.0,,
u_22319,0.043034914056465874,5073,0.0,0.787,0.0
u_22320,0.043034914056465874,5868,0.0,0.787,0.0
u_22321,0.0,-1,0.0,,
u_22322,0.0016631718648602754,3002,0.0,0.03,0.0
u_22323,0.0,-1,0.0,,
u_22324,0.043034914056465874,4859,0.0,0.787,0.0
u_22325,0.0,-1,0.0,,
u_22326,0.0,-1,0.0,,
u_22327,0.0,-1,0.0,,
u_22328,0.0,-1,0.0,,
u_22329,0.029449261395063018,4478,0.0,0.538,0.0
u_22330,0.0,-1,0.0,,
u_22331,0.0,-1,0.0,,
u_22332,0.0,-1,0.0,,
u_22333,0.0,-1,0.0,,
u_22334,0.0,-1,0.0,,
u_22335,0.042809823966758066,633,0.0,0.787,0.0
u_22336,0.00022085900700503005,218,0.0,0.004,0.0
u_22337,0.0,-1,0.0,,
u_22338,8.59222852330681e-05,904,0.0,0.002,0.0
u_22339,0.08417531978986129,2372,0.0,0.787,0.0
u_22340,0.001168395497830143,2780,0.0,0.021,0.0
u_22341,0.0,-1,0.0,,
u_22342,0.05192763235658331,3029,0.0,0.97,0.0
u_22343,0.0,-1,0.0,,
u_22344,0.0,-1,0.0,,
u_22345,0.043034914056465874,6164,0.0,0.787,0.0
u_22346,0.0,-1,0.0,,
u_22347,0.00022105328703514627,266,0.0,0.004,0.0
u_22348,0.043034914056465874,3188,0.0,0.787,0.0
u_22349,0.0,-1,0.0,,
u_22350,0.08417531978986129,1248,0.0,0.787,0.0
u_22351,0.0,-1,0.0,,
u_22352,0.0,-1,0.0,,
u_22353,0.0,-1,0.0,,
u_22354,0.010816008438387491,789,0.0,0.069,0.0
u_22355,0.0,-1,0.0,,
u_22356,0.043034914056465874,2289,0.0,0.787,0.0
u_22357,0.00020302200431879884,49,0.0,0.002,0.0
u_22358,0.0,-1,0.0,,
u_22359,0.0,-1,0.0,,
u_22360,0.0,-1,0.0,,
u_22361,0.043034914056465874,6165,0.0,0.787,0.0
u_22362,0.0,-1,0.0,,
u_22363,0.0,-1,0.0,,
u_22364,0.0,-1,0.0,,
u_22365,0.0,-1,0.0,,
u_22366,0.0,-1,0.0,,
u_22367,0.0,-1,0.0,,
u_22368,0.0002087124409230165,1074,0.0,0.002,0.0
u_22369,0.0,-1,0.0,,
u_22370,0.043034914056465874,5202,0.0,0.787,0.0
u_22371,0.00016019445839117672,839,0.0,0.002,0.0
u_22372,0.043034914056465874,5432,0.0,0.787,0.0
u_22373,0.0,-1,0.0,,
u_22374,0.04547564102080006,2388,0.0,0.787,0.0
u_22375,0.03988790358578828,222,0.0,0.787,0.0
u_22376,0.0,-1,0.0,,
u_22377,0.0,-1,0.0,,
u_22378,0.0006542220436634736,2412,0.0,0.012,0.0
u_22379,0.043034914056465874,5239,0.0,0.787,0.0
u_22380,0.043034914056465874,6166,0.0,0.787,0.0
u_22381,4.991465824160836e-05,263,0.0,0.001,0.0
u_22382,0.0,-1,0.0,,
u_22383,0.043034914056465874,4005,0.0,0.787,0.0
u_22384,0.03988868666637767,4176,0.0,0.787,0.0
u_22385,0.0,-1,0.0,,
u_22386,0.0,-1,0.0,,
u_22387,0.0,-1,0.0,,
u_22388,0.0,-1,0.0,,
u_22389,0.08240793076703724,1315,0.0,0.787,0.0
u_22390,0.043034914056465874,6167,0.0,0.787,0.0
u_22391,0.0,-1,0.0,,
u_22392,0.0,-1,0.0,,
u_22393,0.08128444283544385,1277,0.0,0.787,0.0
u_22394,0.043034914056465874,6168,0.0,0.787,0.0
u_22395,0.0,-1,0.0,,
u_22396,0.0,-1,0.0,,
u_22397,0.013197411635109147,1058,0.0,0.241,0.0
u_22398,0.0008773212267594464,2595,0.0,0.016,0.0
u_22399,0.0837886176183277,427,0.0,0.787,0.0
u_22400,0.0,-1,0.0,,
u_22401,8.687631839356841e-05,876,0.0,0.002,0.0
u_22402,0.0,-1,0.0,,
u_22403,0.0,-1,0.0,,
u_22404,0.0,-1,0.0,,
u_22405,0.0,-1,0.0,,
u_22406,0.0,-1,0.0,,
u_22407,0.0,-1,0.0,,
u_22408,0.043034914056465874,2457,0.0,0.787,0.0
u_22409,0.0,-1,0.0,,
u_22410,0.0,-1,0.0,,
u_22411,0.0,-1,0.0,,
u_22412,0.0,-1,0.0,,
u_22413,0.0,-1,0.0,,
u_22414,0.0,-1,0.0,,
u_22415,0.0,-1,0.0,,
u_22416,0.0,-1,0.0,,
u_22417,0.0,-1,0.0,,
u_22418,0.06683457479600499,419,0.0,0.66,0.0
u_22419,0.0,-1,0.0,,
u_22420,0.0,-1,0.0,,
u_22421,0.0,-1,0.0,,
u_22422,0.0,-1,0.0,,
u_22423,0.0,-1,0.0,,
u_22424,0.0,-1,0.0,,
u_22425,0.043034914056465874,3960,0.0,0.787,0.0
u_22426,0.043034914056465874,5433,0.0,0.787,0.0
u_22427,0.0,-1,0.0,,
u_22428,0.0,-1,0.0,,
u_22429,0.030261761870827374,1097,0.0,0.29,0.0
u_22430,0.0,-1,0.0,,
u_22431,0.02258593256490015,4343,0.0,0.413,0.0
u_22432,0.0,-1,0.0,,
u_22433,0.0,-1,0.0,,
u_22434,0.0,-1,0.0,,
u_22435,0.039887960796622136,266,0.0,0.787,0.0
u_22436,0.0,-1,0.0,,
u_22437,0.0,-1,0.0,,
u_22438,0.0,-1,0.0,,
u_22439,0.0,-1,0.0,,
u_22440,0.0,-1,0.0,,
u_22441,0.003604318275453924,1585,0.0,0.068,0.0
u_22442,0.0,-1,0.0,,
u_22443,0.0,-1,0.0,,
u_22444,0.0,-1,0.0,,
u_22445,0.0,-1,0.0,,
u_22446,0.01896127658988988,765,0.0,0.185,0.0
u_22447,0.0,-1,0.0,,
u_22448,0.0,-1,0.0,,
u_22449,0.08548671283333227,3560,0.0,0.787,0.0
u_22450,0.0,-1,0.0,,
u_22451,0.04254919996379175,2754,0.0,0.787,0.0
u_22452,0.0,-1,0.0,,
u_22453,0.0,-1,0.0,,
u_22454,0.00039693836886996935,2057,0.0,0.007,0.0
u_22455,0.0,-1,0.0,,
u_22456,0.00028039881956180965,1813,0.0,0.005,0.0
u_22457,0.04303707361295184,3429,0.0,0.787,0.0
u_22458,0.0,-1,0.0,,
u_22459,0.022029125017596504,2883,0.0,0.395,0.0
u_22460,0.0,-1,0.0,,
u_22461,0.043034914056465874,5434,0.0,0.787,0.0
u_22462,0.0,-1,0.0,,
u_22463,0.0,-1,0.0,,
u_22464,0.08030165640136135,305,0.0,0.787,0.0
u_22465,0.0,-1,0.0,,
u_22466,0.0,-1,0.0,,
u_22467,0.0,-1,0.0,,
u_22468,0.043034914056465874,6169,0.0,0.787,0.0
u_22469,0.0,-1,0.0,,
u_22470,0.0,-1,0.0,,
u_22471,0.04118019758229183,778,0.0,0.787,0.0
u_22472,0.0,-1,0.0,,
u_22473,0.0,-1,0.0,,
u_22474,0.0,-1,0.0,,
u_22475,0.0,-1,0.0,,
u_22476,0.03988750764433603,61,0.0,0.787,0.0
u_22477,0.0,-1,0.0,,
u_22478,0.0,-1,0.0,,
u_22479,0.0038413365996825197,416,0.0,0.073,0.0
u_22480,0.006966331706595437,3781,0.0,0.125,0.0
u_22481,0.0013621900838556428,2911,0.0,0.026,0.0
u_22482,0.0,-1,0.0,,
u_22483,0.0,-1,0.0,,
u_22484,0.0,-1,0.0,,
u_22485,0.043034914056465874,6021,0.0,0.787,0.0
u_22486,0.0,-1,0.0,,
u_22487,0.03988916713249654,3544,0.0,0.787,0.0
u_22488,0.043034914056465874,6170,0.0,0.787,0.0
u_22489,0.0,-1,0.0,,
u_22490,0.0,-1,0.0,,
u_22491,0.0,-1,0.0,,
u_22492,0.0,-1,0.0,,
u_22493,0.0,-1,0.0,,
u_22494,0.0,-1,0.0,,
u_22495,0.043034914056465874,4235,0.0,0.787,0.0
u_22496,0.0,-1,0.0,,
u_22497,0.08388246402068256,1829,0.0,0.787,0.0
u_22498,0.0,-1,0.0,,
u_22499,0.04364522367112042,2981,0.0,0.787,0.0
u_22500,0.08417531978986129,1297,0.0,0.787,0.0
u_22501,0.0,-1,0.0,,
u_22502,0.039889312180375336,4650,0.0,0.787,0.0
u_22503,0.043034914056465874,5435,0.0,0.787,0.0
u_22504,0.015533283775555035,4172,0.0,0.284,0.0
u_22505,0.036744080536939526,1972,0.0,0.721,0.0
u_22506,0.08417531978986129,2305,0.0,0.787,0.0
u_22507,0.0,-1,0.0,,
u_22508,0.005594853297184281,3669,0.0,0.102,0.0
u_22509,0.0,-1,0.0,,
u_22510,0.0,-1,0.0,,
u_22511,0.02613450788548951,2915,0.0,0.492,0.0
u_22512,0.03014916029595386,358,0.0,0.289,0.0
u_22513,0.0033328841074965303,266,0.0,0.064,0.0
u_22514,0.0,-1,0.0,,
u_22515,0.0,-1,0.0,,
u_22516,0.0,-1,0.0,,
u_22517,0.0,-1,0.0,,
u_22518,0.043034914056465874,5436,0.0,0.787,0.0
u_22519,0.0,-1,0.0,,
u_22520,0.0,-1,0.0,,
u_22521,0.043034914056465874,5437,0.0,0.787,0.0
u_22522,0.07963084018403155,3320,0.0,0.787,0.0
u_22523,0.0,-1,0.0,,
u_22524,0.0,-1,0.0,,
u_22525,0.04163928224796949,37,0.0,0.787,0.0
u_22526,0.0,-1,0.0,,
u_22527,0.0,-1,0.0,,
u_22528,0.0,-1,0.0,,
u_22529,0.005436184902350794,3659,0.0,0.099,0.0
u_22530,0.0,-1,0.0,,
u_22531,0.0,-1,0.0,,
u_22532,0.08019957251716892,2513,0.0,0.787,0.0
u_22533,0.0,-1,0.0,,
u_22534,0.0,-1,0.0,,
u_22535,0.0,-1,0.0,,
u_22536,0.0012983779702245434,2429,0.0,0.012,0.0
u_22537,0.0,-1,0.0,,
u_22538,0.0,-1,0.0,,
u_22539,0.0,-1,0.0,,
u_22540,0.0,-1,0.0,,
u_22541,0.03988738136277671,2844,0.0,0.787,0.0
u_22542,0.0398886703665446,21,0.0,0.787,0.0
u_22543,0.0,-1,0.0,,
u_22544,0.0,-1,0.0,,
u_22545,0.0,-1,0.0,,
u_22546,0.0,-1,0.0,,
u_22547,0.0,-1,0.0,,
u_22548,0.0,-1,0.0,,
u_22549,0.0,-1,0.0,,
u_22550,0.0,-1,0.0,,
u_22551,0.04240369687074622,87,0.0,0.787,0.0
u_22552,0.0,-1,0.0,,
u_22553,0.0,-1,0.0,,
u_22554,0.0,-1,0.0,,
u_22555,0.0,-1,0.0,,
u_22556,0.0030130976365353814,370,0.0,0.051,0.0
u_22557,0.030021906056997276,451,0.0,0.585,0.0
u_22558,0.0,-1,0.0,,
u_22559,0.04051532746002412,222,0.0,0.787,0.0
u_22560,0.0002733986746703498,286,0.0,0.003,0.0
u_22561,0.0,-1,0.0,,
u_22562,0.0,-1,0.0,,
u_22563,0.0,-1,0.0,,
u_22564,0.0398875377209617,1505,0.0,0.787,0.0
u_22565,0.0,-1,0.0,,
u_22566,0.0,-1,0.0,,
u_22567,0.0,-1,0.0,,
u_22568,0.0,-1,0.0,,
u_22569,0.0,-1,0.0,,
u_22570,0.0,-1,0.0,,
u_22571,0.043034914056465874,5438,0.0,0.787,0.0
u_22572,0.043034914056465874,2615,0.0,0.787,0.0
u_22573,0.042130407716432006,5422,0.0,0.787,0.0
u_22574,0.0,-1,0.0,,
u_22575,0.0,-1,0.0,,
u_22576,0.0,-1,0.0,,
u_22577,0.0,-1,0.0,,
u_22578,0.039888565346781944,1369,0.0,0.787,0.0
u_22579,0.043034914056465874,6171,0.0,0.787,0.0
u_22580,0.00015182608503586537,644,0.0,0.003,0.0
u_22581,0.0,-1,0.0,,
u_22582,0.0,-1,0.0,,
u_22583,0.04149037466929432,222,0.0,0.787,0.0
u_22584,0.00026777465550576135,332,0.0,0.005,0.0
u_22585,0.0,-1,0.0,,
u_22586,0.039888055079718696,1673,0.0,0.787,0.0
u_22587,0.039894074591749124,3268,0.0,0.787,0.0
u_22588,0.0,-1,0.0,,
u_22589,0.043034914056465874,5439,0.0,0.787,0.0
u_22590,0.008638228909027035,3907,0.0,0.158,0.0
u_22591,0.043034914056465874,6153,0.0,0.787,0.0
u_22592,0.0,-1,0.0,,
u_22593,0.008291239518804174,3882,0.0,0.152,0.0
u_22594,0.043034914056465874,5366,0.0,0.787,0.0
u_22595,0.0,-1,0.0,,
u_22596,0.043034914056465874,4292,0.0,0.787,0.0
u_22597,0.0,-1,0.0,,
u_22598,0.0,-1,0.0,,
u_22599,0.0,-1,0.0,,
u_22600,0.0,-1,0.0,,
u_22601,0.0,-1,0.0,,
u_22602,0.04118969781945159,1145,0.0,0.787,0.0
u_22603,0.043034914056465874,4927,0.0,0.787,0.0
u_22604,0.043034914056465874,5421,0.0,0.787,0.0
u_22605,0.0018758586444065381,143,0.0,0.018,0.0
u_22606,0.0,-1,0.0,,
u_22607,0.0,-1,0.0,,
u_22608,0.0,-1,0.0,,
u_22609,0.0,-1,0.0,,
u_22610,0.0,-1,0.0,,
u_22611,0.00028718412379938693,1830,0.0,0.005,0.0
u_22612,0.0,-1,0.0,,
u_22613,0.0,-1,0.0,,
u_22614,0.0,-1,0.0,,
u_22615,0.0,-1,0.0,,
u_22616,0.0,-1,0.0,,
u_22617,0.0,-1,0.0,,
u_22618,0.0,-1,0.0,,
u_22619,0.043034914056465874,6172,0.0,0.787,0.0
u_22620,0.0,-1,0.0,,
u_22621,0.0,-1,0.0,,
u_22622,0.043034914056465874,4537,0.0,0.787,0.0
u_22623,0.0,-1,0.0,,
u_22624,0.0,-1,0.0,,
u_22625,0.043034914056465874,5440,0.0,0.787,0.0
u_22626,0.043034914056465874,5441,0.0,0.787,0.0
u_22627,0.0,-1,0.0,,
u_22628,0.08027634842132099,35,0.0,0.787,0.0
u_22629,0.0,-1,0.0,,
u_22630,0.0,-1,0.0,,
u_22631,0.002798131465915835,2926,0.0,0.026,0.0
u_22632,0.0,-1,0.0,,
u_22633,0.0,-1,0.0,,
u_22634,0.0,-1,0.0,,
u_22635,0.0,-1,0.0,,
u_22636,0.0,-1,0.0,,
u_22637,0.0,-1,0.0,,
u_22638,0.0,-1,0.0,,
u_22639,0.0,-1,0.0,,
u_22640,0.0,-1,0.0,,
u_22641,0.0,-1,0.0,,
u_22642,0.0,-1,0.0,,
u_22643,0.003186317127005287,49,0.0,0.03,0.0
u_22644,0.0,-1,0.0,,
u_22645,0.0,-1,0.0,,
u_22646,0.043034914056465874,3682,0.0,0.787,0.0
u_22647,0.0,-1,0.0,,
u_22648,0.0,-1,0.0,,
u_22649,0.0,-1,0.0,,
u_22650,0.0,-1,0.0,,
u_22651,0.043034914056465874,4510,0.0,0.787,0.0
u_22652,0.0,-1,0.0,,
u_22653,0.0,-1,0.0,,
u_22654,0.0,-1,0.0,,
u_22655,0.0,-1,0.0,,
u_22656,0.043034914056465874,6173,0.0,0.787,0.0
u_22657,0.0,-1,0.0,,
u_22658,0.04209690039810738,1688,0.0,0.787,0.0
u_22659,0.0,-1,0.0,,
u_22660,0.0,-1,0.0,,
u_22661,0.0,-1,0.0,,
u_22662,0.042130407716432006,5180,0.0,0.787,0.0
u_22663,0.0,-1,0.0,,
u_22664,0.0,-1,0.0,,
u_22665,0.017622777598900036,118,0.0,0.346,0.0
u_22666,0.04060272184968377,3128,0.0,0.787,0.0
u_22667,0.020488349296270626,2835,0.0,0.192,0.0
u_22668,0.0,-1,0.0,,
u_22669,0.0,-1,0.0,,
u_22670,0.043034914056465874,6174,0.0,0.787,0.0
u_22671,0.08417531978986129,5442,0.0,0.787,0.0
u_22672,0.0,-1,0.0,,
u_22673,0.0,-1,0.0,,
u_22674,0.03988888826775847,244,0.0,0.787,0.0
u_22675,0.0,-1,0.0,,
u_22676,0.0,-1,0.0,,
u_22677,0.002662141308060757,3226,0.0,0.051,0.0
u_22678,0.0,-1,0.0,,
u_22679,0.0,-1,0.0,,
u_22680,0.03372237405433033,419,0.0,0.32,0.0
u_22681,0.0,-1,0.0,,
u_22682,0.0,-1,0.0,,
u_22683,0.0419724946649345,1314,0.0,0.787,0.0
u_22684,0.04039776331891382,22,0.0,0.787,0.0
u_22685,0.0,-1,0.0,,
u_22686,0.0,-1,0.0,,
u_22687,0.0,-1,0.0,,
u_22688,0.00011416591360414999,474,0.0,0.002,0.0
u_22689,0.0,-1,0.0,,
u_22690,0.0,-1,0.0,,
u_22691,0.0001321219769758308,142,0.0,0.001,0.0
u_22692,0.039890178609009376,3158,0.0,0.787,0.0
u_22693,0.0,-1,0.0,,
u_22694,0.0,-1,0.0,,
u_22695,0.03988943742952056,922,0.0,0.787,0.0
u_22696,0.0,-1,0.0,,
u_22697,0.04123094743385162,916,0.0,0.787,0.0
u_22698,0.043034914056465874,5384,0.0,0.787,0.0
u_22699,4.81097834228245e-05,211,0.0,0.001,0.0
u_22700,0.0,-1,0.0,,
u_22701,0.0,-1,0.0,,
u_22702,0.0,-1,0.0,,
u_22703,0.0,-1,0.0,,
u_22704,0.0,-1,0.0,,
u_22705,0.0,-1,0.0,,
u_22706,0.0,-1,0.0,,
u_22707,0.0002636692430039483,197,0.0,0.002,0.0
u_22708,0.0,-1,0.0,,
u_22709,0.0,-1,0.0,,
u_22710,0.043034914056465874,4755,0.0,0.787,0.0
u_22711,0.0,-1,0.0,,
u_22712,0.0,-1,0.0,,
u_22713,0.0,-1,0.0,,
u_22714,0.0,-1,0.0,,
u_22715,0.0,-1,0.0,,
u_22716,0.0,-1,0.0,,
u_22717,0.0,-1,0.0,,
u_22718,0.0,-1,0.0,,
u_22719,0.043034914056465874,4506,0.0,0.787,0.0
u_22720,0.0,-1,0.0,,
u_22721,0.0014534452928960395,277,0.0,0.009,0.0
u_22722,0.0,-1,0.0,,
u_22723,0.0,-1,0.0,,
u_22724,0.043034914056465874,1907,0.0,0.787,0.0
u_22725,0.0,-1,0.0,,
u_22726,0.012662369301769054,2640,0.0,0.245,0.0
u_22727,0.043034914056465874,5443,0.0,0.787,0.0
u_22728,0.0,-1,0.0,,
u_22729,0.03988843240392493,800,0.0,0.787,0.0
u_22730,0.0,-1,0.0,,
u_22731,0.0,-1,0.0,,
u_22732,0.0,-1,0.0,,
u_22733,0.0,-1,0.0,,
u_22734,0.0,-1,0.0,,
u_22735,0.0,-1,0.0,,
u_22736,0.0,-1,0.0,,
u_22737,0.001608689833477272,2362,0.0,0.029,0.0
u_22738,0.08105980295489335,678,0.0,0.787,0.0
u_22739,0.0,-1,0.0,,
u_22740,0.043034914056465874,5444,0.0,0.787,0.0
u_22741,0.043034914056465874,1627,0.0,0.787,0.0
u_22742,0.0,-1,0.0,,
u_22743,0.043034914056465874,5362,0.0,0.787,0.0
u_22744,0.0,-1,0.0,,
u_22745,0.0,-1,0.0,,
u_22746,0.0,-1,0.0,,
u_22747,0.0012912404546016251,1269,0.0,0.012,0.0
u_22748,0.043034914056465874,4535,0.0,0.787,0.0
u_22749,0.00011279847134379329,97,0.0,0.002,0.0
u_22750,0.0,-1,0.0,,
u_22751,0.0,-1,0.0,,
u_22752,0.0,-1,0.0,,
u_22753,0.0,-1,0.0,,
u_22754,0.026915380506205722,3395,0.0,0.522,0.0
u_22755,0.07922750183756133,421,0.0,0.787,0.0
u_22756,0.04330210074728234,1256,0.0,0.787,0.0
u_22757,0.04303235187174949,572,0.0,0.787,0.0
u_22758,0.043034914056465874,312,0.0,0.787,0.0
u_22759,0.042130407716432006,4826,0.0,0.787,0.0
u_22760,0.043034914056465874,943,0.0,0.787,0.0
u_22761,0.08417531978986129,2224,0.0,0.787,0.0
u_22762,0.0013169988857164062,332,0.0,0.024,0.0
u_22763,0.0,-1,0.0,,
u_22764,0.0,-1,0.0,,
u_22765,0.0,-1,0.0,,
u_22766,0.0413028337539077,1065,0.0,0.787,0.0
u_22767,0.003987557221524573,42,0.0,0.073,0.0
u_22768,0.0,-1,0.0,,
u_22769,0.043034914056465874,5445,0.0,0.787,0.0
u_22770,0.024046961635709675,3283,0.0,0.428,0.0
u_22771,0.04283050081868749,2299,0.0,0.787,0.0
u_22772,0.0,-1,0.0,,
u_22773,0.012177830136075384,334,0.0,0.113,0.0
u_22774,0.0,-1,0.0,,
u_22775,0.0,-1,0.0,,
u_22776,0.0,-1,0.0,,
u_22777,0.024531716678058424,2405,0.0,0.452,0.0
u_22778,0.0,-1,0.0,,
u_22779,7.675540231441956e-05,758,0.0,0.001,0.0
u_22780,0.0,-1,0.0,,
u_22781,0.0,-1,0.0,,
u_22782,0.0,-1,0.0,,
u_22783,0.0006242570278350702,1914,0.0,0.006,0.0
u_22784,0.0,-1,0.0,,
u_22785,4.1346903492584364e-05,97,0.0,0.001,0.0
u_22786,0.0,-1,0.0,,
u_22787,0.0,-1,0.0,,
u_22788,0.0,-1,0.0,,
u_22789,0.0,-1,0.0,,
u_22790,0.06639053083570473,350,0.0,0.645,0.0
u_22791,0.043034914056465874,6175,0.0,0.787,0.0
u_22792,0.0,-1,0.0,,
u_22793,0.0,-1,0.0,,
u_22794,0.04136379954093984,1164,0.0,0.787,0.0
u_22795,0.0,-1,0.0,,
u_22796,0.0,-1,0.0,,
u_22797,0.0,-1,0.0,,
u_22798,0.0,-1,0.0,,
u_22799,0.0,-1,0.0,,
u_22800,0.0,-1,0.0,,
u_22801,0.0,-1,0.0,,
u_22802,0.0,-1,0.0,,
u_22803,0.0,-1,0.0,,
u_22804,0.0,-1,0.0,,
u_22805,0.0,-1,0.0,,
u_22806,0.043034914056465874,2120,0.0,0.787,0.0
u_22807,0.0,-1,0.0,,
u_22808,0.0,-1,0.0,,
u_22809,0.0,-1,0.0,,
u_22810,0.0,-1,0.0,,
u_22811,0.0,-1,0.0,,
u_22812,0.01711767476681637,222,0.0,0.166,0.0
u_22813,0.0,-1,0.0,,
u_22814,0.00016253039053425237,17,0.0,0.002,0.0
u_22815,0.0,-1,0.0,,
u_22816,0.0,-1,0.0,,
u_22817,0.0007655032113221677,2502,0.0,0.014,0.0
u_22818,0.043034914056465874,3892,0.0,0.787,0.0
u_22819,0.0,-1,0.0,,
u_22820,0.0,-1,0.0,,
u_22821,0.0,-1,0.0,,
u_22822,0.0,-1,0.0,,
u_22823,0.0020909675335075597,3111,0.0,0.038,0.0
u_22824,0.002356987310278637,1757,0.0,0.046,0.0
u_22825,0.0,-1,0.0,,
u_22826,0.0,-1,0.0,,
u_22827,0.0,-1,0.0,,
u_22828,0.0,-1,0.0,,
u_22829,0.042338781294221015,484,0.0,0.787,0.0
u_22830,0.0,-1,0.0,,
u_22831,0.0,-1,0.0,,
u_22832,0.0,-1,0.0,,
u_22833,0.0,-1,0.0,,
u_22834,0.0,-1,0.0,,
u_22835,0.043034914056465874,6176,0.0,0.787,0.0
u_22836,0.0,-1,0.0,,
u_22837,0.0,-1,0.0,,
u_22838,0.0,-1,0.0,,
u_22839,0.0,-1,0.0,,
u_22840,0.0,-1,0.0,,
u_22841,0.043034914056465874,6009,0.0,0.787,0.0
u_22842,0.0,-1,0.0,,
u_22843,0.0,-1,0.0,,
u_22844,0.0,-1,0.0,,
u_22845,0.0,-1,0.0,,
u_22846,0.0,-1,0.0,,
u_22847,0.0,-1,0.0,,
u_22848,0.0,-1,0.0,,
u_22849,0.0,-1,0.0,,
u_22850,0.0,-1,0.0,,
u_22851,0.07983850803172156,278,0.0,0.787,0.0
u_22852,0.0,-1,0.0,,
u_22853,0.0,-1,0.0,,
u_22854,0.0,-1,0.0,,
u_22855,0.0,-1,0.0,,
u_22856,0.0,-1,0.0,,
u_22857,0.043034914056465874,5843,0.0,0.787,0.0
u_22858,0.0,-1,0.0,,
u_22859,0.000264620170189421,1782,0.0,0.005,0.0
u_22860,0.04340239541383741,985,0.0,0.787,0.0
u_22861,0.042112679146406484,73,0.0,0.787,0.0
u_22862,0.0,-1,0.0,,
u_22863,0.043034914056465874,6177,0.0,0.787,0.0
u_22864,0.0,-1,0.0,,
u_22865,0.043034914056465874,5972,0.0,0.787,0.0
u_22866,0.0,-1,0.0,,
u_22867,0.0,-1,0.0,,
u_22868,0.0,-1,0.0,,
u_22869,0.043034914056465874,2643,0.0,0.787,0.0
u_22870,0.0,-1,0.0,,
u_22871,0.0,-1,0.0,,
u_22872,0.0,-1,0.0,,
u_22873,0.021697535736273605,305,0.0,0.419,0.0
u_22874,0.0,-1,0.0,,
u_22875,0.0,-1,0.0,,
u_22876,0.0,-1,0.0,,
u_22877,0.0,-1,0.0,,
u_22878,0.0015142374478921213,49,0.0,0.015,0.0
u_22879,0.03988886197745325,2944,0.0,0.787,0.0
u_22880,0.0,-1,0.0,,
u_22881,0.0,-1,0.0,,
u_22882,0.0,-1,0.0,,
u_22883,0.0,-1,0.0,,
u_22884,0.0,-1,0.0,,
u_22885,0.0,-1,0.0,,
u_22886,0.043034914056465874,5446,0.0,0.787,0.0
u_22887,0.043034914056465874,5318,0.0,0.787,0.0
u_22888,0.0,-1,0.0,,
u_22889,0.0,-1,0.0,,
u_22890,0.0,-1,0.0,,
u_22891,0.043034914056465874,1790,0.0,0.787,0.0
u_22892,0.0,-1,0.0,,
u_22893,0.0,-1,0.0,,
u_22894,0.0,-1,0.0,,
u_22895,0.0,-1,0.0,,
u_22896,0.0,-1,0.0,,
u_22897,0.039891479545144035,370,0.0,0.787,0.0
u_22898,0.043629454680710174,2566,0.0,0.787,0.0
u_22899,0.0,-1,0.0,,
u_22900,0.0,-1,0.0,,
u_22901,0.08023843961672965,332,0.0,0.787,0.0
u_22902,0.043034914056465874,5937,0.0,0.787,0.0
u_22903,0.04435207763806728,2690,0.0,0.787,0.0
u_22904,0.00025976268315014406,1759,0.0,0.005,0.0
u_22905,0.043034914056465874,5061,0.0,0.787,0.0
u_22906,0.0,-1,0.0,,
u_22907,0.0,-1,0.0,,
u_22908,0.04062082825615172,1894,0.0,0.787,0.0
u_22909,0.0,-1,0.0,,
u_22910,0.0,-1,0.0,,
u_22911,0.0,-1,0.0,,
u_22912,0.12310578541431579,2488,0.0,0.787,0.0
u_22913,0.0,-1,0.0,,
u_22914,0.0,-1,0.0,,
u_22915,0.04291656448352583,4633,0.0,0.784,0.0
u_22916,0.0,-1,0.0,,
u_22917,0.0,-1,0.0,,
u_22918,0.043034914056465874,5447,0.0,0.787,0.0
u_22919,0.0,-1,0.0,,
u_22920,0.0,-1,0.0,,
u_22921,0.0,-1,0.0,,
u_22922,0.0,-1,0.0,,
u_22923,0.0,-1,0.0,,
u_22924,0.00013909520567733234,1283,0.0,0.003,0.0
u_22925,0.043034914056465874,2636,0.0,0.787,0.0
u_22926,0.0,-1,0.0,,
u_22927,0.0,-1,0.0,,
u_22928,0.0,-1,0.0,,
u_22929,0.0,-1,0.0,,
u_22930,0.0,-1,0.0,,
u_22931,0.0,-1,0.0,,
u_22932,0.0,-1,0.0,,
u_22933,0.07529623579754206,4572,0.0,0.704,0.0
u_22934,0.08365176848340794,646,0.0,0.787,0.0
u_22935,0.03988741067375766,1510,0.0,0.787,0.0
u_22936,0.0,-1,0.0,,
u_22937,0.010400280527482073,112,0.0,0.098,0.0
u_22938,0.0,-1,0.0,,
u_22939,0.0,-1,0.0,,
u_22940,0.0,-1,0.0,,
u_22941,0.043034914056465874,2543,0.0,0.787,0.0
u_22942,0.04436997031213613,913,0.0,0.787,0.0
u_22943,0.0,-1,0.0,,
u_22944,0.043034914056465874,6178,0.0,0.787,0.0
u_22945,0.0,-1,0.0,,
u_22946,0.043034914056465874,4992,0.0,0.787,0.0
u_22947,0.0,-1,0.0,,
u_22948,0.043034914056465874,5347,0.0,0.787,0.0
u_22949,0.0,-1,0.0,,
u_22950,0.0,-1,0.0,,
u_22951,0.0,-1,0.0,,
u_22952,0.03988801817861193,3616,0.0,0.787,0.0
u_22953,0.043034914056465874,3707,0.0,0.787,0.0
u_22954,0.0,-1,0.0,,
u_22955,0.0,-1,0.0,,
u_22956,0.0,-1,0.0,,
u_22957,6.254970545357022e-05,592,0.0,0.001,0.0
u_22958,0.0,-1,0.0,,
u_22959,0.0,-1,0.0,,
u_22960,0.0,-1,0.0,,
u_22961,0.0,-1,0.0,,
u_22962,0.0,-1,0.0,,
u_22963,0.0,-1,0.0,,
u_22964,0.0,-1,0.0,,
u_22965,0.0001835573441577786,1508,0.0,0.003,0.0
u_22966,0.0,-1,0.0,,
u_22967,0.043034914056465874,689,0.0,0.787,0.0
u_22968,0.0,-1,0.0,,
u_22969,0.0,-1,0.0,,
u_22970,0.0,-1,0.0,,
u_22971,0.0,-1,0.0,,
u_22972,0.00019511747421653745,650,0.0,0.001,0.0
u_22973,0.043034914056465874,3094,0.0,0.787,0.0
u_22974,0.039887814099096246,1944,0.0,0.787,0.0
u_22975,0.043034914056465874,5448,0.0,0.787,0.0
u_22976,0.003938788151682125,3093,0.0,0.037,0.0
u_22977,0.0,-1,0.0,,
u_22978,0.03989695314103483,2825,0.0,0.787,0.0
u_22979,0.0,-1,0.0,,
u_22980,0.043034914056465874,5449,0.0,0.787,0.0
u_22981,0.0,-1,0.0,,
u_22982,0.0,-1,0.0,,
u_22983,0.0,-1,0.0,,
u_22984,0.042130407716432006,4932,0.0,0.787,0.0
u_22985,0.043034914056465874,5059,0.0,0.787,0.0
u_22986,0.043034914056465874,2584,0.0,0.787,0.0
u_22987,0.043034914056465874,5938,0.0,0.787,0.0
u_22988,0.03988800309727823,2238,0.0,0.787,0.0
u_22989,0.0,-1,0.0,,
u_22990,0.0,-1,0.0,,
u_22991,0.0,-1,0.0,,
u_22992,0.0,-1,0.0,,
u_22993,0.03988804610014855,869,0.0,0.787,0.0
u_22994,0.0,-1,0.0,,
u_22995,0.0,-1,0.0,,
u_22996,0.043034914056465874,4829,0.0,0.787,0.0
u_22997,0.0016878383017846553,2428,0.0,0.032,0.0
u_22998,0.00014643681153664564,1331,0.0,0.003,0.0
u_22999,0.0,-1,0.0,,
u_23000,0.007264165877892451,5,0.0,0.069,0.0
u_23001,0.0,-1,0.0,,
u_23002,0.0,-1,0.0,,
u_23003,0.0,-1,0.0,,
u_23004,0.043034914056465874,5450,0.0,0.787,0.0
u_23005,0.043034914056465874,3836,0.0,0.787,0.0
u_23006,0.04111895541454331,274,0.0,0.787,0.0
u_23007,0.0,-1,0.0,,
u_23008,0.0,-1,0.0,,
u_23009,0.043034914056465874,6179,0.0,0.787,0.0
u_23010,0.04494721611761052,161,0.0,0.787,0.0
u_23011,0.0,-1,0.0,,
u_23012,0.03106330663019883,4503,0.0,0.568,0.0
u_23013,0.0,-1,0.0,,
u_23014,0.0,-1,0.0,,
u_23015,0.0,-1,0.0,,
u_23016,0.0,-1,0.0,,
u_23017,0.0,-1,0.0,,
u_23018,0.007933563712106309,3843,0.0,0.141,0.0
u_23019,0.0,-1,0.0,,
u_23020,0.0,-1,0.0,,
u_23021,0.042354944558235165,136,0.0,0.787,0.0
u_23022,0.0,-1,0.0,,
u_23023,0.0,-1,0.0,,
u_23024,0.0,-1,0.0,,
u_23025,0.0,-1,0.0,,
u_23026,0.0,-1,0.0,,
u_23027,0.0,-1,0.0,,
u_23028,0.03988868021812217,2885,0.0,0.787,0.0
u_23029,0.0,-1,0.0,,
u_23030,0.002745725957843369,75,0.0,0.054,0.0
u_23031,0.0,-1,0.0,,
u_23032,0.043034914056465874,1872,0.0,0.787,0.0
u_23033,0.0,-1,0.0,,
u_23034,0.0,-1,0.0,,
u_23035,0.04305325294877622,168,0.0,0.787,0.0
u_23036,0.0,-1,0.0,,
u_23037,0.0,-1,0.0,,
u_23038,0.0,-1,0.0,,
u_23039,0.0,-1,0.0,,
u_23040,0.0,-1,0.0,,
u_23041,0.0,-1,0.0,,
u_23042,0.0,-1,0.0,,
u_23043,0.0,-1,0.0,,
u_23044,0.08059323300290282,1407,0.0,0.787,0.0
u_23045,0.0,-1,0.0,,
u_23046,0.0013297969923932928,118,0.0,0.013,0.0
u_23047,0.0,-1,0.0,,
u_23048,0.043034914056465874,5074,0.0,0.787,0.0
u_23049,0.0,-1,0.0,,
u_23050,0.0,-1,0.0,,
u_23051,0.043034914056465874,5451,0.0,0.787,0.0
u_23052,0.04301781565393009,2342,0.0,0.787,0.0
u_23053,0.0,-1,0.0,,
u_23054,0.0021643267837199486,843,0.0,0.04,0.0
u_23055,0.0,-1,0.0,,
u_23056,0.04057773863974517,4687,0.0,0.787,0.0
u_23057,0.0,-1,0.0,,
u_23058,0.0,-1,0.0,,
u_23059,0.044371770296311376,302,0.0,0.787,0.0
u_23060,0.0,-1,0.0,,
u_23061,0.0,-1,0.0,,
u_23062,0.0,-1,0.0,,
u_23063,0.0,-1,0.0,,
u_23064,0.043034914056465874,6064,0.0,0.787,0.0
u_23065,0.0004980025312093409,1104,0.0,0.005,0.0
u_23066,0.08417531978986129,1068,0.0,0.787,0.0
u_23067,0.0,-1,0.0,,
u_23068,0.0,-1,0.0,,
u_23069,0.04400559370808185,3464,0.0,0.787,0.0
u_23070,0.0,-1,0.0,,
u_23071,0.0,-1,0.0,,
u_23072,0.04304978539388235,526,0.0,0.787,0.0
u_23073,0.0,-1,0.0,,
u_23074,0.0,-1,0.0,,
u_23075,0.0,-1,0.0,,
u_23076,0.0,-1,0.0,,
u_23077,0.01582854855303278,2658,0.0,0.303,0.0
u_23078,0.0,-1,0.0,,
u_23079,4.4943858328572246e-05,191,0.0,0.001,0.0
u_23080,0.0,-1,0.0,,
u_23081,0.0,-1,0.0,,
u_23082,0.0,-1,0.0,,
u_23083,0.017407794345596334,1582,0.0,0.163,0.0
u_23084,0.0,-1,0.0,,
u_23085,0.0,-1,0.0,,
u_23086,0.043034914056465874,5833,0.0,0.787,0.0
u_23087,0.0,-1,0.0,,
u_23088,0.0,-1,0.0,,
u_23089,8.087496176050014e-05,112,0.0,0.002,0.0
u_23090,0.0,-1,0.0,,
u_23091,0.043034914056465874,536,0.0,0.787,0.0
u_23092,0.00045755565802896856,2172,0.0,0.008,0.0
u_23093,0.0,-1,0.0,,
u_23094,0.0,-1,0.0,,
u_23095,0.0,-1,0.0,,
u_23096,0.0,-1,0.0,,
u_23097,0.0,-1,0.0,,
u_23098,0.0,-1,0.0,,
u_23099,0.005309727084120366,2996,0.0,0.05,0.0
u_23100,0.0,-1,0.0,,
u_23101,0.0,-1,0.0,,
u_23102,0.0,-1,0.0,,
u_23103,0.0,-1,0.0,,
u_23104,0.043034914056465874,4990,0.0,0.787,0.0
u_23105,0.0020330875758813754,3100,0.0,0.037,0.0
u_23106,0.0005921023799659233,189,0.0,0.011,0.0
u_23107,0.0,-1,0.0,,
u_23108,0.0,-1,0.0,,
u_23109,0.0,-1,0.0,,
u_23110,0.0,-1,0.0,,
u_23111,0.043034914056465874,5974,0.0,0.787,0.0
u_23112,0.039887690869990326,445,0.0,0.787,0.0
u_23113,0.0,-1,0.0,,
u_23114,0.0011093168589159385,1239,0.0,0.01,0.0
u_23115,0.0,-1,0.0,,
u_23116,0.043034914056465874,6180,0.0,0.787,0.0
u_23117,0.0,-1,0.0,,
u_23118,0.0,-1,0.0,,
u_23119,0.04706504111073966,4666,0.0,0.86,0.0
u_23120,0.021718713011953765,4334,0.0,0.397,0.0
u_23121,0.0,-1,0.0,,
u_23122,0.043034914056465874,5452,0.0,0.787,0.0
u_23123,0.001057363635291066,2706,0.0,0.019,0.0
u_23124,0.0,-1,0.0,,
u_23125,0.0,-1,0.0,,
u_23126,0.08417531978986129,5224,0.0,0.787,0.0
u_23127,0.039888921276689034,548,0.0,0.787,0.0
u_23128,0.0,-1,0.0,,
u_23129,0.0,-1,0.0,,
u_23130,0.0,-1,0.0,,
u_23131,0.043034914056465874,5453,0.0,0.787,0.0
u_23132,0.043034914056465874,4072,0.0,0.787,0.0
u_23133,0.0968394762137555,977,0.0,0.931,0.0
u_23134,0.0,-1,0.0,,
u_23135,0.0,-1,0.0,,
u_23136,0.043034914056465874,5209,0.0,0.787,0.0
u_23137,0.0,-1,0.0,,
u_23138,0.0013091826220202351,2852,0.0,0.024,0.0
u_23139,0.0,-1,0.0,,
u_23140,0.03988801904974986,545,0.0,0.787,0.0
u_23141,0.0,-1,0.0,,
u_23142,0.0,-1,0.0,,
u_23143,0.00020883405496311173,1601,0.0,0.004,0.0
u_23144,0.08417531978986129,2885,0.0,0.787,0.0
u_23145,0.0,-1,0.0,,
u_23146,0.0,-1,0.0,,
u_23147,0.043034914056465874,3986,0.0,0.787,0.0
u_23148,0.0,-1,0.0,,
u_23149,0.0,-1,0.0,,
u_23150,0.003491398534376423,3425,0.0,0.064,0.0
u_23151,0.08212242589809442,467,0.0,0.787,0.0
u_23152,0.0,-1,0.0,,
u_23153,0.00805746512609252,1214,0.0,0.143,0.0
u_23154,0.0002908803113640706,1210,0.0,0.006,0.0
u_23155,0.0,-1,0.0,,
u_23156,0.0,-1,0.0,,
u_23157,0.0,-1,0.0,,
u_23158,0.0,-1,0.0,,
u_23159,0.043034914056465874,6181,0.0,0.787,0.0
u_23160,0.043034914056465874,4129,0.0,0.787,0.0
u_23161,0.0,-1,0.0,,
u_23162,0.0,-1,0.0,,
u_23163,0.004518152577405911,582,0.0,0.029,0.0
u_23164,0.0,-1,0.0,,
u_23165,0.0,-1,0.0,,
u_23166,0.0,-1,0.0,,
u_23167,0.08187155230580925,2096,0.0,0.787,0.0
u_23168,0.0,-1,0.0,,
u_23169,0.04334411907426021,81,0.0,0.787,0.0
u_23170,0.0,-1,0.0,,
u_23171,0.0,-1,0.0,,
u_23172,0.0,-1,0.0,,
u_23173,0.01669813537414541,4198,0.0,0.305,0.0
u_23174,0.0,-1,0.0,,
u_23175,0.0,-1,0.0,,
u_23176,0.0,-1,0.0,,
u_23177,0.0,-1,0.0,,
u_23178,0.043034914056465874,4184,0.0,0.787,0.0
u_23179,0.043034914056465874,3070,0.0,0.787,0.0
u_23180,0.0,-1,0.0,,
u_23181,0.0,-1,0.0,,
u_23182,0.0,-1,0.0,,
u_23183,0.0,-1,0.0,,
u_23184,0.02484454262985888,4383,0.0,0.454,0.0
u_23185,0.0,-1,0.0,,
u_23186,0.0,-1,0.0,,
u_23187,0.0,-1,0.0,,
u_23188,0.0,-1,0.0,,
u_23189,0.0,-1,0.0,,
u_23190,0.0005702298541433242,2318,0.0,0.01,0.0
u_23191,0.0,-1,0.0,,
u_23192,0.03988957106903802,1929,0.0,0.787,0.0
u_23193,0.0,-1,0.0,,
u_23194,0.03988794184143722,1821,0.0,0.787,0.0
u_23195,0.0,-1,0.0,,
u_23196,0.0,-1,0.0,,
u_23197,0.0,-1,0.0,,
u_23198,0.0,-1,0.0,,
u_23199,0.0,-1,0.0,,
u_23200,0.0,-1,0.0,,
u_23201,0.003298982645350929,3387,0.0,0.06,0.0
u_23202,0.043034914056465874,2987,0.0,0.787,0.0
u_23203,0.0,-1,0.0,,
u_23204,0.0,-1,0.0,,
u_23205,0.0,-1,0.0,,
u_23206,0.0,-1,0.0,,
u_23207,0.0,-1,0.0,,
u_23208,0.039890743448339865,4517,0.0,0.787,0.0
u_23209,0.0,-1,0.0,,
u_23210,0.0,-1,0.0,,
u_23211,0.043034914056465874,3884,0.0,0.787,0.0
u_23212,0.01652118801276339,2116,0.0,0.319,0.0
u_23213,0.02162792765912805,4331,0.0,0.406,0.0
u_23214,0.0,-1,0.0,,
u_23215,0.08237386502187616,1367,0.0,0.787,0.0
u_23216,0.0,-1,0.0,,
u_23217,0.04162698292512372,367,0.0,0.787,0.0
u_23218,0.0,-1,0.0,,
u_23219,0.043034914056465874,635,0.0,0.787,0.0
u_23220,0.043034914056465874,5156,0.0,0.787,0.0
u_23221,0.0,-1,0.0,,
u_23222,0.08417531978986129,4570,0.0,0.787,0.0
u_23223,0.0,-1,0.0,,
u_23224,0.0,-1,0.0,,
u_23225,0.0,-1,0.0,,
u_23226,0.0,-1,0.0,,
u_23227,0.03989276595835013,1566,0.0,0.787,0.0
u_23228,0.0,-1,0.0,,
u_23229,7.389065073834239e-05,692,0.0,0.001,0.0
u_23230,0.0,-1,0.0,,
u_23231,0.0,-1,0.0,,
u_23232,0.0,-1,0.0,,
u_23233,0.040341068758221896,93,0.0,0.787,0.0
u_23234,0.0,-1,0.0,,
u_23235,0.0,-1,0.0,,
u_23236,0.0,-1,0.0,,
u_23237,0.043034914056465874,5454,0.0,0.787,0.0
u_23238,0.043034914056465874,1307,0.0,0.787,0.0
u_23239,0.0,-1,0.0,,
u_23240,0.0,-1,0.0,,
u_23241,0.0,-1,0.0,,
u_23242,0.00843093696151883,3892,0.0,0.154,0.0
u_23243,0.0,-1,0.0,,
u_23244,0.04164894428155886,2971,0.0,0.787,0.0
u_23245,0.0,-1,0.0,,
u_23246,0.043034914056465874,3109,0.0,0.787,0.0
u_23247,0.0,-1,0.0,,
u_23248,0.0,-1,0.0,,
u_23249,0.006930813452114824,834,0.0,0.065,0.0
u_23250,0.0,-1,0.0,,
u_23251,0.02592840168133076,286,0.0,0.474,0.0
u_23252,0.0,-1,0.0,,
u_23253,0.019760868581598555,74,0.0,0.188,0.0
u_23254,7.56456998194085e-05,745,0.0,0.001,0.0
u_23255,0.0,-1,0.0,,
u_23256,0.0,-1,0.0,,
u_23257,0.0003811786540730371,2027,0.0,0.007,0.0
u_23258,0.0,-1,0.0,,
u_23259,0.01642609423083309,266,0.0,0.321,0.0
u_23260,0.043034914056465874,1420,0.0,0.787,0.0
u_23261,0.0,-1,0.0,,
u_23262,0.014473358629922977,2712,0.0,0.135,0.0
u_23263,0.028122147586075834,2505,0.0,0.548,0.0
u_23264,0.002980455030664054,3315,0.0,0.054,0.0
u_23265,0.0,-1,0.0,,
u_23266,0.0,-1,0.0,,
u_23267,0.0,-1,0.0,,
u_23268,0.0,-1,0.0,,
u_23269,0.0003020460769676116,1703,0.0,0.006,0.0
u_23270,0.043034914056465874,6182,0.0,0.787,0.0
u_23271,0.0028249912449436537,327,0.0,0.027,0.0
u_23272,0.043034914056465874,5455,0.0,0.787,0.0
u_23273,0.018409152044108815,4225,0.0,0.326,0.0
u_23274,0.0,-1,0.0,,
u_23275,0.0,-1,0.0,,
u_23276,0.0,-1,0.0,,
u_23277,0.16278353906943666,332,0.0,0.787,0.0
u_23278,0.0,-1,0.0,,
u_23279,0.0411000178343124,595,0.0,0.787,0.0
u_23280,0.0,-1,0.0,,
u_23281,0.0,-1,0.0,,
u_23282,0.0,-1,0.0,,
u_23283,0.0,-1,0.0,,
u_23284,0.03988895231524554,519,0.0,0.787,0.0
u_23285,0.0,-1,0.0,,
u_23286,0.0,-1,0.0,,
u_23287,0.042261922475201635,1432,0.0,0.787,0.0
u_23288,0.00012510907846908942,87,0.0,0.001,0.0
u_23289,0.043034914056465874,5456,0.0,0.787,0.0
u_23290,0.04061626153293808,1243,0.0,0.787,0.0
u_23291,0.0,-1,0.0,,
u_23292,0.0,-1,0.0,,
u_23293,0.0,-1,0.0,,
u_23294,0.0,-1,0.0,,
u_23295,0.043034914056465874,3726,0.0,0.787,0.0
u_23296,0.0,-1,0.0,,
u_23297,0.043034914056465874,5457,0.0,0.787,0.0
u_23298,0.039887634234579444,1467,0.0,0.787,0.0
u_23299,0.0,-1,0.0,,
u_23300,0.03988769581803432,49,0.0,0.787,0.0
u_23301,0.000289308096042649,1834,0.0,0.005,0.0
u_23302,0.0004251946622185546,1633,0.0,0.004,0.0
u_23303,0.0,-1,0.0,,
u_23304,0.01854760403828564,4245,0.0,0.339,0.0
u_23305,0.0,-1,0.0,,
u_23306,0.04296829693414849,442,0.0,0.787,0.0
u_23307,0.0,-1,0.0,,
u_23308,0.1658682732133125,2107,0.0,0.787,0.0
u_23309,0.0,-1,0.0,,
u_23310,0.0,-1,0.0,,
u_23311,0.0008363130622926727,2546,0.0,0.015,0.0
u_23312,0.0,-1,0.0,,
u_23313,0.0,-1,0.0,,
u_23314,0.0,-1,0.0,,
u_23315,0.039887369478416604,71,0.0,0.787,0.0
u_23316,0.0,-1,0.0,,
u_23317,0.0,-1,0.0,,
u_23318,0.12258462820190814,1891,0.0,0.787,0.0
u_23319,0.0,-1,0.0,,
u_23320,0.0,-1,0.0,,
u_23321,0.000572444617533169,2321,0.0,0.01,0.0
u_23322,0.0,-1,0.0,,
u_23323,0.0,-1,0.0,,
u_23324,0.0,-1,0.0,,
u_23325,0.04437160027005186,4565,0.0,0.787,0.0
u_23326,0.043034914056465874,1171,0.0,0.787,0.0
u_23327,0.08217578225880366,53,0.0,0.787,0.0
u_23328,0.0019400634211247795,2398,0.0,0.035,0.0
u_23329,0.0,-1,0.0,,
u_23330,0.0038034477483894816,3470,0.0,0.07,0.0
u_23331,0.0,-1,0.0,,
u_23332,7.020693825150802e-05,657,0.0,0.001,0.0
u_23333,0.007052649936359143,61,0.0,0.045,0.0
u_23334,0.0,-1,0.0,,
u_23335,0.043034914056465874,6183,0.0,0.787,0.0
u_23336,0.0,-1,0.0,,
u_23337,0.043034914056465874,1629,0.0,0.787,0.0
u_23338,0.0,-1,0.0,,
u_23339,0.0,-1,0.0,,
u_23340,0.0851123331651534,644,0.0,0.787,0.0
u_23341,5.198926871523851e-05,391,0.0,0.001,0.0
u_23342,0.0,-1,0.0,,
u_23343,0.043034914056465874,1823,0.0,0.787,0.0
u_23344,0.043034914056465874,5279,0.0,0.787,0.0
u_23345,0.0,-1,0.0,,
u_23346,0.0,-1,0.0,,
u_23347,0.0,-1,0.0,,
u_23348,0.0,-1,0.0,,
u_23349,0.043034914056465874,5832,0.0,0.787,0.0
u_23350,5.101443372404257e-05,291,0.0,0.001,0.0
u_23351,0.0,-1,0.0,,
u_23352,0.0,-1,0.0,,
u_23353,0.000917861394448857,1158,0.0,0.009,0.0
u_23354,0.03988921819397677,4121,0.0,0.787,0.0
u_23355,0.0,-1,0.0,,
u_23356,0.0,-1,0.0,,
u_23357,0.043034914056465874,4085,0.0,0.787,0.0
u_23358,0.043034914056465874,4086,0.0,0.787,0.0
u_23359,0.039888192433947506,534,0.0,0.787,0.0
u_23360,0.0830555486746252,450,0.0,0.787,0.0
u_23361,0.0,-1,0.0,,
u_23362,0.0,-1,0.0,,
u_23363,0.0,-1,0.0,,
u_23364,0.043034914056465874,3693,0.0,0.787,0.0
u_23365,0.0,-1,0.0,,
u_23366,0.0,-1,0.0,,
u_23367,0.0,-1,0.0,,
u_23368,0.043034914056465874,2165,0.0,0.787,0.0
u_23369,0.043034914056465874,3561,0.0,0.787,0.0
u_23370,0.0,-1,0.0,,
u_23371,0.0,-1,0.0,,
u_23372,0.0028660554330112082,3291,0.0,0.052,0.0
u_23373,0.043034914056465874,2723,0.0,0.787,0.0
u_23374,0.0024987181833945023,2830,0.0,0.023,0.0
u_23375,0.0,-1,0.0,,
u_23376,0.0,-1,0.0,,
u_23377,0.0,-1,0.0,,
u_23378,0.08233602053567474,775,0.0,0.787,0.0
u_23379,0.0,-1,0.0,,
u_23380,0.0,-1,0.0,,
u_23381,0.034483329717165306,4551,0.0,0.63,0.0
u_23382,0.0,-1,0.0,,
u_23383,0.0,-1,0.0,,
u_23384,0.0,-1,0.0,,
u_23385,0.0,-1,0.0,,
u_23386,0.0,-1,0.0,,
u_23387,0.0421736983296388,1187,0.0,0.787,0.0
u_23388,0.04437352016998918,1286,0.0,0.787,0.0
u_23389,0.043034914056465874,4878,0.0,0.787,0.0
u_23390,0.0,-1,0.0,,
u_23391,0.0,-1,0.0,,
u_23392,0.043034914056465874,4890,0.0,0.787,0.0
u_23393,0.043034914056465874,3999,0.0,0.787,0.0
u_23394,0.0,-1,0.0,,
u_23395,0.0,-1,0.0,,
u_23396,0.0,-1,0.0,,
u_23397,0.0,-1,0.0,,
u_23398,0.0,-1,0.0,,
u_23399,0.0,-1,0.0,,
u_23400,0.0033751283707575985,3402,0.0,0.062,0.0
u_23401,0.07994155461332206,534,0.0,0.787,0.0
u_23402,0.0,-1,0.0,,
u_23403,0.0034183582989549648,3379,0.0,0.06,0.0
u_23404,0.0,-1,0.0,,
u_23405,0.040472626890269946,962,0.0,0.787,0.0
u_23406,0.0,-1,0.0,,
u_23407,0.0012656161461323315,2405,0.0,0.012,0.0
u_23408,0.0,-1,0.0,,
u_23409,0.0,-1,0.0,,
u_23410,0.0,-1,0.0,,
u_23411,0.0,-1,0.0,,
u_23412,0.0,-1,0.0,,
u_23413,0.0,-1,0.0,,
u_23414,0.0,-1,0.0,,
u_23415,0.0051424769670860015,5,0.0,0.033,0.0
u_23416,0.070840194757118,1425,0.0,0.654,0.0
u_23417,0.03989701449979302,3232,0.0,0.787,0.0
u_23418,0.04105314259546047,915,0.0,0.787,0.0
u_23419,0.0,-1,0.0,,
u_23420,0.015851906058327477,3866,0.0,0.148,0.0
u_23421,0.0001725517805896053,74,0.0,0.003,0.0
u_23422,0.050002565571749126,4398,0.0,0.467,0.0
u_23423,0.043034914056465874,2106,0.0,0.787,0.0
u_23424,0.0,-1,0.0,,
u_23425,0.0,-1,0.0,,
u_23426,0.000560045587257554,1827,0.0,0.005,0.0
u_23427,0.0,-1,0.0,,
u_23428,0.0,-1,0.0,,
u_23429,0.0,-1,0.0,,
u_23430,0.0,-1,0.0,,
u_23431,0.0,-1,0.0,,
u_23432,0.003633762388560457,3446,0.0,0.066,0.0
u_23433,0.03988797923656185,254,0.0,0.787,0.0
u_23434,0.0,-1,0.0,,
u_23435,0.0,-1,0.0,,
u_23436,0.0002634107549030247,1772,0.0,0.005,0.0
u_23437,0.0,-1,0.0,,
u_23438,0.0,-1,0.0,,
u_23439,0.0,-1,0.0,,
u_23440,0.0,-1,0.0,,
u_23441,0.0,-1,0.0,,
u_23442,0.0,-1,0.0,,
u_23443,0.0,-1,0.0,,
u_23444,0.043034914056465874,3480,0.0,0.787,0.0
u_23445,0.0,-1,0.0,,
u_23446,0.0,-1,0.0,,
u_23447,0.0,-1,0.0,,
u_23448,0.0,-1,0.0,,
u_23449,0.0,-1,0.0,,
u_23450,0.0,-1,0.0,,
u_23451,0.0,-1,0.0,,
u_23452,0.0,-1,0.0,,
u_23453,0.043034914056465874,3720,0.0,0.787,0.0
u_23454,0.04454052652109778,3166,0.0,0.787,0.0
u_23455,0.0,-1,0.0,,
u_23456,0.0,-1,0.0,,
u_23457,0.0,-1,0.0,,
u_23458,0.0,-1,0.0,,
u_23459,0.0496535869715191,438,0.0,0.487,0.0
u_23460,0.0,-1,0.0,,
u_23461,0.0,-1,0.0,,
u_23462,0.0,-1,0.0,,
u_23463,0.0,-1,0.0,,
u_23464,0.0,-1,0.0,,
u_23465,0.043034914056465874,5458,0.0,0.787,0.0
u_23466,0.0,-1,0.0,,
u_23467,0.0009030451919348527,33,0.0,0.018,0.0
u_23468,0.0409493707827942,155,0.0,0.787,0.0
u_23469,0.0,-1,0.0,,
u_23470,0.0,-1,0.0,,
u_23471,0.00014893964628673998,1346,0.0,0.003,0.0
u_23472,0.03994210087529318,22,0.0,0.787,0.0
u_23473,0.0,-1,0.0,,
u_23474,0.0,-1,0.0,,
u_23475,0.0,-1,0.0,,
u_23476,0.0,-1,0.0,,
u_23477,0.03988949943020037,1874,0.0,0.787,0.0
u_23478,0.0,-1,0.0,,
u_23479,0.0,-1,0.0,,
u_23480,6.995497241728266e-05,653,0.0,0.001,0.0
u_23481,0.03988808783767682,3190,0.0,0.787,0.0
u_23482,0.0,-1,0.0,,
u_23483,0.0,-1,0.0,,
u_23484,0.0,-1,0.0,,
u_23485,0.043034914056465874,5459,0.0,0.787,0.0
u_23486,0.043034914056465874,5460,0.0,0.787,0.0
u_23487,0.0,-1,0.0,,
u_23488,0.0,-1,0.0,,
u_23489,0.0,-1,0.0,,
u_23490,0.0,-1,0.0,,
u_23491,0.0,-1,0.0,,
u_23492,0.0,-1,0.0,,
u_23493,0.00011374155197486631,1127,0.0,0.002,0.0
u_23494,0.0,-1,0.0,,
u_23495,0.043034914056465874,5851,0.0,0.787,0.0
u_23496,0.0,-1,0.0,,
u_23497,0.0,-1,0.0,,
u_23498,0.04214164900550992,457,0.0,0.787,0.0
u_23499,0.0,-1,0.0,,
u_23500,4.37020619051471e-05,98,0.0,0.001,0.0
u_23501,0.0,-1,0.0,,
u_23502,0.08417531978986129,3704,0.0,0.787,0.0
u_23503,0.0,-1,0.0,,
u_23504,0.0,-1,0.0,,
u_23505,0.0,-1,0.0,,
u_23506,0.0005539408090141321,152,0.0,0.004,0.0
u_23507,0.0,-1,0.0,,
u_23508,0.043034914056465874,5461,0.0,0.787,0.0
u_23509,0.0,-1,0.0,,
u_23510,0.0018441562322436438,1410,0.0,0.017,0.0
u_23511,0.043034914056465874,5462,0.0,0.787,0.0
u_23512,0.043034914056465874,4194,0.0,0.787,0.0
u_23513,0.03989001430968991,4447,0.0,0.787,0.0
u_23514,0.0,-1,0.0,,
u_23515,0.0021405801594773194,286,0.0,0.041,0.0
u_23516,0.0,-1,0.0,,
u_23517,0.0,-1,0.0,,
u_23518,0.0,-1,0.0,,
u_23519,0.0,-1,0.0,,
u_23520,0.03988854881321699,3563,0.0,0.787,0.0
u_23521,0.011430080702373118,949,0.0,0.217,0.0
u_23522,0.0,-1,0.0,,
u_23523,0.043034914056465874,2370,0.0,0.787,0.0
u_23524,0.043034914056465874,5313,0.0,0.787,0.0
u_23525,0.0001721013477584867,1446,0.0,0.003,0.0
u_23526,0.0,-1,0.0,,
u_23527,0.0,-1,0.0,,
u_23528,0.043034914056465874,1938,0.0,0.787,0.0
u_23529,0.043034914056465874,5280,0.0,0.787,0.0
u_23530,0.0,-1,0.0,,
u_23531,0.0,-1,0.0,,
u_23532,0.08434316684681173,89,0.0,0.787,0.0
u_23533,0.0,-1,0.0,,
u_23534,0.0,-1,0.0,,
u_23535,0.0,-1,0.0,,
u_23536,0.04159346522279303,1650,0.0,0.787,0.0
u_23537,0.03988784402300571,316,0.0,0.787,0.0
u_23538,0.0,-1,0.0,,
u_23539,0.04174593603126286,1582,0.0,0.787,0.0
u_23540,0.0,-1,0.0,,
u_23541,0.0,-1,0.0,,
u_23542,0.0,-1,0.0,,
u_23543,0.0,-1,0.0,,
u_23544,0.043034914056465874,2904,0.0,0.787,0.0
u_23545,0.0,-1,0.0,,
u_23546,0.043034914056465874,3735,0.0,0.787,0.0
u_23547,0.0,-1,0.0,,
u_23548,0.0,-1,0.0,,
u_23549,0.010564757632977219,809,0.0,0.101,0.0
u_23550,0.0,-1,0.0,,
u_23551,0.0,-1,0.0,,
u_23552,0.0,-1,0.0,,
u_23553,0.0,-1,0.0,,
u_23554,0.039992205200094,360,0.0,0.787,0.0
u_23555,0.0,-1,0.0,,
u_23556,0.0008098842717181935,501,0.0,0.015,0.0
u_23557,0.0,-1,0.0,,
u_23558,0.0,-1,0.0,,
u_23559,0.0,-1,0.0,,
u_23560,0.0,-1,0.0,,
u_23561,0.0,-1,0.0,,
u_23562,0.0,-1,0.0,,
u_23563,0.0,-1,0.0,,
u_23564,0.0,-1,0.0,,
u_23565,0.04074585548908843,1095,0.0,0.787,0.0
u_23566,0.0,-1,0.0,,
u_23567,0.002225404045128088,278,0.0,0.038,0.0
u_23568,0.08027344416367864,671,0.0,0.787,0.0
u_23569,0.042793550710251885,3050,0.0,0.787,0.0
u_23570,0.0,-1,0.0,,
u_23571,0.0,-1,0.0,,
u_23572,0.0,-1,0.0,,
u_23573,0.03988714099650395,4071,0.0,0.787,0.0
u_23574,0.0014212607181413545,2885,0.0,0.025,0.0
u_23575,0.0,-1,0.0,,
u_23576,0.0,-1,0.0,,
u_23577,0.0,-1,0.0,,
u_23578,0.0,-1,0.0,,
u_23579,0.0030943290189198503,3335,0.0,0.057,0.0
u_23580,0.0903111596539411,1908,0.0,0.565,0.0
u_23581,0.004591847844704032,3570,0.0,0.084,0.0
u_23582,0.043034914056465874,3593,0.0,0.787,0.0
u_23583,0.0,-1,0.0,,
u_23584,0.0,-1,0.0,,
u_23585,0.00615872129255691,3717,0.0,0.113,0.0
u_23586,0.04130874585659798,166,0.0,0.787,0.0
u_23587,0.0,-1,0.0,,
u_23588,0.0,-1,0.0,,
u_23589,0.0802822788016201,201,0.0,0.787,0.0
u_23590,0.0,-1,0.0,,
u_23591,0.0,-1,0.0,,
u_23592,0.0,-1,0.0,,
u_23593,0.043034914056465874,6107,0.0,0.787,0.0
u_23594,0.0,-1,0.0,,
u_23595,0.0,-1,0.0,,
u_23596,0.0,-1,0.0,,
u_23597,0.0,-1,0.0,,
u_23598,0.0,-1,0.0,,
u_23599,0.0,-1,0.0,,
u_23600,0.0,-1,0.0,,
u_23601,0.0,-1,0.0,,
u_23602,0.0,-1,0.0,,
u_23603,0.0012766254120157741,61,0.0,0.012,0.0
u_23604,0.0,-1,0.0,,
u_23605,0.0,-1,0.0,,
u_23606,0.0,-1,0.0,,
u_23607,0.0,-1,0.0,,
u_23608,0.039888908156546644,2963,0.0,0.787,0.0
u_23609,0.0,-1,0.0,,
u_23610,0.00018488800625324922,966,0.0,0.002,0.0
u_23611,0.0,-1,0.0,,
u_23612,0.043034914056465874,4209,0.0,0.787,0.0
u_23613,0.0,-1,0.0,,
u_23614,0.0,-1,0.0,,
u_23615,0.08236485902198769,2005,0.0,0.787,0.0
u_23616,0.0,-1,0.0,,
u_23617,0.0,-1,0.0,,
u_23618,0.0,-1,0.0,,
u_23619,0.0,-1,0.0,,
u_23620,0.0,-1,0.0,,
u_23621,0.0,-1,0.0,,
u_23622,0.0,-1,0.0,,
u_23623,0.0,-1,0.0,,
u_23624,0.0398877243890612,53,0.0,0.787,0.0
u_23625,0.0,-1,0.0,,
u_23626,0.0,-1,0.0,,
u_23627,0.0,-1,0.0,,
u_23628,0.0,-1,0.0,,
u_23629,0.01318679941500695,2944,0.0,0.242,0.0
u_23630,0.0,-1,0.0,,
u_23631,0.0,-1,0.0,,
u_23632,0.043034914056465874,4725,0.0,0.787,0.0
u_23633,0.0,-1,0.0,,
u_23634,0.0,-1,0.0,,
u_23635,0.043034914056465874,5463,0.0,0.787,0.0
u_23636,0.0,-1,0.0,,
u_23637,0.043034914056465874,2594,0.0,0.787,0.0
u_23638,0.043034914056465874,2555,0.0,0.787,0.0
u_23639,0.0014689983826917956,1139,0.0,0.029,0.0
u_23640,0.0,-1,0.0,,
u_23641,0.0,-1,0.0,,
u_23642,0.0,-1,0.0,,
u_23643,0.0,-1,0.0,,
u_23644,0.043034914056465874,5464,0.0,0.787,0.0
u_23645,0.0,-1,0.0,,
u_23646,0.0,-1,0.0,,
u_23647,0.043034914056465874,3589,0.0,0.787,0.0
u_23648,0.0,-1,0.0,,
u_23649,0.0,-1,0.0,,
u_23650,0.043034914056465874,6093,0.0,0.787,0.0
u_23651,0.0,-1,0.0,,
u_23652,0.08230581136137691,4942,0.0,0.787,0.0
u_23653,0.0001413747197671095,649,0.0,0.001,0.0
u_23654,0.0,-1,0.0,,
u_23655,0.0,-1,0.0,,
u_23656,0.0,-1,0.0,,
u_23657,0.0,-1,0.0,,
u_23658,0.0,-1,0.0,,
u_23659,0.0,-1,0.0,,
u_23660,0.0,-1,0.0,,
u_23661,0.0,-1,0.0,,
u_23662,0.043034914056465874,5465,0.0,0.787,0.0
u_23663,0.08254024998562311,1005,0.0,0.787,0.0
u_23664,0.0,-1,0.0,,
u_23665,0.0,-1,0.0,,
u_23666,0.0,-1,0.0,,
u_23667,0.043034914056465874,3505,0.0,0.787,0.0
u_23668,0.043034914056465874,4304,0.0,0.787,0.0
u_23669,0.003045258543281438,498,0.0,0.057,0.0
u_23670,0.0,-1,0.0,,
u_23671,0.043034914056465874,5466,0.0,0.787,0.0
u_23672,0.08041838668776245,341,0.0,0.787,0.0
u_23673,0.0,-1,0.0,,
u_23674,0.0,-1,0.0,,
u_23675,0.0,-1,0.0,,
u_23676,0.042713524067166456,1224,0.0,0.787,0.0
u_23677,0.0,-1,0.0,,
u_23678,0.0,-1,0.0,,
u_23679,7.170384108658715e-05,568,0.0,0.001,0.0
u_23680,0.0,-1,0.0,,
u_23681,0.04468624894123524,4651,0.0,0.817,0.0
u_23682,0.0,-1,0.0,,
u_23683,0.04243788649712176,815,0.0,0.787,0.0
u_23684,0.0,-1,0.0,,
u_23685,0.043034914056465874,3085,0.0,0.787,0.0
u_23686,0.02758424050163159,168,0.0,0.529,0.0
u_23687,0.0,-1,0.0,,
u_23688,0.06937977824628395,4517,0.0,0.673,0.0
u_23689,0.0308009217220935,4177,0.0,0.285,0.0
u_23690,0.0,-1,0.0,,
u_23691,8.010757537953549e-05,854,0.0,0.002,0.0
u_23692,0.043034914056465874,5467,0.0,0.787,0.0
u_23693,0.0,-1,0.0,,
u_23694,0.0,-1,0.0,,
u_23695,0.0,-1,0.0,,
u_23696,0.0,-1,0.0,,
u_23697,0.0,-1,0.0,,
u_23698,0.0,-1,0.0,,
u_23699,0.0,-1,0.0,,
u_23700,0.000981396395848066,2666,0.0,0.018,0.0
u_23701,0.02399722165401293,4365,0.0,0.439,0.0
u_23702,0.0,-1,0.0,,
u_23703,0.0,-1,0.0,,
u_23704,0.0,-1,0.0,,
u_23705,0.0,-1,0.0,,
u_23706,0.0,-1,0.0,,
u_23707,0.0,-1,0.0,,
u_23708,0.0,-1,0.0,,
u_23709,8.685915663508849e-05,875,0.0,0.002,0.0
u_23710,0.08417531978986129,4446,0.0,0.787,0.0
u_23711,0.0,-1,0.0,,
u_23712,0.0,-1,0.0,,
u_23713,0.0,-1,0.0,,
u_23714,0.03521179199287417,168,0.0,0.329,0.0
u_23715,0.00019940189004866705,280,0.0,0.004,0.0
u_23716,0.043034914056465874,3972,0.0,0.787,0.0
u_23717,0.03569387141083191,4569,0.0,0.652,0.0
u_23718,0.0,-1,0.0,,
u_23719,0.043034914056465874,3605,0.0,0.787,0.0
u_23720,0.03988857396492525,71,0.0,0.787,0.0
u_23721,0.0,-1,0.0,,
u_23722,0.043034914056465874,4156,0.0,0.787,0.0
u_23723,0.0,-1,0.0,,
u_23724,0.03656843051360241,4564,0.0,0.646,0.0
u_23725,0.043034914056465874,5468,0.0,0.787,0.0
u_23726,0.0004693175179736822,2186,0.0,0.009,0.0
u_23727,0.0,-1,0.0,,
u_23728,0.0,-1,0.0,,
u_23729,0.017761262914934503,3596,0.0,0.166,0.0
u_23730,0.043034914056465874,6184,0.0,0.787,0.0
u_23731,0.0,-1,0.0,,
u_23732,0.0,-1,0.0,,
u_23733,0.0,-1,0.0,,
u_23734,0.0,-1,0.0,,
u_23735,0.043034914056465874,3052,0.0,0.787,0.0
u_23736,0.043034914056465874,5469,0.0,0.787,0.0
u_23737,0.03988791722973856,878,0.0,0.787,0.0
u_23738,0.043034914056465874,372,0.0,0.787,0.0
u_23739,0.0001879622459728065,354,0.0,0.004,0.0
u_23740,0.0,-1,0.0,,
u_23741,0.03988917861934149,4670,0.0,0.787,0.0
u_23742,0.041754705971818226,4319,0.0,0.39,0.0
u_23743,0.0,-1,0.0,,
u_23744,0.0,-1,0.0,,
u_23745,0.0,-1,0.0,,
u_23746,0.040725527990932736,1802,0.0,0.787,0.0
u_23747,0.0,-1,0.0,,
u_23748,0.0,-1,0.0,,
u_23749,0.019352353924226254,1661,0.0,0.372,0.0
u_23750,0.0,-1,0.0,,
u_23751,0.0,-1,0.0,,
u_23752,0.0,-1,0.0,,
u_23753,0.043034914056465874,4368,0.0,0.787,0.0
u_23754,0.04057494912725288,174,0.0,0.787,0.0
u_23755,0.0,-1,0.0,,
u_23756,0.06873108768118223,7,0.0,0.636,0.0
u_23757,0.0001091444012807455,235,0.0,0.001,0.0
u_23758,0.033555940518926776,1063,0.0,0.648,0.0
u_23759,0.0,-1,0.0,,
u_23760,0.0,-1,0.0,,
u_23761,0.04068074202182578,2866,0.0,0.719,0.0
u_23762,0.0,-1,0.0,,
u_23763,0.0,-1,0.0,,
u_23764,0.0,-1,0.0,,
u_23765,0.0,-1,0.0,,
u_23766,0.0,-1,0.0,,
u_23767,0.0,-1,0.0,,
u_23768,0.04342590280774903,1515,0.0,0.787,0.0
u_23769,0.0,-1,0.0,,
u_23770,0.043034914056465874,6185,0.0,0.787,0.0
u_23771,0.0,-1,0.0,,
u_23772,0.0,-1,0.0,,
u_23773,0.0,-1,0.0,,
u_23774,0.0828249348020452,2488,0.0,0.787,0.0
u_23775,0.0,-1,0.0,,
u_23776,0.0,-1,0.0,,
u_23777,0.002070688422533535,3109,0.0,0.038,0.0
u_23778,0.0,-1,0.0,,
u_23779,0.0,-1,0.0,,
u_23780,0.0,-1,0.0,,
u_23781,0.0,-1,0.0,,
u_23782,0.0,-1,0.0,,
u_23783,0.0,-1,0.0,,
u_23784,0.0,-1,0.0,,
u_23785,0.0005498035541601681,2293,0.0,0.01,0.0
u_23786,0.001984387269029789,3083,0.0,0.036,0.0
u_23787,0.0,-1,0.0,,
u_23788,0.043059667637498605,649,0.0,0.787,0.0
u_23789,0.0,-1,0.0,,
u_23790,0.0,-1,0.0,,
u_23791,0.0,-1,0.0,,
u_23792,0.0,-1,0.0,,
u_23793,0.0,-1,0.0,,
u_23794,0.03989139040062377,2152,0.0,0.787,0.0
u_23795,0.0,-1,0.0,,
u_23796,0.0,-1,0.0,,
u_23797,0.0,-1,0.0,,
u_23798,0.0,-1,0.0,,
u_23799,0.0,-1,0.0,,
u_23800,0.0,-1,0.0,,
u_23801,0.0,-1,0.0,,
u_23802,0.0,-1,0.0,,
u_23803,0.0,-1,0.0,,
u_23804,0.0,-1,0.0,,
u_23805,0.0,-1,0.0,,
u_23806,0.0025837380036838626,2870,0.0,0.025,0.0
u_23807,0.0,-1,0.0,,
u_23808,0.0,-1,0.0,,
u_23809,0.0,-1,0.0,,
u_23810,0.0028739049967625944,3296,0.0,0.053,0.0
u_23811,0.0,-1,0.0,,
u_23812,0.0,-1,0.0,,
u_23813,0.0,-1,0.0,,
u_23814,0.005212446258334918,2226,0.0,0.094,0.0
u_23815,0.08236630710979355,6155,0.0,0.787,0.0
u_23816,0.043034914056465874,6186,0.0,0.787,0.0
u_23817,0.0,-1,0.0,,
u_23818,0.0,-1,0.0,,
u_23819,0.0,-1,0.0,,
u_23820,0.0,-1,0.0,,
u_23821,0.0,-1,0.0,,
u_23822,0.0,-1,0.0,,
u_23823,0.0,-1,0.0,,
u_23824,0.0,-1,0.0,,
u_23825,0.043034914056465874,5470,0.0,0.787,0.0
u_23826,0.03988731326109826,285,0.0,0.787,0.0
u_23827,0.04489161089415678,90,0.0,0.787,0.0
u_23828,0.0,-1,0.0,,
u_23829,0.0,-1,0.0,,
u_23830,0.08035088743820008,332,0.0,0.787,0.0
u_23831,0.0005069974260388868,805,0.0,0.01,0.0
u_23832,0.0,-1,0.0,,
u_23833,0.0,-1,0.0,,
u_23834,0.0,-1,0.0,,
u_23835,0.0,-1,0.0,,
u_23836,0.0,-1,0.0,,
u_23837,0.0,-1,0.0,,
u_23838,0.011054263822894194,1735,0.0,0.103,0.0
u_23839,0.0,-1,0.0,,
u_23840,0.0,-1,0.0,,
u_23841,0.0,-1,0.0,,
u_23842,0.03988814304316608,2670,0.0,0.787,0.0
u_23843,0.04237857825846893,714,0.0,0.787,0.0
u_23844,0.0,-1,0.0,,
u_23845,0.0,-1,0.0,,
u_23846,0.0,-1,0.0,,
u_23847,0.0,-1,0.0,,
u_23848,0.0,-1,0.0,,
u_23849,0.0,-1,0.0,,
u_23850,0.08234425557693067,736,0.0,0.787,0.0
u_23851,0.018737964208989103,4251,0.0,0.343,0.0
u_23852,0.0,-1,0.0,,
u_23853,0.01807263011975234,4237,0.0,0.33,0.0
u_23854,0.0,-1,0.0,,
u_23855,0.0,-1,0.0,,
u_23856,0.0,-1,0.0,,
u_23857,0.0,-1,0.0,,
u_23858,0.0,-1,0.0,,
u_23859,0.043034914056465874,5471,0.0,0.787,0.0
u_23860,0.043034914056465874,1064,0.0,0.787,0.0
u_23861,0.04668140806362703,1560,0.0,0.853,0.0
u_23862,0.07963202492073859,801,0.0,0.787,0.0
u_23863,0.0,-1,0.0,,
u_23864,0.12254390583193327,1642,0.0,0.787,0.0
u_23865,0.0,-1,0.0,,
u_23866,0.0,-1,0.0,,
u_23867,0.04379929877590425,661,0.0,0.787,0.0
u_23868,0.0,-1,0.0,,
u_23869,0.0005425756912858348,2285,0.0,0.01,0.0
u_23870,0.03571293048928337,4571,0.0,0.653,0.0
u_23871,0.043034914056465874,6187,0.0,0.787,0.0
u_23872,0.0,-1,0.0,,
u_23873,0.0,-1,0.0,,
u_23874,0.0,-1,0.0,,
u_23875,0.0,-1,0.0,,
u_23876,0.06587825992209534,626,0.0,0.614,0.0
u_23877,0.0017004845341507028,3008,0.0,0.031,0.0
u_23878,0.08894218621743974,2299,0.0,0.831,0.0
u_23879,0.0,-1,0.0,,
u_23880,0.043034914056465874,4123,0.0,0.787,0.0
u_23881,0.0,-1,0.0,,
u_23882,0.0,-1,0.0,,
u_23883,0.039888182074446034,687,0.0,0.787,0.0
u_23884,0.0,-1,0.0,,
u_23885,0.043034914056465874,1839,0.0,0.787,0.0
u_23886,0.0,-1,0.0,,
u_23887,0.0,-1,0.0,,
u_23888,0.0,-1,0.0,,
u_23889,0.0,-1,0.0,,
u_23890,0.0,-1,0.0,,
u_23891,0.08003190272301071,714,0.0,0.787,0.0
u_23892,0.0,-1,0.0,,
u_23893,0.0,-1,0.0,,
u_23894,0.043034914056465874,1391,0.0,0.787,0.0
u_23895,0.0,-1,0.0,,
u_23896,0.0,-1,0.0,,
u_23897,0.0,-1,0.0,,
u_23898,0.03989057717405854,3729,0.0,0.787,0.0
u_23899,0.043034914056465874,4898,0.0,0.787,0.0
u_23900,0.0,-1,0.0,,
u_23901,0.08158609202259606,1179,0.0,0.787,0.0
u_23902,0.0,-1,0.0,,
u_23903,0.0,-1,0.0,,
u_23904,0.0,-1,0.0,,
u_23905,0.0,-1,0.0,,
u_23906,0.0,-1,0.0,,
u_23907,0.0,-1,0.0,,
u_23908,0.04088222292355389,266,0.0,0.787,0.0
u_23909,0.0,-1,0.0,,
u_23910,0.0,-1,0.0,,
u_23911,0.043034914056465874,3582,0.0,0.787,0.0
u_23912,0.0,-1,0.0,,
u_23913,0.0,-1,0.0,,
u_23914,0.043034914056465874,6188,0.0,0.787,0.0
u_23915,0.043034914056465874,6185,0.0,0.787,0.0
u_23916,0.043034914056465874,5472,0.0,0.787,0.0
u_23917,0.0,-1,0.0,,
u_23918,0.0,-1,0.0,,
u_23919,0.043034914056465874,5473,0.0,0.787,0.0
u_23920,0.0,-1,0.0,,
u_23921,0.0,-1,0.0,,
u_23922,0.0,-1,0.0,,
u_23923,0.0,-1,0.0,,
u_23924,0.0,-1,0.0,,
u_23925,0.0,-1,0.0,,
u_23926,0.0,-1,0.0,,
u_23927,0.0,-1,0.0,,
u_23928,0.0,-1,0.0,,
u_23929,0.043034914056465874,5474,0.0,0.787,0.0
u_23930,0.043034914056465874,3795,0.0,0.787,0.0
u_23931,0.0,-1,0.0,,
u_23932,0.0,-1,0.0,,
u_23933,0.0,-1,0.0,,
u_23934,0.0,-1,0.0,,
u_23935,0.043034914056465874,6189,0.0,0.787,0.0
u_23936,0.0015589022963249466,2972,0.0,0.028,0.0
u_23937,0.0,-1,0.0,,
u_23938,0.0,-1,0.0,,
u_23939,0.0,-1,0.0,,
u_23940,0.04095946962862925,2531,0.0,0.787,0.0
u_23941,0.0,-1,0.0,,
u_23942,0.043034914056465874,436,0.0,0.787,0.0
u_23943,0.0,-1,0.0,,
u_23944,0.0,-1,0.0,,
u_23945,0.0,-1,0.0,,
u_23946,0.0,-1,0.0,,
u_23947,0.0,-1,0.0,,
u_23948,0.0,-1,0.0,,
u_23949,0.0,-1,0.0,,
u_23950,0.0,-1,0.0,,
u_23951,0.0,-1,0.0,,
u_23952,0.0,-1,0.0,,
u_23953,0.0,-1,0.0,,
u_23954,0.0,-1,0.0,,
u_23955,0.043034914056465874,6006,0.0,0.787,0.0
u_23956,0.0,-1,0.0,,
u_23957,0.043034914056465874,4614,0.0,0.787,0.0
u_23958,0.0,-1,0.0,,
u_23959,0.00845835455436993,3932,0.0,0.165,0.0
u_23960,0.0,-1,0.0,,
u_23961,0.0,-1,0.0,,
u_23962,0.0,-1,0.0,,
u_23963,0.0,-1,0.0,,
u_23964,0.043034914056465874,2345,0.0,0.787,0.0
u_23965,0.0,-1,0.0,,
u_23966,0.0,-1,0.0,,
u_23967,0.0,-1,0.0,,
u_23968,0.0,-1,0.0,,
u_23969,0.0,-1,0.0,,
u_23970,0.0,-1,0.0,,
u_23971,0.0,-1,0.0,,
u_23972,0.0,-1,0.0,,
u_23973,0.0,-1,0.0,,
u_23974,0.0,-1,0.0,,
u_23975,0.0,-1,0.0,,
u_23976,0.0,-1,0.0,,
u_23977,0.0,-1,0.0,,
u_23978,0.0,-1,0.0,,
u_23979,0.0,-1,0.0,,
u_23980,0.0,-1,0.0,,
u_23981,0.0,-1,0.0,,
u_23982,0.0,-1,0.0,,
u_23983,0.006455230967343329,2212,0.0,0.059,0.0
u_23984,0.0,-1,0.0,,
u_23985,0.024512719199306282,3894,0.0,0.155,0.0
u_23986,0.12088574586725565,3781,0.0,0.787,0.0
u_23987,0.0,-1,0.0,,
u_23988,0.0008830673045894934,789,0.0,0.017,0.0
u_23989,0.0,-1,0.0,,
u_23990,0.0398888208957245,1248,0.0,0.787,0.0
u_23991,0.040155766778496554,87,0.0,0.787,0.0
u_23992,0.0,-1,0.0,,
u_23993,0.0,-1,0.0,,
u_23994,0.0,-1,0.0,,
u_23995,0.0,-1,0.0,,
u_23996,0.0,-1,0.0,,
u_23997,0.08448304377393107,5,0.0,0.787,0.0
u_23998,0.0,-1,0.0,,
u_23999,0.0,-1,0.0,,
u_24000,0.0,-1,0.0,,
u_24001,0.043034914056465874,6190,0.0,0.787,0.0
u_24002,0.0002653781979317519,1821,0.0,0.005,0.0
u_24003,0.0,-1,0.0,,
u_24004,0.00029598153560325853,904,0.0,0.005,0.0
u_24005,0.0,-1,0.0,,
u_24006,0.043034914056465874,1146,0.0,0.787,0.0
u_24007,0.0,-1,0.0,,
u_24008,0.0,-1,0.0,,
u_24009,0.0007437257256707073,419,0.0,0.015,0.0
u_24010,0.0,-1,0.0,,
u_24011,0.043034914056465874,3712,0.0,0.787,0.0
u_24012,0.043034914056465874,6191,0.0,0.787,0.0
u_24013,0.043034914056465874,5016,0.0,0.787,0.0
u_24014,0.0002759768817388427,1799,0.0,0.005,0.0
u_24015,0.03989348057184478,280,0.0,0.787,0.0
u_24016,0.0,-1,0.0,,
u_24017,0.0,-1,0.0,,
u_24018,0.0,-1,0.0,,
u_24019,0.0,-1,0.0,,
u_24020,0.1199758777317695,1354,0.0,0.787,0.0
u_24021,0.0,-1,0.0,,
u_24022,0.0,-1,0.0,,
u_24023,0.0,-1,0.0,,
u_24024,0.0,-1,0.0,,
u_24025,0.0,-1,0.0,,
u_24026,0.0,-1,0.0,,
u_24027,0.0453989813934409,1416,0.0,0.434,0.0
u_24028,0.043034914056465874,2820,0.0,0.787,0.0
u_24029,0.03988906964839676,946,0.0,0.787,0.0
u_24030,0.043034914056465874,4678,0.0,0.787,0.0
u_24031,0.0,-1,0.0,,
u_24032,0.0,-1,0.0,,
u_24033,0.0,-1,0.0,,
u_24034,0.0,-1,0.0,,
u_24035,0.0,-1,0.0,,
u_24036,0.04069769172445243,1210,0.0,0.787,0.0
u_24037,0.0,-1,0.0,,
u_24038,0.04513827333782071,2444,0.0,0.787,0.0
u_24039,0.08236630710979355,5475,0.0,0.787,0.0
u_24040,0.0,-1,0.0,,
u_24041,0.0,-1,0.0,,
u_24042,0.0,-1,0.0,,
u_24043,0.043034914056465874,6192,0.0,0.787,0.0
u_24044,0.04201312868899776,537,0.0,0.787,0.0
u_24045,0.043034914056465874,5476,0.0,0.787,0.0
u_24046,0.0,-1,0.0,,
u_24047,0.0,-1,0.0,,
u_24048,0.0006454662901279204,237,0.0,0.012,0.0
u_24049,0.0,-1,0.0,,
u_24050,0.0,-1,0.0,,
u_24051,0.043034914056465874,6193,0.0,0.787,0.0
u_24052,0.0,-1,0.0,,
u_24053,0.0,-1,0.0,,
u_24054,0.0,-1,0.0,,
u_24055,0.0,-1,0.0,,
u_24056,0.0,-1,0.0,,
u_24057,0.08417531978986129,4001,0.0,0.787,0.0
u_24058,0.0,-1,0.0,,
u_24059,0.0,-1,0.0,,
u_24060,0.0,-1,0.0,,
u_24061,0.0,-1,0.0,,
u_24062,0.004466289825870874,3555,0.0,0.082,0.0
u_24063,0.0,-1,0.0,,
u_24064,0.043034914056465874,1539,0.0,0.787,0.0
u_24065,0.0005307467539651001,2251,0.0,0.009,0.0
u_24066,0.0,-1,0.0,,
u_24067,0.0,-1,0.0,,
u_24068,0.043065321109693445,1284,0.0,0.787,0.0
u_24069,7.182718182947017e-05,688,0.0,0.001,0.0
u_24070,0.0,-1,0.0,,
u_24071,0.0,-1,0.0,,
u_24072,0.08417531978986129,4011,0.0,0.787,0.0
u_24073,0.0,-1,0.0,,
u_24074,0.0,-1,0.0,,
u_24075,0.0,-1,0.0,,
u_24076,0.0,-1,0.0,,
u_24077,0.0,-1,0.0,,
u_24078,0.024017301775902892,4347,0.0,0.415,0.0
u_24079,0.08347086653733046,5477,0.0,0.787,0.0
u_24080,0.030925231382439813,168,0.0,0.608,0.0
u_24081,0.0,-1,0.0,,
u_24082,0.0006440140705109912,2399,0.0,0.012,0.0
u_24083,0.0,-1,0.0,,
u_24084,0.0,-1,0.0,,
u_24085,0.043034914056465874,6194,0.0,0.787,0.0
u_24086,0.013634150353072872,379,0.0,0.088,0.0
u_24087,0.0,-1,0.0,,
u_24088,0.008230609125498469,1032,0.0,0.151,0.0
u_24089,0.0,-1,0.0,,
u_24090,0.04336225825556898,222,0.0,0.787,0.0
u_24091,0.07963997789723855,1600,0.0,0.787,0.0
u_24092,0.0,-1,0.0,,
u_24093,0.043034914056465874,330,0.0,0.787,0.0
u_24094,0.0,-1,0.0,,
u_24095,0.043034914056465874,3749,0.0,0.787,0.0
u_24096,0.043034914056465874,6079,0.0,0.787,0.0
u_24097,0.0,-1,0.0,,
u_24098,0.0,-1,0.0,,
u_24099,0.0,-1,0.0,,
u_24100,0.0,-1,0.0,,
u_24101,0.03507630724878644,4557,0.0,0.641,0.0
u_24102,0.0,-1,0.0,,
u_24103,0.0,-1,0.0,,
u_24104,0.00019248257920562325,611,0.0,0.001,0.0
u_24105,0.0,-1,0.0,,
u_24106,0.0,-1,0.0,,
u_24107,0.0,-1,0.0,,
u_24108,0.0,-1,0.0,,
u_24109,0.08417531978986129,1494,0.0,0.787,0.0
u_24110,0.0,-1,0.0,,
u_24111,0.0,-1,0.0,,
u_24112,0.043034914056465874,5478,0.0,0.787,0.0
u_24113,0.0,-1,0.0,,
u_24114,0.0,-1,0.0,,
u_24115,0.0,-1,0.0,,
u_24116,0.04375544303315554,4117,0.0,0.787,0.0
u_24117,0.012640628923962146,1401,0.0,0.118,0.0
u_24118,0.0014424473689226302,2919,0.0,0.026,0.0
u_24119,0.0,-1,0.0,,
u_24120,0.0,-1,0.0,,
u_24121,0.0,-1,0.0,,
u_24122,0.0,-1,0.0,,
u_24123,0.0,-1,0.0,,
u_24124,0.0,-1,0.0,,
u_24125,0.0,-1,0.0,,
u_24126,0.0,-1,0.0,,
u_24127,0.0,-1,0.0,,
u_24128,0.043034914056465874,1946,0.0,0.787,0.0
u_24129,0.0,-1,0.0,,
u_24130,0.0,-1,0.0,,
u_24131,0.0009694091734941704,1506,0.0,0.009,0.0
u_24132,0.0,-1,0.0,,
u_24133,4.6844712106611065e-05,223,0.0,0.001,0.0
u_24134,0.043034914056465874,1606,0.0,0.787,0.0
u_24135,0.0,-1,0.0,,
u_24136,0.0,-1,0.0,,
u_24137,0.0,-1,0.0,,
u_24138,0.0,-1,0.0,,
u_24139,0.043034914056465874,4969,0.0,0.787,0.0
u_24140,0.0,-1,0.0,,
u_24141,0.0,-1,0.0,,
u_24142,0.0,-1,0.0,,
u_24143,0.0,-1,0.0,,
u_24144,0.0,-1,0.0,,
u_24145,0.0,-1,0.0,,
u_24146,0.03988745383178071,222,0.0,0.787,0.0
u_24147,0.0,-1,0.0,,
u_24148,0.0,-1,0.0,,
u_24149,0.0,-1,0.0,,
u_24150,0.039889915024927634,703,0.0,0.787,0.0
u_24151,0.0,-1,0.0,,
u_24152,0.0,-1,0.0,,
u_24153,0.0,-1,0.0,,
u_24154,0.0,-1,0.0,,
u_24155,0.043034914056465874,6110,0.0,0.787,0.0
u_24156,0.04020700288907123,2545,0.0,0.787,0.0
u_24157,0.0,-1,0.0,,
u_24158,0.0,-1,0.0,,
u_24159,0.04224379975969171,3671,0.0,0.787,0.0
u_24160,0.0,-1,0.0,,
u_24161,0.043034914056465874,5479,0.0,0.787,0.0
u_24162,0.041048978997654494,2734,0.0,0.787,0.0
u_24163,0.0,-1,0.0,,
u_24164,0.0,-1,0.0,,
u_24165,0.043034914056465874,3270,0.0,0.787,0.0
u_24166,0.040571436338456696,222,0.0,0.787,0.0
u_24167,0.043733663053673835,927,0.0,0.787,0.0
u_24168,0.04261172834039696,834,0.0,0.787,0.0
u_24169,0.0828714225556016,577,0.0,0.787,0.0
u_24170,0.0,-1,0.0,,
u_24171,0.0,-1,0.0,,
u_24172,0.0,-1,0.0,,
u_24173,0.040654274893897224,4058,0.0,0.38,0.0
u_24174,0.0,-1,0.0,,
u_24175,0.04147330834942262,619,0.0,0.787,0.0
u_24176,0.0,-1,0.0,,
u_24177,0.0,-1,0.0,,
u_24178,0.0003207480442627532,1434,0.0,0.003,0.0
u_24179,0.0,-1,0.0,,
u_24180,0.04083828202074043,161,0.0,0.787,0.0
u_24181,0.005499339600059365,2574,0.0,0.101,0.0
u_24182,0.0009344419366773336,2638,0.0,0.017,0.0
u_24183,0.043034914056465874,6195,0.0,0.787,0.0
u_24184,0.0,-1,0.0,,
u_24185,0.043034914056465874,5480,0.0,0.787,0.0
u_24186,0.08417531978986129,2436,0.0,0.787,0.0
u_24187,0.0,-1,0.0,,
u_24188,0.043034914056465874,20,0.0,0.787,0.0
u_24189,0.0,-1,0.0,,
u_24190,0.0,-1,0.0,,
u_24191,0.043034914056465874,2994,0.0,0.787,0.0
u_24192,0.0,-1,0.0,,
u_24193,0.0027236813251187765,222,0.0,0.052,0.0
u_24194,0.0,-1,0.0,,
u_24195,0.044563633278617544,1221,0.0,0.787,0.0
u_24196,0.0,-1,0.0,,
u_24197,0.0,-1,0.0,,
u_24198,0.0,-1,0.0,,
u_24199,0.0,-1,0.0,,
u_24200,0.0,-1,0.0,,
u_24201,0.0,-1,0.0,,
u_24202,0.0,-1,0.0,,
u_24203,0.0,-1,0.0,,
u_24204,0.0,-1,0.0,,
u_24205,0.00010811674143297082,1081,0.0,0.002,0.0
u_24206,0.0,-1,0.0,,
u_24207,0.0,-1,0.0,,
u_24208,0.0018929961337633306,168,0.0,0.012,0.0
u_24209,0.043034914056465874,1215,0.0,0.787,0.0
u_24210,0.0,-1,0.0,,
u_24211,0.0,-1,0.0,,
u_24212,0.0,-1,0.0,,
u_24213,0.04114808629631074,49,0.0,0.787,0.0
u_24214,0.0,-1,0.0,,
u_24215,0.0,-1,0.0,,
u_24216,0.0,-1,0.0,,
u_24217,0.0,-1,0.0,,
u_24218,0.0,-1,0.0,,
u_24219,0.0,-1,0.0,,
u_24220,0.0,-1,0.0,,
u_24221,0.0,-1,0.0,,
u_24222,0.061760106618869944,222,0.0,0.591,0.0
u_24223,0.0,-1,0.0,,
u_24224,0.0,-1,0.0,,
u_24225,0.07962931756260405,4071,0.0,0.787,0.0
u_24226,0.002462555901538367,2588,0.0,0.016,0.0
u_24227,0.0,-1,0.0,,
u_24228,0.043034914056465874,2865,0.0,0.787,0.0
u_24229,0.08417531978986129,5139,0.0,0.787,0.0
u_24230,0.043034914056465874,2930,0.0,0.787,0.0
u_24231,0.0,-1,0.0,,
u_24232,0.00033107352304566064,1926,0.0,0.006,0.0
u_24233,0.039888654131998456,984,0.0,0.787,0.0
u_24234,0.0,-1,0.0,,
u_24235,0.05593557613298367,1324,0.0,0.515,0.0
u_24236,4.930457907321392e-05,303,0.0,0.001,0.0
u_24237,0.014894507364629567,1200,0.0,0.287,0.0
u_24238,0.0,-1,0.0,,
u_24239,0.0,-1,0.0,,
u_24240,0.0,-1,0.0,,
u_24241,0.0,-1,0.0,,
u_24242,0.043034914056465874,2816,0.0,0.787,0.0
u_24243,0.0,-1,0.0,,
u_24244,0.0,-1,0.0,,
u_24245,0.0,-1,0.0,,
u_24246,0.0,-1,0.0,,
u_24247,0.0,-1,0.0,,
u_24248,0.0,-1,0.0,,
u_24249,0.0,-1,0.0,,
u_24250,0.043034914056465874,4989,0.0,0.787,0.0
u_24251,0.043034914056465874,5481,0.0,0.787,0.0
u_24252,0.0,-1,0.0,,
u_24253,0.0,-1,0.0,,
u_24254,0.043034914056465874,5482,0.0,0.787,0.0
u_24255,0.0,-1,0.0,,
u_24256,0.0,-1,0.0,,
u_24257,0.0,-1,0.0,,
u_24258,0.0,-1,0.0,,
u_24259,0.0,-1,0.0,,
u_24260,0.0,-1,0.0,,
u_24261,0.0,-1,0.0,,
u_24262,0.0002611760908535519,1749,0.0,0.005,0.0
u_24263,0.0,-1,0.0,,
u_24264,0.0,-1,0.0,,
u_24265,0.0,-1,0.0,,
u_24266,0.0,-1,0.0,,
u_24267,0.043034914056465874,2833,0.0,0.787,0.0
u_24268,0.043034914056465874,4561,0.0,0.787,0.0
u_24269,0.0,-1,0.0,,
u_24270,0.0,-1,0.0,,
u_24271,0.0,-1,0.0,,
u_24272,0.0,-1,0.0,,
u_24273,0.0,-1,0.0,,
u_24274,0.0,-1,0.0,,
u_24275,0.043034914056465874,2659,0.0,0.787,0.0
u_24276,0.0,-1,0.0,,
u_24277,0.043034914056465874,2164,0.0,0.787,0.0
u_24278,0.0005311199279089866,485,0.0,0.005,0.0
u_24279,0.0,-1,0.0,,
u_24280,0.043034914056465874,4577,0.0,0.787,0.0
u_24281,0.0,-1,0.0,,
u_24282,0.043034914056465874,5356,0.0,0.787,0.0
u_24283,0.0,-1,0.0,,
u_24284,0.0,-1,0.0,,
u_24285,0.0,-1,0.0,,
u_24286,0.0,-1,0.0,,
u_24287,0.0,-1,0.0,,
u_24288,0.043034914056465874,4881,0.0,0.787,0.0
u_24289,0.04437240376459123,3891,0.0,0.787,0.0
u_24290,0.0,-1,0.0,,
u_24291,0.0,-1,0.0,,
u_24292,0.04041163988605225,4594,0.0,0.717,0.0
u_24293,0.0,-1,0.0,,
u_24294,0.043034914056465874,2573,0.0,0.787,0.0
u_24295,0.0,-1,0.0,,
u_24296,0.0,-1,0.0,,
u_24297,0.0025158058806715134,990,0.0,0.049,0.0
u_24298,0.0,-1,0.0,,
u_24299,0.0,-1,0.0,,
u_24300,8.324044639160311e-05,837,0.0,0.002,0.0
u_24301,0.0,-1,0.0,,
u_24302,0.0,-1,0.0,,
u_24303,0.043034914056465874,2183,0.0,0.787,0.0
u_24304,0.043034914056465874,5483,0.0,0.787,0.0
u_24305,0.07963946927554463,2441,0.0,0.787,0.0
u_24306,0.0,-1,0.0,,
u_24307,0.0,-1,0.0,,
u_24308,0.043034914056465874,2879,0.0,0.787,0.0
u_24309,0.0,-1,0.0,,
u_24310,0.043034914056465874,5484,0.0,0.787,0.0
u_24311,0.0,-1,0.0,,
u_24312,0.004725472683019742,3586,0.0,0.086,0.0
u_24313,0.043034914056465874,1896,0.0,0.787,0.0
u_24314,0.0,-1,0.0,,
u_24315,0.0002641574401026489,1778,0.0,0.005,0.0
u_24316,0.0,-1,0.0,,
u_24317,0.0,-1,0.0,,
u_24318,0.0,-1,0.0,,
u_24319,0.0,-1,0.0,,
u_24320,0.043034914056465874,4703,0.0,0.787,0.0
u_24321,0.0,-1,0.0,,
u_24322,0.0,-1,0.0,,
u_24323,0.00022715536736205916,797,0.0,0.004,0.0
u_24324,0.0,-1,0.0,,
u_24325,0.0,-1,0.0,,
u_24326,0.043034914056465874,5405,0.0,0.787,0.0
u_24327,0.0,-1,0.0,,
u_24328,0.0006972033051415296,2454,0.0,0.013,0.0
u_24329,0.0,-1,0.0,,
u_24330,0.026581985146420614,3981,0.0,0.488,0.0
u_24331,0.043034914056465874,5485,0.0,0.787,0.0
u_24332,0.0,-1,0.0,,
u_24333,0.0,-1,0.0,,
u_24334,0.08417531978986129,2155,0.0,0.787,0.0
u_24335,0.043547889388463705,2290,0.0,0.787,0.0
u_24336,0.03988879804725396,903,0.0,0.787,0.0
u_24337,0.0,-1,0.0,,
u_24338,0.0,-1,0.0,,
u_24339,0.08236630710979355,5475,0.0,0.787,0.0
u_24340,0.000625774209912304,168,0.0,0.012,0.0
u_24341,0.0,-1,0.0,,
u_24342,0.00011862211740272299,1154,0.0,0.002,0.0
u_24343,0.0,-1,0.0,,
u_24344,0.0,-1,0.0,,
u_24345,0.0,-1,0.0,,
u_24346,0.0,-1,0.0,,
u_24347,0.005203100358203841,3637,0.0,0.094,0.0
u_24348,0.043034914056465874,2986,0.0,0.787,0.0
u_24349,0.028784088708346308,711,0.0,0.549,0.0
u_24350,0.0,-1,0.0,,
u_24351,0.04149882393207405,168,0.0,0.787,0.0
u_24352,0.0,-1,0.0,,
u_24353,0.0,-1,0.0,,
u_24354,0.03988746803003494,427,0.0,0.787,0.0
u_24355,0.043034914056465874,4945,0.0,0.787,0.0
u_24356,0.0,-1,0.0,,
u_24357,0.0,-1,0.0,,
u_24358,0.0,-1,0.0,,
u_24359,0.0,-1,0.0,,
u_24360,0.0,-1,0.0,,
u_24361,0.0,-1,0.0,,
u_24362,0.04043728145157124,307,0.0,0.787,0.0
u_24363,0.0,-1,0.0,,
u_24364,0.0,-1,0.0,,
u_24365,0.0,-1,0.0,,
u_24366,0.0,-1,0.0,,
u_24367,0.0,-1,0.0,,
u_24368,0.0,-1,0.0,,
u_24369,0.0,-1,0.0,,
u_24370,0.03988715546429348,1936,0.0,0.787,0.0
u_24371,0.0,-1,0.0,,
u_24372,0.0,-1,0.0,,
u_24373,0.0,-1,0.0,,
u_24374,0.0,-1,0.0,,
u_24375,0.0,-1,0.0,,
u_24376,0.041364284633202276,7,0.0,0.787,0.0
u_24377,0.0,-1,0.0,,
u_24378,0.0015698936101296395,1467,0.0,0.029,0.0
u_24379,0.0,-1,0.0,,
u_24380,0.0,-1,0.0,,
u_24381,0.0,-1,0.0,,
u_24382,0.041380627053974633,3352,0.0,0.787,0.0
u_24383,0.0,-1,0.0,,
u_24384,0.043034914056465874,5486,0.0,0.787,0.0
u_24385,0.0,-1,0.0,,
u_24386,0.0,-1,0.0,,
u_24387,0.044372987466873515,2998,0.0,0.787,0.0
u_24388,0.043034914056465874,5487,0.0,0.787,0.0
u_24389,0.0,-1,0.0,,
u_24390,0.0,-1,0.0,,
u_24391,0.0,-1,0.0,,
u_24392,0.043034914056465874,657,0.0,0.787,0.0
u_24393,0.043034914056465874,5488,0.0,0.787,0.0
u_24394,0.0,-1,0.0,,
u_24395,0.0,-1,0.0,,
u_24396,0.0,-1,0.0,,
u_24397,0.007682138329535198,266,0.0,0.15,0.0
u_24398,0.039891929603787506,2475,0.0,0.787,0.0
u_24399,0.043034914056465874,5439,0.0,0.787,0.0
u_24400,0.0,-1,0.0,,
u_24401,0.0,-1,0.0,,
u_24402,0.0,-1,0.0,,
u_24403,0.0,-1,0.0,,
u_24404,0.0,-1,0.0,,
u_24405,0.001425344503206214,2908,0.0,0.026,0.0
u_24406,0.0,-1,0.0,,
u_24407,0.0,-1,0.0,,
u_24408,0.043034914056465874,6196,0.0,0.787,0.0
u_24409,0.0,-1,0.0,,
u_24410,0.04645400652818162,2600,0.0,0.787,0.0
u_24411,0.021162915217822275,929,0.0,0.199,0.0
u_24412,0.0,-1,0.0,,
u_24413,0.04421588564829653,1273,0.0,0.787,0.0
u_24414,0.0,-1,0.0,,
u_24415,0.0,-1,0.0,,
u_24416,0.03988858957057188,1588,0.0,0.787,0.0
u_24417,0.0,-1,0.0,,
u_24418,0.0,-1,0.0,,
u_24419,0.043034914056465874,5489,0.0,0.787,0.0
u_24420,0.00032566658476720277,1912,0.0,0.006,0.0
u_24421,0.043031606369824595,4360,0.0,0.787,0.0
u_24422,0.043034914056465874,5490,0.0,0.787,0.0
u_24423,0.0,-1,0.0,,
u_24424,0.0,-1,0.0,,
u_24425,0.0,-1,0.0,,
u_24426,0.0,-1,0.0,,
u_24427,0.0,-1,0.0,,
u_24428,0.0,-1,0.0,,
u_24429,0.0012859096499212644,2833,0.0,0.024,0.0
u_24430,0.055683146082479526,1039,0.0,0.351,0.0
u_24431,0.0,-1,0.0,,
u_24432,0.0,-1,0.0,,
u_24433,0.0,-1,0.0,,
u_24434,0.043034914056465874,3382,0.0,0.787,0.0
u_24435,0.043034914056465874,2138,0.0,0.787,0.0
u_24436,0.0,-1,0.0,,
u_24437,0.00018173655254404198,646,0.0,0.004,0.0
u_24438,0.08236630710979355,5312,0.0,0.787,0.0
u_24439,0.0,-1,0.0,,
u_24440,0.0,-1,0.0,,
u_24441,0.0,-1,0.0,,
u_24442,0.08027456139694829,3379,0.0,0.787,0.0
u_24443,0.0,-1,0.0,,
u_24444,0.0013999065914755895,2680,0.0,0.026,0.0
u_24445,0.0,-1,0.0,,
u_24446,0.0,-1,0.0,,
u_24447,0.0,-1,0.0,,
u_24448,0.0,-1,0.0,,
u_24449,0.0044710994896900065,1063,0.0,0.085,0.0
u_24450,0.043034914056465874,5491,0.0,0.787,0.0
u_24451,0.0,-1,0.0,,
u_24452,0.0,-1,0.0,,
u_24453,0.0,-1,0.0,,
u_24454,0.04018415072033738,1776,0.0,0.787,0.0
u_24455,0.0,-1,0.0,,
u_24456,0.0,-1,0.0,,
u_24457,0.006440506253634708,1651,0.0,0.123,0.0
u_24458,0.0,-1,0.0,,
u_24459,0.005962420151584164,3699,0.0,0.109,0.0
u_24460,0.0,-1,0.0,,
u_24461,0.040038330343662124,1754,0.0,0.787,0.0
u_24462,0.04055872138975051,222,0.0,0.787,0.0
u_24463,0.0,-1,0.0,,
u_24464,0.0,-1,0.0,,
u_24465,0.0,-1,0.0,,
u_24466,0.0,-1,0.0,,
u_24467,0.0,-1,0.0,,
u_24468,0.043034914056465874,6197,0.0,0.787,0.0
u_24469,0.0,-1,0.0,,
u_24470,0.043034914056465874,5492,0.0,0.787,0.0
u_24471,0.0,-1,0.0,,
u_24472,0.08417531978986129,1527,0.0,0.787,0.0
u_24473,0.0004353082334136563,1216,0.0,0.008,0.0
u_24474,0.0,-1,0.0,,
u_24475,0.0,-1,0.0,,
u_24476,0.0,-1,0.0,,
u_24477,4.182427604019209e-05,79,0.0,0.001,0.0
u_24478,0.0416831158846417,982,0.0,0.787,0.0
u_24479,0.0,-1,0.0,,
u_24480,0.0,-1,0.0,,
u_24481,0.0,-1,0.0,,
u_24482,0.0,-1,0.0,,
u_24483,0.043034914056465874,6135,0.0,0.787,0.0
u_24484,0.0,-1,0.0,,
u_24485,0.0,-1,0.0,,
u_24486,0.0,-1,0.0,,
u_24487,0.0,-1,0.0,,
u_24488,0.04083771299683959,1144,0.0,0.787,0.0
u_24489,0.0,-1,0.0,,
u_24490,0.0,-1,0.0,,
u_24491,0.006910759932154598,3431,0.0,0.065,0.0
u_24492,0.0,-1,0.0,,
u_24493,0.007476612296506504,3826,0.0,0.137,0.0
u_24494,0.0,-1,0.0,,
u_24495,0.08417531978986129,1522,0.0,0.787,0.0
u_24496,0.04325829926389916,1623,0.0,0.787,0.0
u_24497,0.0,-1,0.0,,
u_24498,0.043034914056465874,4223,0.0,0.787,0.0
u_24499,0.0,-1,0.0,,
u_24500,0.0,-1,0.0,,
u_24501,0.0,-1,0.0,,
u_24502,0.0,-1,0.0,,
u_24503,0.043034914056465874,5127,0.0,0.787,0.0
u_24504,5.314520717787267e-05,348,0.0,0.001,0.0
u_24505,0.0,-1,0.0,,
u_24506,0.0,-1,0.0,,
u_24507,0.039888050879187426,485,0.0,0.787,0.0
u_24508,0.028274947429170392,1319,0.0,0.523,0.0
u_24509,0.0,-1,0.0,,
u_24510,0.0,-1,0.0,,
u_24511,0.0,-1,0.0,,
u_24512,0.0,-1,0.0,,
u_24513,0.0,-1,0.0,,
u_24514,0.0,-1,0.0,,
u_24515,0.043034914056465874,4354,0.0,0.787,0.0
u_24516,0.002498589589076266,3207,0.0,0.046,0.0
u_24517,0.0,-1,0.0,,
u_24518,0.0,-1,0.0,,
u_24519,0.0,-1,0.0,,
u_24520,0.00666624634632179,982,0.0,0.064,0.0
u_24521,0.04353813630263526,800,0.0,0.787,0.0
u_24522,0.0,-1,0.0,,
u_24523,0.0,-1,0.0,,
u_24524,0.0,-1,0.0,,
u_24525,0.0,-1,0.0,,
u_24526,0.0,-1,0.0,,
u_24527,0.0,-1,0.0,,
u_24528,0.0,-1,0.0,,
u_24529,0.000300606920485219,756,0.0,0.003,0.0
u_24530,0.043034914056465874,2804,0.0,0.787,0.0
u_24531,0.0,-1,0.0,,
u_24532,0.043034914056465874,3715,0.0,0.787,0.0
u_24533,0.0,-1,0.0,,
u_24534,0.040320417354063776,1859,0.0,0.787,0.0
u_24535,0.0,-1,0.0,,
u_24536,0.043034914056465874,5493,0.0,0.787,0.0
u_24537,0.0,-1,0.0,,
u_24538,0.00016868670797522446,896,0.0,0.002,0.0
u_24539,0.0,-1,0.0,,
u_24540,0.043034914056465874,4356,0.0,0.787,0.0
u_24541,0.0,-1,0.0,,
u_24542,0.0,-1,0.0,,
u_24543,0.0,-1,0.0,,
u_24544,0.00030920215523884084,1403,0.0,0.003,0.0
u_24545,0.043034914056465874,5253,0.0,0.787,0.0
u_24546,0.0,-1,0.0,,
u_24547,0.0,-1,0.0,,
u_24548,0.0,-1,0.0,,
u_24549,0.0,-1,0.0,,
u_24550,0.0,-1,0.0,,
u_24551,0.0,-1,0.0,,
u_24552,0.0,-1,0.0,,
u_24553,0.0,-1,0.0,,
u_24554,0.0,-1,0.0,,
u_24555,0.004911906747031446,2893,0.0,0.031,0.0
u_24556,0.0,-1,0.0,,
u_24557,0.0,-1,0.0,,
u_24558,0.0,-1,0.0,,
u_24559,0.0,-1,0.0,,
u_24560,0.00520364232452258,197,0.0,0.101,0.0
u_24561,0.0,-1,0.0,,
u_24562,0.043034914056465874,850,0.0,0.787,0.0
u_24563,0.0,-1,0.0,,
u_24564,0.043034914056465874,5333,0.0,0.787,0.0
u_24565,0.0,-1,0.0,,
u_24566,0.0,-1,0.0,,
u_24567,0.0,-1,0.0,,
u_24568,0.044370603992829584,3639,0.0,0.787,0.0
u_24569,0.0,-1,0.0,,
u_24570,0.0,-1,0.0,,
u_24571,0.0,-1,0.0,,
u_24572,0.08417531978986129,5494,0.0,0.787,0.0
u_24573,0.02481525102766757,3954,0.0,0.232,0.0
u_24574,0.0008198745651595002,2570,0.0,0.016,0.0
u_24575,0.08238759399904544,4055,0.0,0.787,0.0
u_24576,0.0,-1,0.0,,
u_24577,0.0,-1,0.0,,
u_24578,0.03988840530588213,176,0.0,0.787,0.0
u_24579,0.0,-1,0.0,,
u_24580,0.06110409693292253,2340,0.0,0.563,0.0
u_24581,0.0,-1,0.0,,
u_24582,0.0,-1,0.0,,
u_24583,0.0,-1,0.0,,
u_24584,0.03988761694566346,2633,0.0,0.787,0.0
u_24585,0.0,-1,0.0,,
u_24586,0.0,-1,0.0,,
u_24587,0.0,-1,0.0,,
u_24588,0.0,-1,0.0,,
u_24589,0.0,-1,0.0,,
u_24590,0.0,-1,0.0,,
u_24591,0.0,-1,0.0,,
u_24592,0.0,-1,0.0,,
u_24593,0.0,-1,0.0,,
u_24594,0.0,-1,0.0,,
u_24595,0.043034914056465874,4827,0.0,0.787,0.0
u_24596,5.7446354557128644e-05,471,0.0,0.001,0.0
u_24597,0.00012798306083515392,549,0.0,0.002,0.0
u_24598,0.0,-1,0.0,,
u_24599,0.0,-1,0.0,,
u_24600,0.043034914056465874,5270,0.0,0.787,0.0
u_24601,0.006448461417261872,3386,0.0,0.06,0.0
u_24602,0.0029159139123032312,468,0.0,0.056,0.0
u_24603,0.0,-1,0.0,,
u_24604,0.0,-1,0.0,,
u_24605,0.0001618595313732282,843,0.0,0.002,0.0
u_24606,0.004914952108853034,3615,0.0,0.09,0.0
u_24607,0.0018364667309662551,3041,0.0,0.034,0.0
u_24608,0.007669059263449651,3841,0.0,0.14,0.0
u_24609,0.0,-1,0.0,,
u_24610,0.043034914056465874,6198,0.0,0.787,0.0
u_24611,9.490659686236729e-05,253,0.0,0.001,0.0
u_24612,0.0,-1,0.0,,
u_24613,0.043034914056465874,5464,0.0,0.787,0.0
u_24614,0.0,-1,0.0,,
u_24615,0.0,-1,0.0,,
u_24616,0.08472372119325834,389,0.0,0.787,0.0
u_24617,0.0,-1,0.0,,
u_24618,0.0,-1,0.0,,
u_24619,0.043034914056465874,2034,0.0,0.787,0.0
u_24620,0.0,-1,0.0,,
u_24621,0.00015654936240709467,1387,0.0,0.003,0.0
u_24622,0.0,-1,0.0,,
u_24623,0.0,-1,0.0,,
u_24624,0.0,-1,0.0,,
u_24625,0.0,-1,0.0,,
u_24626,0.0009561957412393005,2547,0.0,0.017,0.0
u_24627,0.0,-1,0.0,,
u_24628,0.0,-1,0.0,,
u_24629,0.0,-1,0.0,,
u_24630,0.040446857133388706,457,0.0,0.787,0.0
u_24631,0.0,-1,0.0,,
u_24632,0.043034914056465874,3665,0.0,0.787,0.0
u_24633,0.0,-1,0.0,,
u_24634,0.05049833520576647,2722,0.0,0.951,0.0
u_24635,0.0,-1,0.0,,
u_24636,0.0,-1,0.0,,
u_24637,0.05064001373939503,4707,0.0,0.926,0.0
u_24638,0.0,-1,0.0,,
u_24639,0.04201253138345896,4036,0.0,0.787,0.0
u_24640,0.0,-1,0.0,,
u_24641,0.04196317653497114,147,0.0,0.787,0.0
u_24642,0.0,-1,0.0,,
u_24643,0.02671650582975713,1117,0.0,0.489,0.0
u_24644,0.0,-1,0.0,,
u_24645,0.0002765963754301801,74,0.0,0.002,0.0
u_24646,0.0,-1,0.0,,
u_24647,0.0,-1,0.0,,
u_24648,0.0,-1,0.0,,
u_24649,0.03988771844199615,90,0.0,0.787,0.0
u_24650,0.0,-1,0.0,,
u_24651,0.043034914056465874,5495,0.0,0.787,0.0
u_24652,0.0,-1,0.0,,
u_24653,0.0,-1,0.0,,
u_24654,0.018588157007274075,4247,0.0,0.34,0.0
u_24655,0.0,-1,0.0,,
u_24656,0.0,-1,0.0,,
u_24657,0.0,-1,0.0,,
u_24658,0.0,-1,0.0,,
u_24659,0.0,-1,0.0,,
u_24660,0.007118612412979276,3050,0.0,0.067,0.0
u_24661,0.0,-1,0.0,,
u_24662,0.0,-1,0.0,,
u_24663,0.0,-1,0.0,,
u_24664,0.07964972078367517,1308,0.0,0.787,0.0
u_24665,0.0,-1,0.0,,
u_24666,0.0,-1,0.0,,
u_24667,0.04093431147740059,439,0.0,0.787,0.0
u_24668,0.013508006179973215,4087,0.0,0.23,0.0
u_24669,0.043034914056465874,5496,0.0,0.787,0.0
u_24670,0.043034914056465874,6199,0.0,0.787,0.0
u_24671,0.043034914056465874,3532,0.0,0.787,0.0
u_24672,0.0,-1,0.0,,
u_24673,0.043034914056465874,6200,0.0,0.787,0.0
u_24674,0.03988750761019414,88,0.0,0.787,0.0
u_24675,0.0,-1,0.0,,
u_24676,0.0,-1,0.0,,
u_24677,0.12261121920173898,466,0.0,0.787,0.0
u_24678,0.0,-1,0.0,,
u_24679,0.043034914056465874,6201,0.0,0.787,0.0
u_24680,0.0,-1,0.0,,
u_24681,0.0,-1,0.0,,
u_24682,0.0,-1,0.0,,
u_24683,0.0,-1,0.0,,
u_24684,0.0,-1,0.0,,
u_24685,0.039887707426673316,3184,0.0,0.787,0.0
u_24686,0.0006032951664336487,2352,0.0,0.011,0.0
u_24687,0.0,-1,0.0,,
u_24688,0.0,-1,0.0,,
u_24689,0.00030025574259466244,619,0.0,0.006,0.0
u_24690,0.0,-1,0.0,,
u_24691,0.0,-1,0.0,,
u_24692,0.043034914056465874,5957,0.0,0.787,0.0
u_24693,0.0,-1,0.0,,
u_24694,0.0,-1,0.0,,
u_24695,0.04044669754630015,2750,0.0,0.787,0.0
u_24696,0.0,-1,0.0,,
u_24697,0.043034914056465874,6000,0.0,0.787,0.0
u_24698,0.0,-1,0.0,,
u_24699,0.0,-1,0.0,,
u_24700,0.0,-1,0.0,,
u_24701,0.0,-1,0.0,,
u_24702,0.0,-1,0.0,,
u_24703,0.04209534204428773,112,0.0,0.787,0.0
u_24704,0.0,-1,0.0,,
u_24705,0.0003314536191143357,1927,0.0,0.006,0.0
u_24706,0.0,-1,0.0,,
u_24707,0.0,-1,0.0,,
u_24708,0.0,-1,0.0,,
u_24709,0.0,-1,0.0,,
u_24710,5.8577246378256947e-05,421,0.0,0.001,0.0
u_24711,0.0,-1,0.0,,
u_24712,0.0,-1,0.0,,
u_24713,0.0,-1,0.0,,
u_24714,0.043034914056465874,5497,0.0,0.787,0.0
u_24715,0.00013957080536325847,687,0.0,0.001,0.0
u_24716,0.0003712206147481339,2029,0.0,0.007,0.0
u_24717,0.0,-1,0.0,,
u_24718,0.00038395499055380406,77,0.0,0.007,0.0
u_24719,0.0,-1,0.0,,
u_24720,0.005825910209412433,324,0.0,0.108,0.0
u_24721,0.054496428575598915,53,0.0,0.515,0.0
u_24722,0.0,-1,0.0,,
u_24723,0.0,-1,0.0,,
u_24724,0.0,-1,0.0,,
u_24725,0.08102978508666417,1481,0.0,0.787,0.0
u_24726,0.03988820222667981,309,0.0,0.787,0.0
u_24727,0.042130407716432006,5284,0.0,0.787,0.0
u_24728,0.0,-1,0.0,,
u_24729,0.043034914056465874,522,0.0,0.787,0.0
u_24730,0.039887799853631105,982,0.0,0.787,0.0
u_24731,0.0,-1,0.0,,
u_24732,0.0,-1,0.0,,
u_24733,0.0,-1,0.0,,
u_24734,0.03988738833243378,498,0.0,0.787,0.0
u_24735,0.0,-1,0.0,,
u_24736,0.04284617667269012,1824,0.0,0.787,0.0
u_24737,8.340787772915933e-05,861,0.0,0.002,0.0
u_24738,0.0841706578480046,3357,0.0,0.787,0.0
u_24739,0.0,-1,0.0,,
u_24740,0.00018855786567025475,1532,0.0,0.003,0.0
u_24741,0.0,-1,0.0,,
u_24742,0.040941300572318276,258,0.0,0.787,0.0
u_24743,0.03988775469386246,797,0.0,0.787,0.0
u_24744,0.009438537033559893,1752,0.0,0.178,0.0
u_24745,0.0,-1,0.0,,
u_24746,0.0,-1,0.0,,
u_24747,9.518740104156356e-05,959,0.0,0.002,0.0
u_24748,0.08027328226542525,266,0.0,0.787,0.0
u_24749,0.07963034599322148,475,0.0,0.787,0.0
u_24750,0.019346691201881483,4267,0.0,0.354,0.0
u_24751,0.0,-1,0.0,,
u_24752,0.0,-1,0.0,,
u_24753,0.0,-1,0.0,,
u_24754,0.043034914056465874,3381,0.0,0.787,0.0
u_24755,0.0,-1,0.0,,
u_24756,0.0,-1,0.0,,
u_24757,0.043034914056465874,5399,0.0,0.787,0.0
u_24758,0.0,-1,0.0,,
u_24759,0.043034914056465874,3587,0.0,0.787,0.0
u_24760,0.0,-1,0.0,,
u_24761,0.0,-1,0.0,,
u_24762,0.0,-1,0.0,,
u_24763,0.0,-1,0.0,,
u_24764,0.03988769618520086,223,0.0,0.787,0.0
u_24765,0.0,-1,0.0,,
u_24766,0.03988816098179117,197,0.0,0.787,0.0
u_24767,0.0,-1,0.0,,
u_24768,0.0,-1,0.0,,
u_24769,0.0,-1,0.0,,
u_24770,0.07963596119790355,3894,0.0,0.787,0.0
u_24771,0.0,-1,0.0,,
u_24772,0.0,-1,0.0,,
u_24773,0.0,-1,0.0,,
u_24774,0.0,-1,0.0,,
u_24775,0.0,-1,0.0,,
u_24776,0.0,-1,0.0,,
u_24777,5.700083697547426e-05,440,0.0,0.001,0.0
u_24778,0.0,-1,0.0,,
u_24779,0.0,-1,0.0,,
u_24780,0.04215671168068228,890,0.0,0.787,0.0
u_24781,0.0,-1,0.0,,
u_24782,0.12441937653575379,421,0.0,0.787,0.0
u_24783,0.0,-1,0.0,,
u_24784,0.0,-1,0.0,,
u_24785,0.08099040225741717,1880,0.0,0.736,0.0
u_24786,0.0,-1,0.0,,
u_24787,0.0,-1,0.0,,
u_24788,0.12259934829975327,4004,0.0,0.787,0.0
u_24789,0.0,-1,0.0,,
u_24790,0.0,-1,0.0,,
u_24791,0.0,-1,0.0,,
u_24792,0.0,-1,0.0,,
u_24793,0.0,-1,0.0,,
u_24794,0.0,-1,0.0,,
u_24795,0.0,-1,0.0,,
u_24796,0.0,-1,0.0,,
u_24797,0.0,-1,0.0,,
u_24798,0.0,-1,0.0,,
u_24799,0.03988882317842382,2867,0.0,0.787,0.0
u_24800,0.0,-1,0.0,,
u_24801,0.0,-1,0.0,,
u_24802,0.0193813028298344,1403,0.0,0.377,0.0
u_24803,0.0,-1,0.0,,
u_24804,0.0,-1,0.0,,
u_24805,0.0,-1,0.0,,
u_24806,0.03988905395294021,3152,0.0,0.787,0.0
u_24807,0.0,-1,0.0,,
u_24808,0.0,-1,0.0,,
u_24809,0.0,-1,0.0,,
u_24810,5.472106340185223e-05,390,0.0,0.001,0.0
u_24811,0.0,-1,0.0,,
u_24812,0.0034813652645654487,3421,0.0,0.064,0.0
u_24813,0.0,-1,0.0,,
u_24814,0.000348006209505455,1947,0.0,0.006,0.0
u_24815,0.0005221465137381793,1791,0.0,0.005,0.0
u_24816,0.004124969679384984,3495,0.0,0.073,0.0
u_24817,0.0,-1,0.0,,
u_24818,0.043034914056465874,5919,0.0,0.787,0.0
u_24819,0.0,-1,0.0,,
u_24820,0.0,-1,0.0,,
u_24821,0.0,-1,0.0,,
u_24822,0.0,-1,0.0,,
u_24823,0.00019758587422254598,402,0.0,0.002,0.0
u_24824,0.043034914056465874,6141,0.0,0.787,0.0
u_24825,0.043034914056465874,5498,0.0,0.787,0.0
u_24826,0.0,-1,0.0,,
u_24827,0.009010743267520542,3931,0.0,0.165,0.0
u_24828,0.043034914056465874,5326,0.0,0.787,0.0
u_24829,0.0,-1,0.0,,
u_24830,0.043034914056465874,1029,0.0,0.787,0.0
u_24831,0.0,-1,0.0,,
u_24832,0.03988852537735397,904,0.0,0.787,0.0
u_24833,0.08551520107070569,341,0.0,0.787,0.0
u_24834,0.0,-1,0.0,,
u_24835,0.0,-1,0.0,,
u_24836,0.0,-1,0.0,,
u_24837,0.0,-1,0.0,,
u_24838,0.0,-1,0.0,,
u_24839,0.0,-1,0.0,,
u_24840,0.043034914056465874,1246,0.0,0.787,0.0
u_24841,0.0,-1,0.0,,
u_24842,0.0,-1,0.0,,
u_24843,0.0036780071511429385,3454,0.0,0.067,0.0
u_24844,0.0,-1,0.0,,
u_24845,0.0,-1,0.0,,
u_24846,0.039898006739124935,2973,0.0,0.787,0.0
u_24847,0.0,-1,0.0,,
u_24848,0.0,-1,0.0,,
u_24849,0.04148341924432052,2711,0.0,0.787,0.0
u_24850,0.043034914056465874,4063,0.0,0.787,0.0
u_24851,0.00015944796551406847,1388,0.0,0.003,0.0
u_24852,0.043034914056465874,2774,0.0,0.787,0.0
u_24853,0.0,-1,0.0,,
u_24854,0.04223860825442131,73,0.0,0.787,0.0
u_24855,0.0,-1,0.0,,
u_24856,0.0,-1,0.0,,
u_24857,0.0,-1,0.0,,
u_24858,0.0,-1,0.0,,
u_24859,0.0,-1,0.0,,
u_24860,0.0,-1,0.0,,
u_24861,0.0,-1,0.0,,
u_24862,0.006213765665320224,2410,0.0,0.115,0.0
u_24863,0.03175232756231174,1997,0.0,0.591,0.0
u_24864,0.0,-1,0.0,,
u_24865,0.0,-1,0.0,,
u_24866,0.044929117296046234,483,0.0,0.787,0.0
u_24867,0.0,-1,0.0,,
u_24868,0.0,-1,0.0,,
u_24869,0.0,-1,0.0,,
u_24870,0.04006432591488488,1139,0.0,0.787,0.0
u_24871,0.0,-1,0.0,,
u_24872,0.0,-1,0.0,,
u_24873,0.0,-1,0.0,,
u_24874,0.02646640068527156,4420,0.0,0.484,0.0
u_24875,0.0,-1,0.0,,
u_24876,0.040298281657266594,502,0.0,0.787,0.0
u_24877,0.0,-1,0.0,,
u_24878,0.0,-1,0.0,,
u_24879,0.0,-1,0.0,,
u_24880,0.0,-1,0.0,,
u_24881,0.043034914056465874,5814,0.0,0.787,0.0
u_24882,0.0,-1,0.0,,
u_24883,0.0,-1,0.0,,
u_24884,0.0,-1,0.0,,
u_24885,0.0,-1,0.0,,
u_24886,0.008249885797533925,3526,0.0,0.077,0.0
u_24887,0.0,-1,0.0,,
u_24888,0.0010667048392879526,416,0.0,0.021,0.0
u_24889,0.0024443565857308587,3194,0.0,0.045,0.0
u_24890,0.13354500895315582,1672,0.0,0.851,0.0
u_24891,0.043034914056465874,5499,0.0,0.787,0.0
u_24892,0.0,-1,0.0,,
u_24893,0.0010988069054145577,1122,0.0,0.01,0.0
u_24894,0.04071376694104129,2008,0.0,0.787,0.0
u_24895,0.0001335329467398587,1246,0.0,0.002,0.0
u_24896,0.0,-1,0.0,,
u_24897,0.0398885917996337,79,0.0,0.787,0.0
u_24898,0.003211684415094173,3367,0.0,0.059,0.0
u_24899,0.04437265856665819,3860,0.0,0.787,0.0
u_24900,0.0,-1,0.0,,
u_24901,0.043034914056465874,5324,0.0,0.787,0.0
u_24902,0.0,-1,0.0,,
u_24903,0.0,-1,0.0,,
u_24904,0.045123658106977715,3768,0.0,0.787,0.0
u_24905,0.0,-1,0.0,,
u_24906,0.08234614991718306,297,0.0,0.787,0.0
u_24907,0.04057234214229791,333,0.0,0.787,0.0
u_24908,0.0,-1,0.0,,
u_24909,0.043034914056465874,4883,0.0,0.787,0.0
u_24910,0.0,-1,0.0,,
u_24911,0.0,-1,0.0,,
u_24912,0.043034914056465874,5866,0.0,0.787,0.0
u_24913,0.043034914056465874,5500,0.0,0.787,0.0
u_24914,0.043034914056465874,5501,0.0,0.787,0.0
u_24915,0.0,-1,0.0,,
u_24916,0.0,-1,0.0,,
u_24917,0.039889132041348606,1161,0.0,0.787,0.0
u_24918,0.0,-1,0.0,,
u_24919,0.0,-1,0.0,,
u_24920,0.043034914056465874,4757,0.0,0.787,0.0
u_24921,0.0,-1,0.0,,
u_24922,0.0,-1,0.0,,
u_24923,0.043034914056465874,5502,0.0,0.787,0.0
u_24924,0.0,-1,0.0,,
u_24925,0.000536126309080477,1023,0.0,0.01,0.0
u_24926,0.0,-1,0.0,,
u_24927,0.08417531978986129,2373,0.0,0.787,0.0
u_24928,0.0,-1,0.0,,
u_24929,0.039887526441693966,4141,0.0,0.787,0.0
u_24930,0.0,-1,0.0,,
u_24931,0.0,-1,0.0,,
u_24932,4.58518676902495e-05,213,0.0,0.001,0.0
u_24933,0.0,-1,0.0,,
u_24934,0.0,-1,0.0,,
u_24935,0.0,-1,0.0,,
u_24936,0.0,-1,0.0,,
u_24937,0.0,-1,0.0,,
u_24938,0.0,-1,0.0,,
u_24939,0.0,-1,0.0,,
u_24940,0.00012796905388471914,576,0.0,0.001,0.0
u_24941,0.0,-1,0.0,,
u_24942,0.0,-1,0.0,,
u_24943,0.0,-1,0.0,,
u_24944,5.66938305555309e-05,433,0.0,0.001,0.0
u_24945,0.043034914056465874,6202,0.0,0.787,0.0
u_24946,0.0,-1,0.0,,
u_24947,0.0,-1,0.0,,
u_24948,0.0005632499671636048,2313,0.0,0.01,0.0
u_24949,0.0,-1,0.0,,
u_24950,0.0,-1,0.0,,
u_24951,0.0,-1,0.0,,
u_24952,0.0,-1,0.0,,
u_24953,0.0,-1,0.0,,
u_24954,0.043034914056465874,3017,0.0,0.787,0.0
u_24955,0.043034914056465874,4763,0.0,0.787,0.0
u_24956,0.0,-1,0.0,,
u_24957,0.043034914056465874,3501,0.0,0.787,0.0
u_24958,0.0,-1,0.0,,
u_24959,0.0,-1,0.0,,
u_24960,0.0,-1,0.0,,
u_24961,0.11928233245683305,551,0.0,0.787,0.0
u_24962,0.042130407716432006,5503,0.0,0.787,0.0
u_24963,0.0,-1,0.0,,
u_24964,0.043034914056465874,5504,0.0,0.787,0.0
u_24965,0.039890280765937675,2783,0.0,0.787,0.0
u_24966,0.0,-1,0.0,,
u_24967,0.0,-1,0.0,,
u_24968,0.0,-1,0.0,,
u_24969,0.0,-1,0.0,,
u_24970,0.0,-1,0.0,,
u_24971,0.0,-1,0.0,,
u_24972,0.0,-1,0.0,,
u_24973,0.0,-1,0.0,,
u_24974,0.08417531978986129,4286,0.0,0.787,0.0
u_24975,0.0,-1,0.0,,
u_24976,0.0,-1,0.0,,
u_24977,0.044222897275182624,915,0.0,0.787,0.0
u_24978,0.0006387703438133967,222,0.0,0.012,0.0
u_24979,0.0,-1,0.0,,
u_24980,0.0,-1,0.0,,
u_24981,0.043034914056465874,2529,0.0,0.787,0.0
u_24982,0.0,-1,0.0,,
u_24983,0.0,-1,0.0,,
u_24984,0.0,-1,0.0,,
u_24985,0.043034914056465874,2956,0.0,0.787,0.0
u_24986,0.043034914056465874,3635,0.0,0.787,0.0
u_24987,0.0,-1,0.0,,
u_24988,0.043034914056465874,5505,0.0,0.787,0.0
u_24989,0.043034914056465874,3934,0.0,0.787,0.0
u_24990,0.0,-1,0.0,,
u_24991,0.0,-1,0.0,,
u_24992,0.0,-1,0.0,,
u_24993,0.0,-1,0.0,,
u_24994,0.043034914056465874,5913,0.0,0.787,0.0
u_24995,0.043034914056465874,1583,0.0,0.787,0.0
u_24996,9.778539253892363e-05,1002,0.0,0.002,0.0
u_24997,0.0,-1,0.0,,
u_24998,0.005180760518975051,551,0.0,0.047,0.0
u_24999,0.043034914056465874,5497,0.0,0.787,0.0
u_25000,0.0,-1,0.0,,
u_25001,0.0,-1,0.0,,
u_25002,0.0,-1,0.0,,
u_25003,0.0,-1,0.0,,
u_25004,0.0,-1,0.0,,
u_25005,0.0,-1,0.0,,
u_25006,0.00018568046274100174,972,0.0,0.002,0.0
u_25007,0.0,-1,0.0,,
u_25008,0.0,-1,0.0,,
u_25009,0.043034914056465874,5506,0.0,0.787,0.0
u_25010,0.005572696250228683,397,0.0,0.052,0.0
u_25011,0.039889975279062406,1617,0.0,0.787,0.0
u_25012,0.000829840802589951,2554,0.0,0.015,0.0
u_25013,0.0,-1,0.0,,
u_25014,0.0404970842395201,332,0.0,0.787,0.0
u_25015,0.043034914056465874,4823,0.0,0.787,0.0
u_25016,0.043034914056465874,3527,0.0,0.787,0.0
u_25017,0.08417531978986129,4997,0.0,0.787,0.0
u_25018,0.0007612667389231314,1767,0.0,0.005,0.0
u_25019,0.0,-1,0.0,,
u_25020,0.0,-1,0.0,,
u_25021,0.0,-1,0.0,,
u_25022,0.04437149244196908,3472,0.0,0.787,0.0
u_25023,0.0,-1,0.0,,
u_25024,0.004347020058468378,577,0.0,0.085,0.0
u_25025,0.0,-1,0.0,,
u_25026,0.03988816551554476,3280,0.0,0.787,0.0
u_25027,0.007218274013110638,3806,0.0,0.132,0.0
u_25028,0.0,-1,0.0,,
u_25029,0.0,-1,0.0,,
u_25030,0.043034914056465874,3925,0.0,0.787,0.0
u_25031,0.043034914056465874,5945,0.0,0.787,0.0
u_25032,0.0,-1,0.0,,
u_25033,0.0,-1,0.0,,
u_25034,0.043034914056465874,411,0.0,0.787,0.0
u_25035,0.0,-1,0.0,,
u_25036,0.08417531978986129,5414,0.0,0.787,0.0
u_25037,0.0,-1,0.0,,
u_25038,0.0,-1,0.0,,
u_25039,0.043034914056465874,4040,0.0,0.787,0.0
u_25040,0.0,-1,0.0,,
u_25041,0.0010773863180293817,316,0.0,0.021,0.0
u_25042,0.0,-1,0.0,,
u_25043,0.0,-1,0.0,,
u_25044,0.0,-1,0.0,,
u_25045,0.0,-1,0.0,,
u_25046,0.0,-1,0.0,,
u_25047,0.043034914056465874,4710,0.0,0.787,0.0
u_25048,0.0,-1,0.0,,
u_25049,0.0,-1,0.0,,
u_25050,0.0,-1,0.0,,
u_25051,0.0,-1,0.0,,
u_25052,0.0,-1,0.0,,
u_25053,0.0,-1,0.0,,
u_25054,0.039889958223633185,4021,0.0,0.787,0.0
u_25055,0.043034914056465874,5507,0.0,0.787,0.0
u_25056,0.0,-1,0.0,,
u_25057,0.0,-1,0.0,,
u_25058,0.0,-1,0.0,,
u_25059,0.043034914056465874,5508,0.0,0.787,0.0
u_25060,0.0,-1,0.0,,
u_25061,0.0,-1,0.0,,
u_25062,0.0,-1,0.0,,
u_25063,0.0,-1,0.0,,
u_25064,0.043034914056465874,879,0.0,0.787,0.0
u_25065,0.0,-1,0.0,,
u_25066,0.0004996273472250217,89,0.0,0.01,0.0
u_25067,0.0,-1,0.0,,
u_25068,0.043034914056465874,5214,0.0,0.787,0.0
u_25069,0.08236630710979355,5509,0.0,0.787,0.0
u_25070,0.08417531978986129,2902,0.0,0.787,0.0
u_25071,0.043034914056465874,5510,0.0,0.787,0.0
u_25072,0.043034914056465874,6203,0.0,0.787,0.0
u_25073,0.0,-1,0.0,,
u_25074,0.0004460883563841059,640,0.0,0.008,0.0
u_25075,0.004460571399717113,118,0.0,0.029,0.0
u_25076,0.0,-1,0.0,,
u_25077,0.0,-1,0.0,,
u_25078,0.0,-1,0.0,,
u_25079,0.0,-1,0.0,,
u_25080,0.043034914056465874,6178,0.0,0.787,0.0
u_25081,0.0,-1,0.0,,
u_25082,0.0,-1,0.0,,
u_25083,0.0,-1,0.0,,
u_25084,0.0,-1,0.0,,
u_25085,0.0,-1,0.0,,
u_25086,0.0,-1,0.0,,
u_25087,0.0,-1,0.0,,
u_25088,0.0,-1,0.0,,
u_25089,0.002675114216142687,61,0.0,0.026,0.0
u_25090,0.0,-1,0.0,,
u_25091,0.0,-1,0.0,,
u_25092,0.0,-1,0.0,,
u_25093,0.0,-1,0.0,,
u_25094,0.0,-1,0.0,,
u_25095,0.0,-1,0.0,,
u_25096,0.0,-1,0.0,,
u_25097,0.03988784127769215,176,0.0,0.787,0.0
u_25098,0.043034914056465874,5511,0.0,0.787,0.0
u_25099,0.0,-1,0.0,,
u_25100,0.002290178295435775,1881,0.0,0.022,0.0
u_25101,0.043034914056465874,5512,0.0,0.787,0.0
u_25102,0.04435624752800332,2979,0.0,0.787,0.0
u_25103,7.584451332025131e-05,710,0.0,0.001,0.0
u_25104,0.04024984279139753,360,0.0,0.787,0.0
u_25105,0.0008754592908135236,2191,0.0,0.009,0.0
u_25106,0.03989678381232169,1394,0.0,0.787,0.0
u_25107,0.0,-1,0.0,,
u_25108,0.0033967872433828513,174,0.0,0.032,0.0
u_25109,0.042130407716432006,5269,0.0,0.787,0.0
u_25110,0.0,-1,0.0,,
u_25111,0.043034914056465874,5513,0.0,0.787,0.0
u_25112,0.039894545612526304,3581,0.0,0.787,0.0
u_25113,0.0,-1,0.0,,
u_25114,0.0008755660468684868,1801,0.0,0.017,0.0
u_25115,0.0025113550172579167,3210,0.0,0.046,0.0
u_25116,0.0,-1,0.0,,
u_25117,0.0,-1,0.0,,
u_25118,0.040104493606892305,675,0.0,0.787,0.0
u_25119,0.043034914056465874,5025,0.0,0.787,0.0
u_25120,0.0,-1,0.0,,
u_25121,0.0,-1,0.0,,
u_25122,0.0,-1,0.0,,
u_25123,0.0,-1,0.0,,
u_25124,0.0062907176238619815,3731,0.0,0.115,0.0
u_25125,0.0,-1,0.0,,
u_25126,0.0,-1,0.0,,
u_25127,0.0,-1,0.0,,
u_25128,0.03988808772897842,198,0.0,0.787,0.0
u_25129,0.0,-1,0.0,,
u_25130,0.0,-1,0.0,,
u_25131,0.0002658855184396023,1792,0.0,0.005,0.0
u_25132,0.043034914056465874,1024,0.0,0.787,0.0
u_25133,0.04560916551738466,465,0.0,0.787,0.0
u_25134,0.0006570764412862412,1656,0.0,0.004,0.0
u_25135,0.0,-1,0.0,,
u_25136,0.0,-1,0.0,,
u_25137,0.0,-1,0.0,,
u_25138,0.043034914056465874,5514,0.0,0.787,0.0
u_25139,0.024414956229559755,4372,0.0,0.446,0.0
u_25140,0.08236877358459571,3573,0.0,0.787,0.0
u_25141,0.0002602319891813545,1808,0.0,0.005,0.0
u_25142,0.0,-1,0.0,,
u_25143,0.043034914056465874,5515,0.0,0.787,0.0
u_25144,0.043034914056465874,5038,0.0,0.787,0.0
u_25145,0.0,-1,0.0,,
u_25146,0.0,-1,0.0,,
u_25147,0.0,-1,0.0,,
u_25148,0.0,-1,0.0,,
u_25149,0.0,-1,0.0,,
u_25150,0.0,-1,0.0,,
u_25151,0.0,-1,0.0,,
u_25152,0.0443736380340546,4410,0.0,0.787,0.0
u_25153,0.0,-1,0.0,,
u_25154,0.0,-1,0.0,,
u_25155,0.043034914056465874,5036,0.0,0.787,0.0
u_25156,0.0,-1,0.0,,
u_25157,0.0,-1,0.0,,
u_25158,0.0,-1,0.0,,
u_25159,0.0,-1,0.0,,
u_25160,0.0,-1,0.0,,
u_25161,0.0,-1,0.0,,
u_25162,0.043034914056465874,6204,0.0,0.787,0.0
u_25163,0.0,-1,0.0,,
u_25164,0.039887473679314306,61,0.0,0.787,0.0
u_25165,0.0,-1,0.0,,
u_25166,0.03988824430486641,586,0.0,0.787,0.0
u_25167,0.0,-1,0.0,,
u_25168,0.0,-1,0.0,,
u_25169,0.040387353821574094,3439,0.0,0.787,0.0
u_25170,0.0,-1,0.0,,
u_25171,0.0,-1,0.0,,
u_25172,0.0,-1,0.0,,
u_25173,0.0,-1,0.0,,
u_25174,0.039888531403127314,2651,0.0,0.787,0.0
u_25175,0.0,-1,0.0,,
u_25176,6.419453073120358e-05,558,0.0,0.001,0.0
u_25177,0.0,-1,0.0,,
u_25178,0.0,-1,0.0,,
u_25179,0.043034914056465874,5514,0.0,0.787,0.0
u_25180,0.00905906874916588,3406,0.0,0.087,0.0
u_25181,0.0,-1,0.0,,
u_25182,0.08236630710979355,6044,0.0,0.787,0.0
u_25183,0.043034914056465874,6205,0.0,0.787,0.0
u_25184,0.00011657610435071212,1146,0.0,0.002,0.0
u_25185,0.0,-1,0.0,,
u_25186,0.005160455530434666,168,0.0,0.092,0.0
u_25187,0.0,-1,0.0,,
u_25188,0.043034914056465874,6206,0.0,0.787,0.0
u_25189,0.0,-1,0.0,,
u_25190,0.03989166649598869,555,0.0,0.787,0.0
u_25191,0.0,-1,0.0,,
u_25192,0.0,-1,0.0,,
u_25193,0.0,-1,0.0,,
u_25194,0.0,-1,0.0,,
u_25195,0.043034914056465874,6207,0.0,0.787,0.0
u_25196,0.0,-1,0.0,,
u_25197,0.0,-1,0.0,,
u_25198,0.0,-1,0.0,,
u_25199,0.0,-1,0.0,,
u_25200,0.0,-1,0.0,,
u_25201,0.043034914056465874,5345,0.0,0.787,0.0
u_25202,0.0,-1,0.0,,
u_25203,0.0,-1,0.0,,
u_25204,0.043034914056465874,6208,0.0,0.787,0.0
u_25205,0.0,-1,0.0,,
u_25206,0.0,-1,0.0,,
u_25207,0.0,-1,0.0,,
u_25208,0.0,-1,0.0,,
u_25209,0.0,-1,0.0,,
u_25210,0.01673297431744213,222,0.0,0.163,0.0
u_25211,0.1234896746867575,1108,0.0,0.787,0.0
u_25212,0.0,-1,0.0,,
u_25213,0.035541239003486526,4568,0.0,0.65,0.0
u_25214,0.0,-1,0.0,,
u_25215,0.043034914056465874,5420,0.0,0.787,0.0
u_25216,0.040778091429526805,227,0.0,0.787,0.0
u_25217,0.043034914056465874,1618,0.0,0.787,0.0
u_25218,0.0,-1,0.0,,
u_25219,0.0,-1,0.0,,
u_25220,0.0,-1,0.0,,
u_25221,0.0,-1,0.0,,
u_25222,0.06112844643189436,1945,0.0,0.395,0.0
u_25223,0.0,-1,0.0,,
u_25224,0.0,-1,0.0,,
u_25225,0.0002319154907346842,1715,0.0,0.004,0.0
u_25226,0.0,-1,0.0,,
u_25227,0.043034914056465874,107,0.0,0.787,0.0
u_25228,0.0,-1,0.0,,
u_25229,0.0,-1,0.0,,
u_25230,0.0,-1,0.0,,
u_25231,0.0,-1,0.0,,
u_25232,0.0,-1,0.0,,
u_25233,0.0,-1,0.0,,
u_25234,0.03988808162065415,2441,0.0,0.787,0.0
u_25235,0.0,-1,0.0,,
u_25236,0.039887554006332065,4011,0.0,0.787,0.0
u_25237,0.0,-1,0.0,,
u_25238,0.04384834670603002,1573,0.0,0.787,0.0
u_25239,0.0,-1,0.0,,
u_25240,0.0,-1,0.0,,
u_25241,0.0,-1,0.0,,
u_25242,0.0,-1,0.0,,
u_25243,0.0,-1,0.0,,
u_25244,0.000965982715492287,2659,0.0,0.018,0.0
u_25245,0.0,-1,0.0,,
u_25246,0.0,-1,0.0,,
u_25247,0.008339994239470261,288,0.0,0.081,0.0
u_25248,0.006692897789075282,3692,0.0,0.125,0.0
u_25249,0.0,-1,0.0,,
u_25250,0.0,-1,0.0,,
u_25251,0.007303316982248641,2025,0.0,0.068,0.0
u_25252,0.007571834881622491,892,0.0,0.07,0.0
u_25253,0.0,-1,0.0,,
u_25254,0.043034914056465874,3496,0.0,0.787,0.0
u_25255,0.0,-1,0.0,,
u_25256,0.0,-1,0.0,,
u_25257,0.0,-1,0.0,,
u_25258,0.0,-1,0.0,,
u_25259,0.08442851709291367,4636,0.0,0.789,0.0
u_25260,0.0,-1,0.0,,
u_25261,0.0,-1,0.0,,
u_25262,0.04107608334242049,4180,0.0,0.787,0.0
u_25263,7.307973665975714e-05,705,0.0,0.001,0.0
u_25264,0.043034914056465874,1254,0.0,0.787,0.0
u_25265,0.013353581510340754,127,0.0,0.126,0.0
u_25266,0.0,-1,0.0,,
u_25267,4.9254516173323945e-05,245,0.0,0.001,0.0
u_25268,0.0,-1,0.0,,
u_25269,0.0,-1,0.0,,
u_25270,0.043034914056465874,6157,0.0,0.787,0.0
u_25271,0.0,-1,0.0,,
u_25272,7.722233981570739e-05,762,0.0,0.001,0.0
u_25273,0.04182065192359023,313,0.0,0.787,0.0
u_25274,0.0,-1,0.0,,
u_25275,0.043034914056465874,2797,0.0,0.787,0.0
u_25276,0.008091319559654711,797,0.0,0.156,0.0
u_25277,0.0,-1,0.0,,
u_25278,0.0,-1,0.0,,
u_25279,0.0,-1,0.0,,
u_25280,0.043034914056465874,5167,0.0,0.787,0.0
u_25281,0.0,-1,0.0,,
u_25282,0.0,-1,0.0,,
u_25283,0.0,-1,0.0,,
u_25284,0.0,-1,0.0,,
u_25285,0.0,-1,0.0,,
u_25286,0.043034914056465874,5121,0.0,0.787,0.0
u_25287,0.0,-1,0.0,,
u_25288,0.0,-1,0.0,,
u_25289,0.0,-1,0.0,,
u_25290,0.000589841809886958,1861,0.0,0.006,0.0
u_25291,0.0038673666403099727,189,0.0,0.075,0.0
u_25292,0.0,-1,0.0,,
u_25293,0.0,-1,0.0,,
u_25294,0.0,-1,0.0,,
u_25295,0.0,-1,0.0,,
u_25296,0.02225454338837971,4341,0.0,0.407,0.0
u_25297,0.0,-1,0.0,,
u_25298,0.043034914056465874,516,0.0,0.787,0.0
u_25299,0.08183701906903901,87,0.0,0.787,0.0
u_25300,0.0,-1,0.0,,
u_25301,0.0,-1,0.0,,
u_25302,0.043034914056465874,2031,0.0,0.787,0.0
u_25303,0.0,-1,0.0,,
u_25304,5.2817714952590836e-05,340,0.0,0.001,0.0
u_25305,0.04058124611658383,472,0.0,0.787,0.0
u_25306,0.0,-1,0.0,,
u_25307,0.03989096227031559,520,0.0,0.787,0.0
u_25308,0.0,-1,0.0,,
u_25309,0.0,-1,0.0,,
u_25310,0.0,-1,0.0,,
u_25311,0.0,-1,0.0,,
u_25312,0.0,-1,0.0,,
u_25313,0.0,-1,0.0,,
u_25314,0.0,-1,0.0,,
u_25315,0.0,-1,0.0,,
u_25316,0.08551260891706383,2686,0.0,0.787,0.0
u_25317,0.0,-1,0.0,,
u_25318,0.0,-1,0.0,,
u_25319,0.0,-1,0.0,,
u_25320,0.0,-1,0.0,,
u_25321,0.0,-1,0.0,,
u_25322,0.0,-1,0.0,,
u_25323,0.0,-1,0.0,,
u_25324,0.0,-1,0.0,,
u_25325,0.0028699046533140348,933,0.0,0.052,0.0
u_25326,0.016620432559942305,161,0.0,0.16,0.0
u_25327,0.0,-1,0.0,,
u_25328,0.0,-1,0.0,,
u_25329,0.0004986962020697054,2228,0.0,0.009,0.0
u_25330,0.0,-1,0.0,,
u_25331,0.043034914056465874,928,0.0,0.787,0.0
u_25332,0.0,-1,0.0,,
u_25333,0.0,-1,0.0,,
u_25334,0.043034914056465874,4523,0.0,0.787,0.0
u_25335,0.0,-1,0.0,,
u_25336,0.043034914056465874,3440,0.0,0.787,0.0
u_25337,0.0,-1,0.0,,
u_25338,0.001919862911351154,2665,0.0,0.018,0.0
u_25339,0.0,-1,0.0,,
u_25340,0.0,-1,0.0,,
u_25341,0.04463018765764864,1754,0.0,0.787,0.0
u_25342,0.0,-1,0.0,,
u_25343,0.0,-1,0.0,,
u_25344,0.0,-1,0.0,,
u_25345,0.0,-1,0.0,,
u_25346,0.0,-1,0.0,,
u_25347,0.046158578615751095,2721,0.0,0.787,0.0
u_25348,0.0,-1,0.0,,
u_25349,0.0,-1,0.0,,
u_25350,0.0,-1,0.0,,
u_25351,0.0,-1,0.0,,
u_25352,0.0,-1,0.0,,
u_25353,0.0,-1,0.0,,
u_25354,0.001895380643549473,3060,0.0,0.035,0.0
u_25355,0.043034914056465874,3878,0.0,0.787,0.0
u_25356,0.0,-1,0.0,,
u_25357,0.0,-1,0.0,,
u_25358,0.0,-1,0.0,,
u_25359,0.0,-1,0.0,,
u_25360,0.043034914056465874,5516,0.0,0.787,0.0
u_25361,0.0,-1,0.0,,
u_25362,0.0,-1,0.0,,
u_25363,0.0,-1,0.0,,
u_25364,0.0,-1,0.0,,
u_25365,0.0,-1,0.0,,
u_25366,0.043034914056465874,1985,0.0,0.787,0.0
u_25367,0.0,-1,0.0,,
u_25368,0.031691206100486494,176,0.0,0.605,0.0
u_25369,0.0,-1,0.0,,
u_25370,0.0,-1,0.0,,
u_25371,0.00010900535933568159,168,0.0,0.002,0.0
u_25372,0.0,-1,0.0,,
u_25373,0.042277917207656016,2570,0.0,0.779,0.0
u_25374,0.0,-1,0.0,,
u_25375,0.015127994526459323,4157,0.0,0.277,0.0
u_25376,0.043034914056465874,5093,0.0,0.787,0.0
u_25377,0.15301927424900083,1458,0.0,0.957,0.0
u_25378,0.0,-1,0.0,,
u_25379,0.0,-1,0.0,,
u_25380,0.08417531978986129,999,0.0,0.787,0.0
u_25381,4.2844418960101785e-05,68,0.0,0.001,0.0
u_25382,0.043034914056465874,1092,0.0,0.787,0.0
u_25383,0.043034914056465874,5517,0.0,0.787,0.0
u_25384,0.0,-1,0.0,,
u_25385,0.0,-1,0.0,,
u_25386,0.041755731334434665,4624,0.0,0.763,0.0
u_25387,0.0414861082543084,2975,0.0,0.787,0.0
u_25388,0.043034914056465874,3476,0.0,0.787,0.0
u_25389,0.0,-1,0.0,,
u_25390,0.0,-1,0.0,,
u_25391,0.0,-1,0.0,,
u_25392,0.0,-1,0.0,,
u_25393,0.0,-1,0.0,,
u_25394,0.0,-1,0.0,,
u_25395,0.001238272271479796,2811,0.0,0.023,0.0
u_25396,0.0,-1,0.0,,
u_25397,0.043034914056465874,5197,0.0,0.787,0.0
u_25398,0.0,-1,0.0,,
u_25399,0.0,-1,0.0,,
u_25400,0.0,-1,0.0,,
u_25401,0.0,-1,0.0,,
u_25402,0.041370983576671135,778,0.0,0.787,0.0
u_25403,0.12585421330290694,2681,0.0,0.787,0.0
u_25404,0.0020543588355657763,3104,0.0,0.038,0.0
u_25405,0.0,-1,0.0,,
u_25406,0.0,-1,0.0,,
u_25407,0.0,-1,0.0,,
u_25408,0.03990005353973366,477,0.0,0.787,0.0
u_25409,0.0,-1,0.0,,
u_25410,0.0,-1,0.0,,
u_25411,0.023755239195965037,4359,0.0,0.434,0.0
u_25412,7.930817032081228e-05,791,0.0,0.001,0.0
u_25413,0.0,-1,0.0,,
u_25414,0.007630494961888035,3839,0.0,0.139,0.0
u_25415,0.0,-1,0.0,,
u_25416,7.868965420444401e-05,780,0.0,0.001,0.0
u_25417,0.0,-1,0.0,,
u_25418,0.0,-1,0.0,,
u_25419,0.0,-1,0.0,,
u_25420,0.043034914056465874,4305,0.0,0.787,0.0
u_25421,0.043034914056465874,4246,0.0,0.787,0.0
u_25422,0.0,-1,0.0,,
u_25423,4.1454449335816845e-05,20,0.0,0.001,0.0
u_25424,0.032809427726779236,964,0.0,0.616,0.0
u_25425,0.0149576415074791,80,0.0,0.269,0.0
u_25426,0.0,-1,0.0,,
u_25427,0.0,-1,0.0,,
u_25428,0.0068958073746026175,3786,0.0,0.126,0.0
u_25429,0.0,-1,0.0,,
u_25430,0.0,-1,0.0,,
u_25431,0.0,-1,0.0,,
u_25432,0.0,-1,0.0,,
u_25433,0.0022965871128869174,3179,0.0,0.044,0.0
u_25434,0.0,-1,0.0,,
u_25435,0.0032689484752892743,486,0.0,0.031,0.0
u_25436,0.0,-1,0.0,,
u_25437,0.0,-1,0.0,,
u_25438,0.08417531978986129,4790,0.0,0.787,0.0
u_25439,0.0,-1,0.0,,
u_25440,0.0,-1,0.0,,
u_25441,0.08417531978986129,1347,0.0,0.787,0.0
u_25442,0.040625760144937725,95,0.0,0.787,0.0
u_25443,0.0,-1,0.0,,
u_25444,0.0,-1,0.0,,
u_25445,0.043034914056465874,2508,0.0,0.787,0.0
u_25446,0.04143084842620906,5,0.0,0.787,0.0
u_25447,0.0,-1,0.0,,
u_25448,0.0,-1,0.0,,
u_25449,0.0,-1,0.0,,
u_25450,0.0,-1,0.0,,
u_25451,0.0,-1,0.0,,
u_25452,0.0,-1,0.0,,
u_25453,0.0,-1,0.0,,
u_25454,0.07628136480503932,4592,0.0,0.713,0.0
u_25455,0.0,-1,0.0,,
u_25456,0.08022894099876918,89,0.0,0.787,0.0
u_25457,0.0,-1,0.0,,
u_25458,0.0,-1,0.0,,
u_25459,0.08164337010671213,280,0.0,0.787,0.0
u_25460,0.043034914056465874,5268,0.0,0.787,0.0
u_25461,0.0,-1,0.0,,
u_25462,0.0,-1,0.0,,
u_25463,0.0,-1,0.0,,
u_25464,0.0,-1,0.0,,
u_25465,0.043034914056465874,1303,0.0,0.787,0.0
u_25466,0.0,-1,0.0,,
u_25467,0.0,-1,0.0,,
u_25468,0.0,-1,0.0,,
u_25469,0.0,-1,0.0,,
u_25470,0.0,-1,0.0,,
u_25471,0.08417531978986129,5518,0.0,0.787,0.0
u_25472,0.0,-1,0.0,,
u_25473,0.0,-1,0.0,,
u_25474,0.08236630710979355,5825,0.0,0.787,0.0
u_25475,0.0,-1,0.0,,
u_25476,0.043034914056465874,5519,0.0,0.787,0.0
u_25477,0.03988954961388026,2263,0.0,0.787,0.0
u_25478,0.0,-1,0.0,,
u_25479,0.0,-1,0.0,,
u_25480,0.0,-1,0.0,,
u_25481,0.03988760759251206,168,0.0,0.787,0.0
u_25482,0.0,-1,0.0,,
u_25483,0.08249888467970802,264,0.0,0.787,0.0
u_25484,0.0,-1,0.0,,
u_25485,0.0,-1,0.0,,
u_25486,0.0,-1,0.0,,
u_25487,0.0,-1,0.0,,
u_25488,0.0,-1,0.0,,
u_25489,0.0,-1,0.0,,
u_25490,0.08204539289183677,90,0.0,0.787,0.0
u_25491,0.0,-1,0.0,,
u_25492,0.0,-1,0.0,,
u_25493,0.0,-1,0.0,,
u_25494,0.0007285719936504587,1116,0.0,0.014,0.0
u_25495,0.08175686125986023,2075,0.0,0.787,0.0
u_25496,0.0,-1,0.0,,
u_25497,0.00021131064412610278,1614,0.0,0.004,0.0
u_25498,0.0,-1,0.0,,
u_25499,0.0,-1,0.0,,
u_25500,0.043034914056465874,5520,0.0,0.787,0.0
u_25501,0.0,-1,0.0,,
u_25502,0.0,-1,0.0,,
u_25503,0.0,-1,0.0,,
u_25504,0.04112540485624354,1282,0.0,0.787,0.0
u_25505,0.0,-1,0.0,,
u_25506,0.04044809488920071,112,0.0,0.787,0.0
u_25507,0.04130899193052038,2167,0.0,0.787,0.0
u_25508,0.08103113372473357,176,0.0,0.787,0.0
u_25509,0.0,-1,0.0,,
u_25510,0.0,-1,0.0,,
u_25511,0.0,-1,0.0,,
u_25512,0.0,-1,0.0,,
u_25513,0.0,-1,0.0,,
u_25514,0.0,-1,0.0,,
u_25515,0.0,-1,0.0,,
u_25516,0.0,-1,0.0,,
u_25517,0.043034914056465874,5521,0.0,0.787,0.0
u_25518,4.591213067989779e-05,176,0.0,0.001,0.0
u_25519,0.043034914056465874,5522,0.0,0.787,0.0
u_25520,0.0,-1,0.0,,
u_25521,0.0410245845560324,1537,0.0,0.787,0.0
u_25522,0.0,-1,0.0,,
u_25523,0.1250437033034766,829,0.0,0.787,0.0
u_25524,0.0,-1,0.0,,
u_25525,0.0015618000800300552,2960,0.0,0.028,0.0
u_25526,0.0,-1,0.0,,
u_25527,0.0,-1,0.0,,
u_25528,0.0,-1,0.0,,
u_25529,0.0,-1,0.0,,
u_25530,0.0,-1,0.0,,
u_25531,0.08162168123492594,61,0.0,0.787,0.0
u_25532,0.0,-1,0.0,,
u_25533,0.0,-1,0.0,,
u_25534,0.0,-1,0.0,,
u_25535,0.0,-1,0.0,,
u_25536,0.04162455740725611,3056,0.0,0.787,0.0
u_25537,0.0,-1,0.0,,
u_25538,0.0,-1,0.0,,
u_25539,0.0,-1,0.0,,
u_25540,0.0,-1,0.0,,
u_25541,0.0,-1,0.0,,
u_25542,0.039888784871872515,3047,0.0,0.787,0.0
u_25543,0.0,-1,0.0,,
u_25544,0.09741938013360205,1848,0.0,0.923,0.0
u_25545,0.0,-1,0.0,,
u_25546,0.00021076456295127688,1610,0.0,0.004,0.0
u_25547,0.040054874106706724,4268,0.0,0.787,0.0
u_25548,0.0,-1,0.0,,
u_25549,0.0,-1,0.0,,
u_25550,0.0,-1,0.0,,
u_25551,0.043034914056465874,5523,0.0,0.787,0.0
u_25552,0.0,-1,0.0,,
u_25553,0.04381580292226867,224,0.0,0.787,0.0
u_25554,0.0,-1,0.0,,
u_25555,0.0,-1,0.0,,
u_25556,0.00018417622327812432,1512,0.0,0.003,0.0
u_25557,0.0,-1,0.0,,
u_25558,0.0,-1,0.0,,
u_25559,0.0,-1,0.0,,
u_25560,0.0012243077682742637,2809,0.0,0.022,0.0
u_25561,0.03988766157878912,1290,0.0,0.787,0.0
u_25562,0.0,-1,0.0,,
u_25563,0.0,-1,0.0,,
u_25564,0.0,-1,0.0,,
u_25565,0.0,-1,0.0,,
u_25566,0.0,-1,0.0,,
u_25567,0.0036600845045218844,3449,0.0,0.067,0.0
u_25568,0.0,-1,0.0,,
u_25569,0.0,-1,0.0,,
u_25570,0.0,-1,0.0,,
u_25571,0.0,-1,0.0,,
u_25572,0.0,-1,0.0,,
u_25573,0.0,-1,0.0,,
u_25574,0.0,-1,0.0,,
u_25575,0.0,-1,0.0,,
u_25576,0.0800306562520829,220,0.0,0.787,0.0
u_25577,0.0,-1,0.0,,
u_25578,0.03989618427422602,942,0.0,0.787,0.0
u_25579,0.0,-1,0.0,,
u_25580,0.0,-1,0.0,,
u_25581,0.0,-1,0.0,,
u_25582,0.00024069118068871772,1308,0.0,0.005,0.0
u_25583,0.0,-1,0.0,,
u_25584,0.0,-1,0.0,,
u_25585,0.0,-1,0.0,,
u_25586,0.0,-1,0.0,,
u_25587,0.042130407716432006,5092,0.0,0.787,0.0
u_25588,0.043034914056465874,5524,0.0,0.787,0.0
u_25589,0.0,-1,0.0,,
u_25590,0.021660482990314884,2243,0.0,0.39,0.0
u_25591,0.043034914056465874,3026,0.0,0.787,0.0
u_25592,0.043034914056465874,2139,0.0,0.787,0.0
u_25593,0.0,-1,0.0,,
u_25594,0.021595721091247255,97,0.0,0.212,0.0
u_25595,0.0,-1,0.0,,
u_25596,0.0,-1,0.0,,
u_25597,0.0,-1,0.0,,
u_25598,0.0,-1,0.0,,
u_25599,0.0,-1,0.0,,
u_25600,0.0,-1,0.0,,
u_25601,0.0,-1,0.0,,
u_25602,0.0,-1,0.0,,
u_25603,0.04231151704568329,409,0.0,0.787,0.0
u_25604,0.0,-1,0.0,,
u_25605,0.043034914056465874,5525,0.0,0.787,0.0
u_25606,0.0,-1,0.0,,
u_25607,0.03988798590276092,910,0.0,0.787,0.0
u_25608,0.043034914056465874,6171,0.0,0.787,0.0
u_25609,0.0,-1,0.0,,
u_25610,0.03988884814755702,2859,0.0,0.787,0.0
u_25611,0.043034914056465874,4231,0.0,0.787,0.0
u_25612,0.0,-1,0.0,,
u_25613,0.013106021356610032,1069,0.0,0.121,0.0
u_25614,0.0,-1,0.0,,
u_25615,0.0,-1,0.0,,
u_25616,0.0,-1,0.0,,
u_25617,0.0,-1,0.0,,
u_25618,0.043034914056465874,4832,0.0,0.787,0.0
u_25619,0.0,-1,0.0,,
u_25620,0.0,-1,0.0,,
u_25621,0.0,-1,0.0,,
u_25622,0.0,-1,0.0,,
u_25623,0.0,-1,0.0,,
u_25624,0.043034914056465874,3407,0.0,0.787,0.0
u_25625,0.0,-1,0.0,,
u_25626,0.0,-1,0.0,,
u_25627,0.0,-1,0.0,,
u_25628,0.0,-1,0.0,,
u_25629,0.0,-1,0.0,,
u_25630,0.0004563165263243859,2152,0.0,0.008,0.0
u_25631,0.0,-1,0.0,,
u_25632,0.0,-1,0.0,,
u_25633,0.0,-1,0.0,,
u_25634,0.0,-1,0.0,,
u_25635,0.0,-1,0.0,,
u_25636,0.0033156807158517903,3347,0.0,0.057,0.0
u_25637,0.0,-1,0.0,,
u_25638,0.07194869892548965,61,0.0,0.703,0.0
u_25639,0.041853505563850105,222,0.0,0.787,0.0
u_25640,0.0,-1,0.0,,
u_25641,0.0,-1,0.0,,
u_25642,0.0,-1,0.0,,
u_25643,0.0,-1,0.0,,
u_25644,0.0,-1,0.0,,
u_25645,0.04064800096421388,402,0.0,0.787,0.0
u_25646,0.0,-1,0.0,,
u_25647,0.0,-1,0.0,,
u_25648,0.00017042106572563576,1445,0.0,0.003,0.0
u_25649,0.015919601573602223,1582,0.0,0.3,0.0
u_25650,0.04437321065605853,2498,0.0,0.787,0.0
u_25651,0.043034914056465874,1653,0.0,0.787,0.0
u_25652,0.0,-1,0.0,,
u_25653,0.0,-1,0.0,,
u_25654,0.0,-1,0.0,,
u_25655,0.0,-1,0.0,,
u_25656,0.0,-1,0.0,,
u_25657,0.0,-1,0.0,,
u_25658,0.0,-1,0.0,,
u_25659,0.03988729338398973,1768,0.0,0.787,0.0
u_25660,0.0,-1,0.0,,
u_25661,0.043034914056465874,5287,0.0,0.787,0.0
u_25662,0.0,-1,0.0,,
u_25663,0.0,-1,0.0,,
u_25664,0.0007791700888072254,860,0.0,0.015,0.0
u_25665,0.024713126586177598,455,0.0,0.449,0.0
u_25666,0.00044707634583982946,368,0.0,0.008,0.0
u_25667,0.0,-1,0.0,,
u_25668,0.0,-1,0.0,,
u_25669,0.07922223053101128,568,0.0,0.787,0.0
u_25670,0.0,-1,0.0,,
u_25671,0.0,-1,0.0,,
u_25672,0.03989168098035918,3694,0.0,0.787,0.0
u_25673,0.0,-1,0.0,,
u_25674,0.0,-1,0.0,,
u_25675,0.043034914056465874,791,0.0,0.787,0.0
u_25676,0.0,-1,0.0,,
u_25677,0.0,-1,0.0,,
u_25678,0.0,-1,0.0,,
u_25679,0.0,-1,0.0,,
u_25680,0.0,-1,0.0,,
u_25681,0.0,-1,0.0,,
u_25682,0.0025332138286193965,2841,0.0,0.024,0.0
u_25683,0.043034914056465874,5999,0.0,0.787,0.0
u_25684,0.0,-1,0.0,,
u_25685,0.0,-1,0.0,,
u_25686,0.0,-1,0.0,,
u_25687,0.043034914056465874,4076,0.0,0.787,0.0
u_25688,0.0,-1,0.0,,
u_25689,0.0,-1,0.0,,
u_25690,8.656142456853335e-05,910,0.0,0.002,0.0
u_25691,0.004992628750127698,3621,0.0,0.091,0.0
u_25692,0.0,-1,0.0,,
u_25693,0.00029156513598070866,1379,0.0,0.003,0.0
u_25694,0.0,-1,0.0,,
u_25695,0.0,-1,0.0,,
u_25696,0.0,-1,0.0,,
u_25697,0.0,-1,0.0,,
u_25698,0.0,-1,0.0,,
u_25699,0.0,-1,0.0,,
u_25700,0.0,-1,0.0,,
u_25701,0.0,-1,0.0,,
u_25702,0.0,-1,0.0,,
u_25703,0.0,-1,0.0,,
u_25704,0.043034914056465874,5526,0.0,0.787,0.0
u_25705,0.0,-1,0.0,,
u_25706,0.0,-1,0.0,,
u_25707,0.08417531978986129,2090,0.0,0.787,0.0
u_25708,0.0,-1,0.0,,
u_25709,0.0,-1,0.0,,
u_25710,0.043034914056465874,3204,0.0,0.787,0.0
u_25711,0.04118677583827131,887,0.0,0.787,0.0
u_25712,0.0,-1,0.0,,
u_25713,0.0,-1,0.0,,
u_25714,0.043034914056465874,6209,0.0,0.787,0.0
u_25715,0.0,-1,0.0,,
u_25716,0.03988844783403931,74,0.0,0.787,0.0
u_25717,0.0821946666854623,3309,0.0,0.787,0.0
u_25718,0.0,-1,0.0,,
u_25719,0.0,-1,0.0,,
u_25720,0.043034914056465874,5527,0.0,0.787,0.0
u_25721,0.0,-1,0.0,,
u_25722,0.0,-1,0.0,,
u_25723,0.0,-1,0.0,,
u_25724,0.0,-1,0.0,,
u_25725,0.043034914056465874,5528,0.0,0.787,0.0
u_25726,0.0,-1,0.0,,
u_25727,0.0,-1,0.0,,
u_25728,0.0,-1,0.0,,
u_25729,0.0,-1,0.0,,
u_25730,0.0,-1,0.0,,
u_25731,0.04230443246720318,56,0.0,0.787,0.0
u_25732,0.0,-1,0.0,,
u_25733,0.0,-1,0.0,,
u_25734,0.043034914056465874,5529,0.0,0.787,0.0
u_25735,0.0,-1,0.0,,
u_25736,0.043034914056465874,3107,0.0,0.787,0.0
u_25737,0.002774208238486898,1439,0.0,0.051,0.0
u_25738,0.043034914056465874,5530,0.0,0.787,0.0
u_25739,0.00010057803050798767,22,0.0,0.002,0.0
u_25740,0.0405361135494659,276,0.0,0.787,0.0
u_25741,0.0,-1,0.0,,
u_25742,0.0,-1,0.0,,
u_25743,0.0,-1,0.0,,
u_25744,0.00025286458496528275,1736,0.0,0.005,0.0
u_25745,0.03988782396355213,131,0.0,0.787,0.0
u_25746,0.0,-1,0.0,,
u_25747,0.0,-1,0.0,,
u_25748,0.006211719235189803,53,0.0,0.113,0.0
u_25749,0.007553246517629856,128,0.0,0.144,0.0
u_25750,0.08417531978986129,2267,0.0,0.787,0.0
u_25751,0.0,-1,0.0,,
u_25752,0.01260473331302413,1410,0.0,0.239,0.0
u_25753,0.0,-1,0.0,,
u_25754,0.0,-1,0.0,,
u_25755,0.0,-1,0.0,,
u_25756,0.0,-1,0.0,,
u_25757,0.0,-1,0.0,,
u_25758,0.0,-1,0.0,,
u_25759,0.0,-1,0.0,,
u_25760,0.0,-1,0.0,,
u_25761,0.043034914056465874,4624,0.0,0.787,0.0
u_25762,0.0,-1,0.0,,
u_25763,0.0,-1,0.0,,
u_25764,0.0,-1,0.0,,
u_25765,0.0,-1,0.0,,
u_25766,0.0,-1,0.0,,
u_25767,0.00013105086446839982,1230,0.0,0.002,0.0
u_25768,0.0,-1,0.0,,
u_25769,0.017247583263379298,4209,0.0,0.315,0.0
u_25770,0.0,-1,0.0,,
u_25771,0.0,-1,0.0,,
u_25772,0.0,-1,0.0,,
u_25773,0.0,-1,0.0,,
u_25774,0.041405841221210354,197,0.0,0.787,0.0
u_25775,0.0,-1,0.0,,
u_25776,0.021714147539556496,984,0.0,0.414,0.0
u_25777,0.0007990271878839863,1345,0.0,0.015,0.0
u_25778,0.0,-1,0.0,,
u_25779,0.0,-1,0.0,,
u_25780,0.0416509616774521,2166,0.0,0.787,0.0
u_25781,0.0,-1,0.0,,
u_25782,0.0,-1,0.0,,
u_25783,0.0,-1,0.0,,
u_25784,0.0,-1,0.0,,
u_25785,0.0,-1,0.0,,
u_25786,0.043034914056465874,5531,0.0,0.787,0.0
u_25787,0.0,-1,0.0,,
u_25788,0.0,-1,0.0,,
u_25789,0.007701190545024566,3845,0.0,0.141,0.0
u_25790,0.000722251083778614,2456,0.0,0.013,0.0
u_25791,0.017175081332877398,3920,0.0,0.161,0.0
u_25792,0.0,-1,0.0,,
u_25793,0.032906316294819965,4524,0.0,0.601,0.0
u_25794,0.0,-1,0.0,,
u_25795,0.039889034710485285,862,0.0,0.787,0.0
u_25796,0.04102158335221301,904,0.0,0.787,0.0
u_25797,0.0,-1,0.0,,
u_25798,0.0,-1,0.0,,
u_25799,0.0,-1,0.0,,
u_25800,0.043034914056465874,6210,0.0,0.787,0.0
u_25801,0.0,-1,0.0,,
u_25802,0.0,-1,0.0,,
u_25803,0.0,-1,0.0,,
u_25804,0.043034914056465874,2418,0.0,0.787,0.0
u_25805,0.0,-1,0.0,,
u_25806,0.0,-1,0.0,,
u_25807,0.003663570504403116,1686,0.0,0.035,0.0
u_25808,0.0,-1,0.0,,
u_25809,0.0,-1,0.0,,
u_25810,0.008912980549918135,1763,0.0,0.167,0.0
u_25811,0.0,-1,0.0,,
u_25812,0.0,-1,0.0,,
u_25813,0.043034914056465874,2511,0.0,0.787,0.0
u_25814,0.043034914056465874,5532,0.0,0.787,0.0
u_25815,0.0,-1,0.0,,
u_25816,0.0,-1,0.0,,
u_25817,0.04237651424214981,47,0.0,0.787,0.0
u_25818,5.382375413780461e-05,365,0.0,0.001,0.0
u_25819,0.0,-1,0.0,,
u_25820,0.009666963593271138,3973,0.0,0.177,0.0
u_25821,0.039887585963511454,3180,0.0,0.787,0.0
u_25822,0.0,-1,0.0,,
u_25823,0.0,-1,0.0,,
u_25824,0.0,-1,0.0,,
u_25825,0.0,-1,0.0,,
u_25826,0.0,-1,0.0,,
u_25827,0.0,-1,0.0,,
u_25828,0.0009254595390130151,2629,0.0,0.017,0.0
u_25829,0.0,-1,0.0,,
u_25830,0.0,-1,0.0,,
u_25831,0.0038329520841983893,3477,0.0,0.07,0.0
u_25832,0.0,-1,0.0,,
u_25833,0.042668462425021994,984,0.0,0.787,0.0
u_25834,0.08412578295049127,1086,0.0,0.787,0.0
u_25835,0.0013402909876638906,1039,0.0,0.009,0.0
u_25836,0.0,-1,0.0,,
u_25837,0.0,-1,0.0,,
u_25838,0.0,-1,0.0,,
u_25839,0.0,-1,0.0,,
u_25840,0.0015698383645383332,2977,0.0,0.029,0.0
u_25841,0.0,-1,0.0,,
u_25842,0.0,-1,0.0,,
u_25843,0.0019717243549017154,2337,0.0,0.035,0.0
u_25844,0.0,-1,0.0,,
u_25845,0.0,-1,0.0,,
u_25846,0.0,-1,0.0,,
u_25847,0.0,-1,0.0,,
u_25848,0.014954049962880937,1135,0.0,0.093,0.0
u_25849,0.043034914056465874,5930,0.0,0.787,0.0
u_25850,0.00015252559631759544,759,0.0,0.001,0.0
u_25851,0.0,-1,0.0,,
u_25852,0.0,-1,0.0,,
u_25853,0.0,-1,0.0,,
u_25854,0.07963393730009231,509,0.0,0.787,0.0
u_25855,0.0,-1,0.0,,
u_25856,0.0,-1,0.0,,
u_25857,0.043034914056465874,5533,0.0,0.787,0.0
u_25858,0.0,-1,0.0,,
u_25859,0.0004298188016554265,2125,0.0,0.008,0.0
u_25860,0.0,-1,0.0,,
u_25861,0.0,-1,0.0,,
u_25862,0.0,-1,0.0,,
u_25863,0.0,-1,0.0,,
u_25864,0.0,-1,0.0,,
u_25865,0.0,-1,0.0,,
u_25866,0.0,-1,0.0,,
u_25867,0.0,-1,0.0,,
u_25868,0.001487342147456935,1893,0.0,0.029,0.0
u_25869,0.0,-1,0.0,,
u_25870,0.040625351454949186,318,0.0,0.787,0.0
u_25871,0.0,-1,0.0,,
u_25872,0.039888135366127,1315,0.0,0.787,0.0
u_25873,0.0,-1,0.0,,
u_25874,0.043034914056465874,6211,0.0,0.787,0.0
u_25875,0.0,-1,0.0,,
u_25876,0.043034914056465874,2917,0.0,0.787,0.0
u_25877,0.009795470557121634,2242,0.0,0.181,0.0
u_25878,0.0,-1,0.0,,
u_25879,0.0,-1,0.0,,
u_25880,0.0,-1,0.0,,
u_25881,0.0,-1,0.0,,
u_25882,0.003047133680328966,3325,0.0,0.056,0.0
u_25883,0.0,-1,0.0,,
u_25884,0.043034914056465874,4800,0.0,0.787,0.0
u_25885,0.0,-1,0.0,,
u_25886,0.03988814540105453,964,0.0,0.787,0.0
u_25887,0.04057214773800455,1624,0.0,0.787,0.0
u_25888,0.0,-1,0.0,,
u_25889,0.0,-1,0.0,,
u_25890,0.0,-1,0.0,,
u_25891,0.0,-1,0.0,,
u_25892,0.043034914056465874,5534,0.0,0.787,0.0
u_25893,0.0,-1,0.0,,
u_25894,0.08102829893889865,332,0.0,0.787,0.0
u_25895,0.0,-1,0.0,,
u_25896,0.07983099346833553,419,0.0,0.787,0.0
u_25897,0.08550447326409692,759,0.0,0.787,0.0
u_25898,0.0,-1,0.0,,
u_25899,0.0014365522224298278,2485,0.0,0.013,0.0
u_25900,0.0,-1,0.0,,
u_25901,0.0,-1,0.0,,
u_25902,0.0,-1,0.0,,
u_25903,0.0,-1,0.0,,
u_25904,0.00012697707596474582,1200,0.0,0.002,0.0
u_25905,0.0,-1,0.0,,
u_25906,0.003563089685247569,419,0.0,0.034,0.0
u_25907,0.0,-1,0.0,,
u_25908,0.0,-1,0.0,,
u_25909,0.0,-1,0.0,,
u_25910,0.0,-1,0.0,,
u_25911,0.0,-1,0.0,,
u_25912,0.0,-1,0.0,,
u_25913,0.0,-1,0.0,,
u_25914,0.0,-1,0.0,,
u_25915,0.0,-1,0.0,,
u_25916,0.043034914056465874,2287,0.0,0.787,0.0
u_25917,0.0,-1,0.0,,
u_25918,0.043034914056465874,5042,0.0,0.787,0.0
u_25919,0.0012021082462022826,2484,0.0,0.023,0.0
u_25920,0.0,-1,0.0,,
u_25921,0.043034914056465874,5361,0.0,0.787,0.0
u_25922,0.043034914056465874,3889,0.0,0.787,0.0
u_25923,0.0,-1,0.0,,
u_25924,0.0,-1,0.0,,
u_25925,0.0,-1,0.0,,
u_25926,0.039903867655602505,613,0.0,0.787,0.0
u_25927,0.0,-1,0.0,,
u_25928,0.0,-1,0.0,,
u_25929,0.020917291433273314,4313,0.0,0.382,0.0
u_25930,0.012555000190233583,4086,0.0,0.229,0.0
u_25931,0.0,-1,0.0,,
u_25932,0.0,-1,0.0,,
u_25933,0.0,-1,0.0,,
u_25934,0.0,-1,0.0,,
u_25935,0.0,-1,0.0,,
u_25936,0.0,-1,0.0,,
u_25937,0.0,-1,0.0,,
u_25938,0.0,-1,0.0,,
u_25939,0.0,-1,0.0,,
u_25940,0.0,-1,0.0,,
u_25941,0.0,-1,0.0,,
u_25942,0.00125297595545548,2817,0.0,0.023,0.0
u_25943,0.0,-1,0.0,,
u_25944,0.0,-1,0.0,,
u_25945,0.0,-1,0.0,,
u_25946,0.0,-1,0.0,,
u_25947,0.0,-1,0.0,,
u_25948,0.0,-1,0.0,,
u_25949,0.0,-1,0.0,,
u_25950,0.0,-1,0.0,,
u_25951,0.0,-1,0.0,,
u_25952,0.043034914056465874,5256,0.0,0.787,0.0
u_25953,0.0,-1,0.0,,
u_25954,0.0,-1,0.0,,
u_25955,0.0,-1,0.0,,
u_25956,0.043034914056465874,4796,0.0,0.787,0.0
u_25957,0.042130407716432006,5733,0.0,0.787,0.0
u_25958,0.04222079475863028,3584,0.0,0.787,0.0
u_25959,0.043034914056465874,6212,0.0,0.787,0.0
u_25960,0.0,-1,0.0,,
u_25961,0.039893164925731806,4603,0.0,0.787,0.0
u_25962,0.0,-1,0.0,,
u_25963,0.044363153293605066,2494,0.0,0.787,0.0
u_25964,0.044371671209463594,3598,0.0,0.787,0.0
u_25965,0.0,-1,0.0,,
u_25966,0.04199841826289047,802,0.0,0.787,0.0
u_25967,0.0823664249889998,3066,0.0,0.787,0.0
u_25968,0.0,-1,0.0,,
u_25969,0.0,-1,0.0,,
u_25970,0.0,-1,0.0,,
u_25971,0.043034914056465874,5444,0.0,0.787,0.0
u_25972,0.0,-1,0.0,,
u_25973,0.0,-1,0.0,,
u_25974,0.0,-1,0.0,,
u_25975,0.0,-1,0.0,,
u_25976,0.0,-1,0.0,,
u_25977,0.0,-1,0.0,,
u_25978,0.0,-1,0.0,,
u_25979,0.0,-1,0.0,,
u_25980,0.0,-1,0.0,,
u_25981,0.0,-1,0.0,,
u_25982,0.08249258793346896,963,0.0,0.787,0.0
u_25983,0.08417531978986129,4280,0.0,0.787,0.0
u_25984,0.0,-1,0.0,,
u_25985,0.0,-1,0.0,,
u_25986,0.0,-1,0.0,,
u_25987,0.0,-1,0.0,,
u_25988,0.0,-1,0.0,,
u_25989,0.0,-1,0.0,,
u_25990,0.0,-1,0.0,,
u_25991,0.0,-1,0.0,,
u_25992,0.0,-1,0.0,,
u_25993,0.0,-1,0.0,,
u_25994,0.04048279127748845,867,0.0,0.787,0.0
u_25995,0.0,-1,0.0,,
u_25996,0.0,-1,0.0,,
u_25997,0.0,-1,0.0,,
u_25998,0.0,-1,0.0,,
u_25999,0.0,-1,0.0,,
u_26000,0.0,-1,0.0,,
u_26001,0.0,-1,0.0,,
u_26002,8.015463850748657e-05,851,0.0,0.002,0.0
u_26003,0.0,-1,0.0,,
u_26004,0.0,-1,0.0,,
u_26005,0.08417531978986129,3611,0.0,0.787,0.0
u_26006,0.0417124019420676,1645,0.0,0.787,0.0
u_26007,0.0,-1,0.0,,
u_26008,0.002070719880614518,3090,0.0,0.037,0.0
u_26009,0.043034914056465874,6116,0.0,0.787,0.0
u_26010,0.0,-1,0.0,,
u_26011,0.0005913950985062017,1883,0.0,0.006,0.0
u_26012,0.0012044707337884551,671,0.0,0.022,0.0
u_26013,0.04505487929458806,665,0.0,0.812,0.0
u_26014,0.00018764904734466003,1525,0.0,0.003,0.0
u_26015,0.0012517000675979994,2395,0.0,0.012,0.0
u_26016,0.0,-1,0.0,,
u_26017,0.0,-1,0.0,,
u_26018,0.08393464413069616,3364,0.0,0.787,0.0
u_26019,0.0,-1,0.0,,
u_26020,0.0,-1,0.0,,
u_26021,0.0,-1,0.0,,
u_26022,0.0,-1,0.0,,
u_26023,0.0,-1,0.0,,
u_26024,0.043034914056465874,6213,0.0,0.787,0.0
u_26025,0.0,-1,0.0,,
u_26026,0.0,-1,0.0,,
u_26027,0.043034914056465874,6205,0.0,0.787,0.0
u_26028,0.0,-1,0.0,,
u_26029,0.08417531978986129,4531,0.0,0.787,0.0
u_26030,0.043034914056465874,5535,0.0,0.787,0.0
u_26031,0.0,-1,0.0,,
u_26032,0.016255025481151937,277,0.0,0.319,0.0
u_26033,0.0,-1,0.0,,
u_26034,0.041695690329572314,1202,0.0,0.787,0.0
u_26035,0.0,-1,0.0,,
u_26036,0.03988842335724843,168,0.0,0.787,0.0
u_26037,0.0,-1,0.0,,
u_26038,0.0,-1,0.0,,
u_26039,0.0,-1,0.0,,
u_26040,0.0,-1,0.0,,
u_26041,0.0,-1,0.0,,
u_26042,0.040570627553161834,993,0.0,0.787,0.0
u_26043,0.0,-1,0.0,,
u_26044,0.0,-1,0.0,,
u_26045,0.043034914056465874,5105,0.0,0.787,0.0
u_26046,0.0,-1,0.0,,
u_26047,0.0,-1,0.0,,
u_26048,0.0002244133204755084,1660,0.0,0.004,0.0
u_26049,0.0,-1,0.0,,
u_26050,0.0,-1,0.0,,
u_26051,0.0,-1,0.0,,
u_26052,0.0,-1,0.0,,
u_26053,0.0,-1,0.0,,
u_26054,0.0,-1,0.0,,
u_26055,0.0043908910442575656,1944,0.0,0.042,0.0
u_26056,0.08236600209065441,4233,0.0,0.787,0.0
u_26057,0.001645568451181102,932,0.0,0.015,0.0
u_26058,0.040110330947840105,1282,0.0,0.787,0.0
u_26059,0.04430696793213043,1228,0.0,0.787,0.0
u_26060,0.0,-1,0.0,,
u_26061,0.0021444639022616266,3123,0.0,0.039,0.0
u_26062,0.0,-1,0.0,,
u_26063,0.0,-1,0.0,,
u_26064,0.00028578409546817354,74,0.0,0.005,0.0
u_26065,0.0,-1,0.0,,
u_26066,0.16586017971712513,4584,0.0,0.787,0.0
u_26067,0.043034914056465874,6214,0.0,0.787,0.0
u_26068,0.0,-1,0.0,,
u_26069,0.04297098891131004,366,0.0,0.787,0.0
u_26070,0.0,-1,0.0,,
u_26071,0.0,-1,0.0,,
u_26072,0.03989239624859063,2806,0.0,0.787,0.0
u_26073,0.043034914056465874,1022,0.0,0.787,0.0
u_26074,0.0,-1,0.0,,
u_26075,0.0,-1,0.0,,
u_26076,0.0,-1,0.0,,
u_26077,0.043034914056465874,5118,0.0,0.787,0.0
u_26078,0.0,-1,0.0,,
u_26079,0.0,-1,0.0,,
u_26080,0.000772085509943792,2510,0.0,0.014,0.0
u_26081,0.0,-1,0.0,,
u_26082,0.0,-1,0.0,,
u_26083,0.0,-1,0.0,,
u_26084,0.0004539883530240529,613,0.0,0.009,0.0
u_26085,0.043034914056465874,5181,0.0,0.787,0.0
u_26086,0.043034914056465874,5244,0.0,0.787,0.0
u_26087,0.0,-1,0.0,,
u_26088,0.0,-1,0.0,,
u_26089,0.08417531978986129,713,0.0,0.787,0.0
u_26090,0.0,-1,0.0,,
u_26091,0.04176108326360162,760,0.0,0.787,0.0
u_26092,0.0,-1,0.0,,
u_26093,0.0,-1,0.0,,
u_26094,0.0,-1,0.0,,
u_26095,0.0,-1,0.0,,
u_26096,0.0,-1,0.0,,
u_26097,0.043034914056465874,6215,0.0,0.787,0.0
u_26098,0.0,-1,0.0,,
u_26099,0.0,-1,0.0,,
u_26100,0.0,-1,0.0,,
u_26101,0.0,-1,0.0,,
u_26102,0.0,-1,0.0,,
u_26103,0.0,-1,0.0,,
u_26104,0.04252915834289477,714,0.0,0.787,0.0
u_26105,0.0,-1,0.0,,
u_26106,0.0,-1,0.0,,
u_26107,0.0,-1,0.0,,
u_26108,0.0,-1,0.0,,
u_26109,0.0,-1,0.0,,
u_26110,0.0,-1,0.0,,
u_26111,0.0,-1,0.0,,
u_26112,0.0,-1,0.0,,
u_26113,0.0,-1,0.0,,
u_26114,0.0,-1,0.0,,
u_26115,0.0,-1,0.0,,
u_26116,0.03988764906953188,2622,0.0,0.787,0.0
u_26117,0.0,-1,0.0,,
u_26118,0.0,-1,0.0,,
u_26119,0.08417531978986129,2950,0.0,0.787,0.0
u_26120,0.043034914056465874,1594,0.0,0.787,0.0
u_26121,0.0,-1,0.0,,
u_26122,0.0,-1,0.0,,
u_26123,0.0,-1,0.0,,
u_26124,0.0398874398898602,547,0.0,0.787,0.0
u_26125,0.0,-1,0.0,,
u_26126,0.0,-1,0.0,,
u_26127,0.039889965340839405,1356,0.0,0.787,0.0
u_26128,0.0,-1,0.0,,
u_26129,4.8401083185306855e-05,221,0.0,0.001,0.0
u_26130,0.0,-1,0.0,,
u_26131,0.0,-1,0.0,,
u_26132,0.012878700020695043,974,0.0,0.235,0.0
u_26133,0.0,-1,0.0,,
u_26134,0.043034914056465874,2731,0.0,0.787,0.0
u_26135,0.0033157595852215302,767,0.0,0.062,0.0
u_26136,0.0,-1,0.0,,
u_26137,0.0,-1,0.0,,
u_26138,0.0,-1,0.0,,
u_26139,0.0,-1,0.0,,
u_26140,0.0,-1,0.0,,
u_26141,0.0,-1,0.0,,
u_26142,0.043034914056465874,3299,0.0,0.787,0.0
u_26143,0.0,-1,0.0,,
u_26144,0.043034914056465874,2493,0.0,0.787,0.0
u_26145,0.0031296117730321713,3348,0.0,0.057,0.0
u_26146,0.043034914056465874,4064,0.0,0.787,0.0
u_26147,0.0,-1,0.0,,
u_26148,0.043034914056465874,1901,0.0,0.787,0.0
u_26149,0.0,-1,0.0,,
u_26150,0.04053106759487497,49,0.0,0.787,0.0
u_26151,0.043034914056465874,6216,0.0,0.787,0.0
u_26152,0.0,-1,0.0,,
u_26153,0.0,-1,0.0,,
u_26154,0.0,-1,0.0,,
u_26155,0.043034914056465874,6217,0.0,0.787,0.0
u_26156,0.0,-1,0.0,,
u_26157,0.0,-1,0.0,,
u_26158,0.0,-1,0.0,,
u_26159,0.0,-1,0.0,,
u_26160,0.0,-1,0.0,,
u_26161,0.04068906973886983,2150,0.0,0.787,0.0
u_26162,0.007742675039912659,697,0.0,0.136,0.0
u_26163,0.0,-1,0.0,,
u_26164,0.0,-1,0.0,,
u_26165,0.0,-1,0.0,,
u_26166,0.0,-1,0.0,,
u_26167,0.043034914056465874,5893,0.0,0.787,0.0
u_26168,0.0463923207723115,460,0.0,0.29,0.0
u_26169,0.0,-1,0.0,,
u_26170,0.0,-1,0.0,,
u_26171,0.0,-1,0.0,,
u_26172,0.0,-1,0.0,,
u_26173,6.718285339842485e-05,610,0.0,0.001,0.0
u_26174,0.09331855118938032,1808,0.0,0.594,0.0
u_26175,0.0,-1,0.0,,
u_26176,0.0,-1,0.0,,
u_26177,0.043034914056465874,4251,0.0,0.787,0.0
u_26178,0.0,-1,0.0,,
u_26179,0.0,-1,0.0,,
u_26180,0.0,-1,0.0,,
u_26181,0.04029285930728337,697,0.0,0.787,0.0
u_26182,0.0,-1,0.0,,
u_26183,0.0,-1,0.0,,
u_26184,0.0,-1,0.0,,
u_26185,0.0,-1,0.0,,
u_26186,0.02565253159124622,4106,0.0,0.24,0.0
u_26187,0.043034914056465874,5536,0.0,0.787,0.0
u_26188,0.0,-1,0.0,,
u_26189,0.0,-1,0.0,,
u_26190,0.08417531978986129,4067,0.0,0.787,0.0
u_26191,0.0,-1,0.0,,
u_26192,0.0,-1,0.0,,
u_26193,0.0,-1,0.0,,
u_26194,0.0,-1,0.0,,
u_26195,0.0,-1,0.0,,
u_26196,0.04282906965441017,27,0.0,0.787,0.0
u_26197,0.043034914056465874,3114,0.0,0.787,0.0
u_26198,0.0,-1,0.0,,
u_26199,0.0,-1,0.0,,
u_26200,0.0172522630584596,4210,0.0,0.315,0.0
u_26201,0.043034914056465874,3952,0.0,0.787,0.0
u_26202,0.04380684790513596,155,0.0,0.787,0.0
u_26203,0.0,-1,0.0,,
u_26204,0.0,-1,0.0,,
u_26205,0.0,-1,0.0,,
u_26206,0.020487194663216635,2894,0.0,0.362,0.0
u_26207,0.043034914056465874,5532,0.0,0.787,0.0
u_26208,0.0,-1,0.0,,
u_26209,0.0,-1,0.0,,
u_26210,0.0001779470498556838,152,0.0,0.003,0.0
u_26211,0.005388737721840031,3664,0.0,0.1,0.0
u_26212,0.0,-1,0.0,,
u_26213,0.002495414511272758,662,0.0,0.025,0.0
u_26214,0.0,-1,0.0,,
u_26215,0.0,-1,0.0,,
u_26216,0.0,-1,0.0,,
u_26217,0.0,-1,0.0,,
u_26218,0.0,-1,0.0,,
u_26219,0.043034914056465874,5537,0.0,0.787,0.0
u_26220,0.043034914056465874,3667,0.0,0.787,0.0
u_26221,0.0,-1,0.0,,
u_26222,0.0004933544095751948,2203,0.0,0.009,0.0
u_26223,0.0,-1,0.0,,
u_26224,0.0,-1,0.0,,
u_26225,0.0,-1,0.0,,
u_26226,0.00022220355818342646,1655,0.0,0.004,0.0
u_26227,0.0,-1,0.0,,
u_26228,0.0,-1,0.0,,
u_26229,0.0,-1,0.0,,
u_26230,0.0,-1,0.0,,
u_26231,0.0,-1,0.0,,
u_26232,0.08417531978986129,5195,0.0,0.787,0.0
u_26233,0.043034914056465874,5861,0.0,0.787,0.0
u_26234,0.0,-1,0.0,,
u_26235,0.0,-1,0.0,,
u_26236,0.0,-1,0.0,,
u_26237,0.0545443622253245,4740,0.0,0.997,0.0
u_26238,0.0,-1,0.0,,
u_26239,0.0,-1,0.0,,
u_26240,0.0,-1,0.0,,
u_26241,0.043034914056465874,2959,0.0,0.787,0.0
u_26242,0.00028321476941380443,1810,0.0,0.005,0.0
u_26243,0.0,-1,0.0,,
u_26244,0.043034914056465874,5538,0.0,0.787,0.0
u_26245,0.003342677574679978,3394,0.0,0.061,0.0
u_26246,0.043034914056465874,2949,0.0,0.787,0.0
u_26247,0.0,-1,0.0,,
u_26248,0.0,-1,0.0,,
u_26249,0.0,-1,0.0,,
u_26250,0.043034914056465874,5824,0.0,0.787,0.0
u_26251,0.0,-1,0.0,,
u_26252,0.043034914056465874,2117,0.0,0.787,0.0
u_26253,0.003732357091202206,3072,0.0,0.036,0.0
u_26254,0.0,-1,0.0,,
u_26255,0.01288058824563739,4097,0.0,0.235,0.0
u_26256,0.0,-1,0.0,,
u_26257,0.0,-1,0.0,,
u_26258,0.0,-1,0.0,,
u_26259,0.0,-1,0.0,,
u_26260,0.0,-1,0.0,,
u_26261,0.0,-1,0.0,,
u_26262,0.0,-1,0.0,,
u_26263,0.0,-1,0.0,,
u_26264,0.0,-1,0.0,,
u_26265,0.0,-1,0.0,,
u_26266,0.04243106988792868,4068,0.0,0.787,0.0
u_26267,0.000576906618312362,975,0.0,0.011,0.0
u_26268,0.0,-1,0.0,,
u_26269,0.0,-1,0.0,,
u_26270,0.039978766664705186,7,0.0,0.787,0.0
u_26271,0.039887700551806876,1989,0.0,0.787,0.0
u_26272,0.0,-1,0.0,,
u_26273,0.0,-1,0.0,,
u_26274,0.0,-1,0.0,,
u_26275,0.0,-1,0.0,,
u_26276,0.042456967051923644,1269,0.0,0.787,0.0
u_26277,0.04470465716679409,3282,0.0,0.787,0.0
u_26278,0.043034914056465874,5539,0.0,0.787,0.0
u_26279,0.0,-1,0.0,,
u_26280,0.0,-1,0.0,,
u_26281,0.00011058841868058875,1125,0.0,0.002,0.0
u_26282,0.0,-1,0.0,,
u_26283,0.007078902981101351,74,0.0,0.133,0.0
u_26284,0.0,-1,0.0,,
u_26285,0.0,-1,0.0,,
u_26286,0.0,-1,0.0,,
u_26287,0.04112418221205774,140,0.0,0.787,0.0
u_26288,0.0,-1,0.0,,
u_26289,0.0,-1,0.0,,
u_26290,0.0,-1,0.0,,
u_26291,0.0,-1,0.0,,
u_26292,0.0,-1,0.0,,
u_26293,0.0,-1,0.0,,
u_26294,0.0,-1,0.0,,
u_26295,0.00021655911072015338,1645,0.0,0.004,0.0
u_26296,0.0,-1,0.0,,
u_26297,0.0,-1,0.0,,
u_26298,0.0,-1,0.0,,
u_26299,0.043034914056465874,3958,0.0,0.787,0.0
u_26300,0.043034914056465874,6218,0.0,0.787,0.0
u_26301,0.0,-1,0.0,,
u_26302,0.0,-1,0.0,,
u_26303,0.00019110468474464338,1539,0.0,0.003,0.0
u_26304,0.0,-1,0.0,,
u_26305,0.0,-1,0.0,,
u_26306,0.0,-1,0.0,,
u_26307,0.0,-1,0.0,,
u_26308,0.0,-1,0.0,,
u_26309,0.0,-1,0.0,,
u_26310,0.043034914056465874,1190,0.0,0.787,0.0
u_26311,0.0,-1,0.0,,
u_26312,0.0,-1,0.0,,
u_26313,0.0,-1,0.0,,
u_26314,0.0,-1,0.0,,
u_26315,0.0,-1,0.0,,
u_26316,0.041362458218091196,633,0.0,0.787,0.0
u_26317,0.0,-1,0.0,,
u_26318,0.0003755051704841505,1865,0.0,0.007,0.0
u_26319,0.0,-1,0.0,,
u_26320,0.0,-1,0.0,,
u_26321,0.0,-1,0.0,,
u_26322,0.0398897940939342,3044,0.0,0.787,0.0
u_26323,0.0,-1,0.0,,
u_26324,0.0,-1,0.0,,
u_26325,0.0,-1,0.0,,
u_26326,0.0,-1,0.0,,
u_26327,0.0,-1,0.0,,
u_26328,0.0,-1,0.0,,
u_26329,0.0,-1,0.0,,
u_26330,0.0,-1,0.0,,
u_26331,0.0,-1,0.0,,
u_26332,0.043034914056465874,5346,0.0,0.787,0.0
u_26333,0.0,-1,0.0,,
u_26334,0.0,-1,0.0,,
u_26335,0.0,-1,0.0,,
u_26336,0.0,-1,0.0,,
u_26337,0.043034914056465874,3419,0.0,0.787,0.0
u_26338,0.0,-1,0.0,,
u_26339,0.0,-1,0.0,,
u_26340,0.00023237429550356515,1679,0.0,0.004,0.0
u_26341,0.05103249420059484,4710,0.0,0.933,0.0
u_26342,0.0,-1,0.0,,
u_26343,0.04067554520182443,260,0.0,0.787,0.0
u_26344,0.03989080934975639,3087,0.0,0.787,0.0
u_26345,0.0,-1,0.0,,
u_26346,0.0,-1,0.0,,
u_26347,0.0,-1,0.0,,
u_26348,0.08414611516682685,919,0.0,0.787,0.0
u_26349,0.0,-1,0.0,,
u_26350,0.0,-1,0.0,,
u_26351,0.0,-1,0.0,,
u_26352,0.0,-1,0.0,,
u_26353,0.0,-1,0.0,,
u_26354,0.0,-1,0.0,,
u_26355,0.0,-1,0.0,,
u_26356,0.009079131836078296,3569,0.0,0.084,0.0
u_26357,0.0,-1,0.0,,
u_26358,0.0,-1,0.0,,
u_26359,0.0,-1,0.0,,
u_26360,0.0,-1,0.0,,
u_26361,0.0,-1,0.0,,
u_26362,0.043034914056465874,5147,0.0,0.787,0.0
u_26363,0.05203408364431063,4724,0.0,0.951,0.0
u_26364,0.0,-1,0.0,,
u_26365,0.0,-1,0.0,,
u_26366,0.0,-1,0.0,,
u_26367,0.043034914056465874,5251,0.0,0.787,0.0
u_26368,0.043034914056465874,5540,0.0,0.787,0.0
u_26369,0.0,-1,0.0,,
u_26370,0.043034914056465874,5541,0.0,0.787,0.0
u_26371,0.0,-1,0.0,,
u_26372,0.03988827923489787,965,0.0,0.787,0.0
u_26373,0.08233573905870302,459,0.0,0.787,0.0
u_26374,0.0,-1,0.0,,
u_26375,0.0,-1,0.0,,
u_26376,0.0,-1,0.0,,
u_26377,0.0,-1,0.0,,
u_26378,0.01602866529580957,4186,0.0,0.293,0.0
u_26379,0.0,-1,0.0,,
u_26380,0.0,-1,0.0,,
u_26381,0.000943704136086786,112,0.0,0.016,0.0
u_26382,0.014430952294436515,3818,0.0,0.135,0.0
u_26383,0.0,-1,0.0,,
u_26384,0.0,-1,0.0,,
u_26385,0.0,-1,0.0,,
u_26386,0.0,-1,0.0,,
u_26387,0.041455496693468215,468,0.0,0.787,0.0
u_26388,0.08417531978986129,3672,0.0,0.787,0.0
u_26389,0.08417531978986129,1725,0.0,0.787,0.0
u_26390,0.039891333786171934,2188,0.0,0.787,0.0
u_26391,0.0,-1,0.0,,
u_26392,0.0,-1,0.0,,
u_26393,0.042130407716432006,5307,0.0,0.787,0.0
u_26394,0.0398889851896173,1604,0.0,0.787,0.0
u_26395,0.0,-1,0.0,,
u_26396,0.022410957896231366,288,0.0,0.212,0.0
u_26397,0.0,-1,0.0,,
u_26398,0.0,-1,0.0,,
u_26399,0.0,-1,0.0,,
u_26400,0.0,-1,0.0,,
u_26401,0.0,-1,0.0,,
u_26402,0.0,-1,0.0,,
u_26403,0.07169552021549648,3687,0.0,0.67,0.0
u_26404,0.043034914056465874,1162,0.0,0.787,0.0
u_26405,0.043034914056465874,5923,0.0,0.787,0.0
u_26406,0.0,-1,0.0,,
u_26407,0.0,-1,0.0,,
u_26408,0.0010730514882679911,278,0.0,0.02,0.0
u_26409,0.00012506254639951564,668,0.0,0.002,0.0
u_26410,0.0,-1,0.0,,
u_26411,0.0,-1,0.0,,
u_26412,0.0,-1,0.0,,
u_26413,0.0,-1,0.0,,
u_26414,0.0,-1,0.0,,
u_26415,0.0,-1,0.0,,
u_26416,0.04059850735877127,1066,0.0,0.787,0.0
u_26417,0.0796403509106438,1921,0.0,0.787,0.0
u_26418,0.0,-1,0.0,,
u_26419,0.0003222966639186077,1974,0.0,0.006,0.0
u_26420,0.043034914056465874,5176,0.0,0.787,0.0
u_26421,0.0,-1,0.0,,
u_26422,0.0,-1,0.0,,
u_26423,0.0,-1,0.0,,
u_26424,0.043034914056465874,1516,0.0,0.787,0.0
u_26425,0.029534848941937843,4479,0.0,0.54,0.0
u_26426,0.0,-1,0.0,,
u_26427,5.6806851247665575e-05,436,0.0,0.001,0.0
u_26428,0.0,-1,0.0,,
u_26429,0.043034914056465874,5926,0.0,0.787,0.0
u_26430,0.0,-1,0.0,,
u_26431,0.0,-1,0.0,,
u_26432,0.0,-1,0.0,,
u_26433,0.0,-1,0.0,,
u_26434,0.0,-1,0.0,,
u_26435,0.0,-1,0.0,,
u_26436,0.005647219310818602,173,0.0,0.055,0.0
u_26437,0.015182040029720135,25,0.0,0.273,0.0
u_26438,0.07963069053058075,1807,0.0,0.787,0.0
u_26439,0.043034914056465874,3910,0.0,0.787,0.0
u_26440,0.0,-1,0.0,,
u_26441,0.0,-1,0.0,,
u_26442,0.0,-1,0.0,,
u_26443,0.0,-1,0.0,,
u_26444,0.0,-1,0.0,,
u_26445,0.0,-1,0.0,,
u_26446,0.04434473123775,1033,0.0,0.787,0.0
u_26447,0.006209968696013518,3721,0.0,0.114,0.0
u_26448,0.0398873319991922,326,0.0,0.787,0.0
u_26449,0.0,-1,0.0,,
u_26450,0.07964067896574657,87,0.0,0.787,0.0
u_26451,0.04162482066904686,3119,0.0,0.787,0.0
u_26452,0.0,-1,0.0,,
u_26453,0.0,-1,0.0,,
u_26454,0.0,-1,0.0,,
u_26455,0.0202550369563548,714,0.0,0.197,0.0
u_26456,0.0,-1,0.0,,
u_26457,0.0,-1,0.0,,
u_26458,0.0,-1,0.0,,
u_26459,0.0,-1,0.0,,
u_26460,0.0,-1,0.0,,
u_26461,0.04244168987424201,2519,0.0,0.787,0.0
u_26462,0.0,-1,0.0,,
u_26463,0.0,-1,0.0,,
u_26464,0.0,-1,0.0,,
u_26465,0.00143344428771546,2914,0.0,0.026,0.0
u_26466,0.0020796176235808902,438,0.0,0.019,0.0
u_26467,0.043034914056465874,4815,0.0,0.787,0.0
u_26468,0.0,-1,0.0,,
u_26469,0.0,-1,0.0,,
u_26470,0.0,-1,0.0,,
u_26471,0.0,-1,0.0,,
u_26472,0.0,-1,0.0,,
u_26473,0.0,-1,0.0,,
u_26474,0.0019557859242380128,334,0.0,0.018,0.0
u_26475,0.043034914056465874,5856,0.0,0.787,0.0
u_26476,0.0,-1,0.0,,
u_26477,0.0,-1,0.0,,
u_26478,4.833717072894914e-05,77,0.0,0.001,0.0
u_26479,0.006871712001335832,3784,0.0,0.126,0.0
u_26480,0.043034914056465874,5542,0.0,0.787,0.0
u_26481,0.0,-1,0.0,,
u_26482,0.043034914056465874,5543,0.0,0.787,0.0
u_26483,0.0,-1,0.0,,
u_26484,0.043034914056465874,6219,0.0,0.787,0.0
u_26485,0.04302574755057095,2870,0.0,0.787,0.0
u_26486,0.04464754699479564,840,0.0,0.787,0.0
u_26487,0.0,-1,0.0,,
u_26488,0.0,-1,0.0,,
u_26489,0.0,-1,0.0,,
u_26490,0.005707718191569839,3682,0.0,0.104,0.0
u_26491,0.043034914056465874,2661,0.0,0.787,0.0
u_26492,0.0,-1,0.0,,
u_26493,0.0,-1,0.0,,
u_26494,0.0,-1,0.0,,
u_26495,0.043034914056465874,5523,0.0,0.787,0.0
u_26496,0.0006419729917792593,1972,0.0,0.006,0.0
u_26497,0.0,-1,0.0,,
u_26498,0.0,-1,0.0,,
u_26499,0.043034914056465874,5544,0.0,0.787,0.0
u_26500,0.0,-1,0.0,,
u_26501,0.0,-1,0.0,,
u_26502,0.0,-1,0.0,,
u_26503,0.0,-1,0.0,,
u_26504,0.0,-1,0.0,,
u_26505,0.0,-1,0.0,,
u_26506,0.0,-1,0.0,,
u_26507,0.0410578897813072,1040,0.0,0.787,0.0
u_26508,0.0,-1,0.0,,
u_26509,0.0,-1,0.0,,
u_26510,0.09491259020466576,1512,0.0,0.887,0.0
u_26511,0.0,-1,0.0,,
u_26512,0.044699440685425966,4653,0.0,0.817,0.0
u_26513,0.0,-1,0.0,,
u_26514,0.0,-1,0.0,,
u_26515,0.0,-1,0.0,,
u_26516,0.043034914056465874,5545,0.0,0.787,0.0
u_26517,0.04437003032180778,2110,0.0,0.787,0.0
u_26518,0.0004165686439216782,1620,0.0,0.004,0.0
u_26519,0.00015049982940310613,760,0.0,0.001,0.0
u_26520,0.0,-1,0.0,,
u_26521,0.0,-1,0.0,,
u_26522,0.0,-1,0.0,,
u_26523,0.0,-1,0.0,,
u_26524,0.059861828444106195,4497,0.0,0.559,0.0
u_26525,0.0,-1,0.0,,
u_26526,0.030462774117735722,2247,0.0,0.28,0.0
u_26527,0.0025300347452323884,3215,0.0,0.046,0.0
u_26528,0.0005171566867065553,2268,0.0,0.01,0.0
u_26529,0.0012027261891110902,2797,0.0,0.022,0.0
u_26530,0.017555768302516123,168,0.0,0.33,0.0
u_26531,0.0,-1,0.0,,
u_26532,0.0,-1,0.0,,
u_26533,0.0,-1,0.0,,
u_26534,0.0,-1,0.0,,
u_26535,0.0,-1,0.0,,
u_26536,0.0,-1,0.0,,
u_26537,0.0,-1,0.0,,
u_26538,0.0,-1,0.0,,
u_26539,0.0,-1,0.0,,
u_26540,0.044365686628076294,1333,0.0,0.787,0.0
u_26541,0.0,-1,0.0,,
u_26542,0.0,-1,0.0,,
u_26543,0.00039750047418664396,2076,0.0,0.007,0.0
u_26544,0.0,-1,0.0,,
u_26545,0.0,-1,0.0,,
u_26546,0.0,-1,0.0,,
u_26547,0.042951785069605196,416,0.0,0.787,0.0
u_26548,0.0,-1,0.0,,
u_26549,0.0001516252537076436,1372,0.0,0.003,0.0
u_26550,0.0,-1,0.0,,
u_26551,0.0,-1,0.0,,
u_26552,0.0,-1,0.0,,
u_26553,0.0,-1,0.0,,
u_26554,0.0,-1,0.0,,
u_26555,0.0,-1,0.0,,
u_26556,0.043034914056465874,6220,0.0,0.787,0.0
u_26557,0.0,-1,0.0,,
u_26558,0.0,-1,0.0,,
u_26559,0.0,-1,0.0,,
u_26560,0.08417531978986129,2205,0.0,0.787,0.0
u_26561,0.0,-1,0.0,,
u_26562,0.0,-1,0.0,,
u_26563,0.043034914056465874,5125,0.0,0.787,0.0
u_26564,0.043034914056465874,5376,0.0,0.787,0.0
u_26565,0.0013742128404717626,2080,0.0,0.013,0.0
u_26566,0.0,-1,0.0,,
u_26567,0.0,-1,0.0,,
u_26568,0.043034914056465874,6096,0.0,0.787,0.0
u_26569,0.0,-1,0.0,,
u_26570,0.0,-1,0.0,,
u_26571,0.001427428460737034,2910,0.0,0.026,0.0
u_26572,0.0,-1,0.0,,
u_26573,0.043034914056465874,6221,0.0,0.787,0.0
u_26574,0.0,-1,0.0,,
u_26575,0.0,-1,0.0,,
u_26576,0.0,-1,0.0,,
u_26577,0.0,-1,0.0,,
u_26578,8.754821870931008e-05,915,0.0,0.002,0.0
u_26579,0.0,-1,0.0,,
u_26580,0.0,-1,0.0,,
u_26581,0.0,-1,0.0,,
u_26582,0.0,-1,0.0,,
u_26583,0.0,-1,0.0,,
u_26584,0.0,-1,0.0,,
u_26585,0.0,-1,0.0,,
u_26586,0.0,-1,0.0,,
u_26587,0.0003119691755962061,1884,0.0,0.006,0.0
u_26588,0.0,-1,0.0,,
u_26589,0.0,-1,0.0,,
u_26590,0.0,-1,0.0,,
u_26591,0.043034914056465874,5546,0.0,0.787,0.0
u_26592,0.0,-1,0.0,,
u_26593,0.0,-1,0.0,,
u_26594,0.008148078985400927,3870,0.0,0.149,0.0
u_26595,0.0,-1,0.0,,
u_26596,0.0,-1,0.0,,
u_26597,0.0,-1,0.0,,
u_26598,0.0,-1,0.0,,
u_26599,0.03510907984473666,4544,0.0,0.623,0.0
u_26600,0.04334501793514594,1222,0.0,0.787,0.0
u_26601,0.043034914056465874,1721,0.0,0.787,0.0
u_26602,0.0012719479099635844,2827,0.0,0.023,0.0
u_26603,0.0,-1,0.0,,
u_26604,0.0,-1,0.0,,
u_26605,0.043034914056465874,4030,0.0,0.787,0.0
u_26606,0.04287609045476056,599,0.0,0.787,0.0
u_26607,0.0,-1,0.0,,
u_26608,0.0,-1,0.0,,
u_26609,0.03988741146093585,262,0.0,0.787,0.0
u_26610,0.0,-1,0.0,,
u_26611,0.043034914056465874,3227,0.0,0.787,0.0
u_26612,0.0,-1,0.0,,
u_26613,0.0,-1,0.0,,
u_26614,0.0,-1,0.0,,
u_26615,0.08236630710979355,4787,0.0,0.787,0.0
u_26616,0.08300295698715984,1348,0.0,0.787,0.0
u_26617,0.0,-1,0.0,,
u_26618,0.0,-1,0.0,,
u_26619,0.0,-1,0.0,,
u_26620,0.0,-1,0.0,,
u_26621,0.006738585000706565,3429,0.0,0.064,0.0
u_26622,0.0,-1,0.0,,
u_26623,0.0,-1,0.0,,
u_26624,0.0,-1,0.0,,
u_26625,0.11915364841405253,1959,0.0,0.787,0.0
u_26626,0.0,-1,0.0,,
u_26627,0.0,-1,0.0,,
u_26628,0.0,-1,0.0,,
u_26629,0.0,-1,0.0,,
u_26630,0.0,-1,0.0,,
u_26631,0.0,-1,0.0,,
u_26632,0.05160091463590623,534,0.0,0.93,0.0
u_26633,0.0,-1,0.0,,
u_26634,0.040126929503050114,2884,0.0,0.787,0.0
u_26635,0.0,-1,0.0,,
u_26636,0.08236991108703925,3797,0.0,0.787,0.0
u_26637,0.0,-1,0.0,,
u_26638,0.0,-1,0.0,,
u_26639,0.0,-1,0.0,,
u_26640,0.0,-1,0.0,,
u_26641,0.043034914056465874,3595,0.0,0.787,0.0
u_26642,0.0,-1,0.0,,
u_26643,0.00030235055907061885,1863,0.0,0.006,0.0
u_26644,0.0,-1,0.0,,
u_26645,0.0,-1,0.0,,
u_26646,0.0,-1,0.0,,
u_26647,0.0,-1,0.0,,
u_26648,0.043034914056465874,1709,0.0,0.787,0.0
u_26649,0.0,-1,0.0,,
u_26650,0.0021436160519526927,3122,0.0,0.039,0.0
u_26651,0.0,-1,0.0,,
u_26652,0.0,-1,0.0,,
u_26653,0.0,-1,0.0,,
u_26654,0.0,-1,0.0,,
u_26655,0.0005798185525052707,473,0.0,0.011,0.0
u_26656,0.0,-1,0.0,,
u_26657,0.043034914056465874,525,0.0,0.787,0.0
u_26658,0.0,-1,0.0,,
u_26659,0.0,-1,0.0,,
u_26660,0.043034914056465874,6091,0.0,0.787,0.0
u_26661,0.0,-1,0.0,,
u_26662,0.0,-1,0.0,,
u_26663,0.0,-1,0.0,,
u_26664,0.0,-1,0.0,,
u_26665,0.03988726614221067,829,0.0,0.787,0.0
u_26666,0.0,-1,0.0,,
u_26667,0.0398907764840791,2145,0.0,0.787,0.0
u_26668,0.043034914056465874,4143,0.0,0.787,0.0
u_26669,0.0,-1,0.0,,
u_26670,0.039888082062458724,4045,0.0,0.787,0.0
u_26671,0.0,-1,0.0,,
u_26672,0.0011652671103813972,2778,0.0,0.021,0.0
u_26673,0.0,-1,0.0,,
u_26674,0.0,-1,0.0,,
u_26675,0.043034914056465874,5217,0.0,0.787,0.0
u_26676,0.039905456842238285,1072,0.0,0.787,0.0
u_26677,0.0006158424040793747,2368,0.0,0.011,0.0
u_26678,0.0,-1,0.0,,
u_26679,0.0,-1,0.0,,
u_26680,0.0,-1,0.0,,
u_26681,0.0,-1,0.0,,
u_26682,0.0,-1,0.0,,
u_26683,0.0,-1,0.0,,
u_26684,0.02071343683148809,4307,0.0,0.379,0.0
u_26685,0.0,-1,0.0,,
u_26686,0.0,-1,0.0,,
u_26687,0.043034914056465874,5490,0.0,0.787,0.0
u_26688,0.0,-1,0.0,,
u_26689,0.0,-1,0.0,,
u_26690,0.0,-1,0.0,,
u_26691,0.043034914056465874,5547,0.0,0.787,0.0
u_26692,0.0,-1,0.0,,
u_26693,0.00013868303029532895,49,0.0,0.003,0.0
u_26694,0.0,-1,0.0,,
u_26695,0.0,-1,0.0,,
u_26696,0.08326265609729647,421,0.0,0.787,0.0
u_26697,0.0,-1,0.0,,
u_26698,0.0,-1,0.0,,
u_26699,0.0,-1,0.0,,
u_26700,0.0,-1,0.0,,
u_26701,0.0,-1,0.0,,
u_26702,0.0,-1,0.0,,
u_26703,0.04436134452118368,2597,0.0,0.829,0.0
u_26704,0.0009722681953129342,845,0.0,0.006,0.0
u_26705,0.0,-1,0.0,,
u_26706,0.0,-1,0.0,,
u_26707,0.0005823315115994728,2333,0.0,0.011,0.0
u_26708,0.05030176760026177,61,0.0,0.959,0.0
u_26709,0.0,-1,0.0,,
u_26710,0.0,-1,0.0,,
u_26711,0.0,-1,0.0,,
u_26712,0.009365038047422341,2866,0.0,0.059,0.0
u_26713,0.0,-1,0.0,,
u_26714,7.933179545658885e-05,793,0.0,0.001,0.0
u_26715,0.0,-1,0.0,,
u_26716,0.0,-1,0.0,,
u_26717,0.0,-1,0.0,,
u_26718,0.0,-1,0.0,,
u_26719,0.0,-1,0.0,,
u_26720,0.0,-1,0.0,,
u_26721,0.043034914056465874,4804,0.0,0.787,0.0
u_26722,0.0003535062075763,1960,0.0,0.006,0.0
u_26723,0.08310654589088158,892,0.0,0.787,0.0
u_26724,0.0,-1,0.0,,
u_26725,0.0018916634709503035,118,0.0,0.018,0.0
u_26726,0.043034914056465874,2433,0.0,0.787,0.0
u_26727,0.0025281520420135915,952,0.0,0.045,0.0
u_26728,0.0,-1,0.0,,
u_26729,0.0,-1,0.0,,
u_26730,0.0,-1,0.0,,
u_26731,0.043034914056465874,6222,0.0,0.787,0.0
u_26732,0.0,-1,0.0,,
u_26733,0.03988816296845144,2337,0.0,0.787,0.0
u_26734,0.0,-1,0.0,,
u_26735,0.043034914056465874,1740,0.0,0.787,0.0
u_26736,0.0,-1,0.0,,
u_26737,0.0,-1,0.0,,
u_26738,0.043034914056465874,4415,0.0,0.787,0.0
u_26739,0.0,-1,0.0,,
u_26740,0.0,-1,0.0,,
u_26741,0.0,-1,0.0,,
u_26742,0.0,-1,0.0,,
u_26743,0.0,-1,0.0,,
u_26744,0.0,-1,0.0,,
u_26745,0.0,-1,0.0,,
u_26746,0.0,-1,0.0,,
u_26747,0.043034914056465874,5548,0.0,0.787,0.0
u_26748,0.012798017883901539,4092,0.0,0.234,0.0
u_26749,0.0,-1,0.0,,
u_26750,0.0,-1,0.0,,
u_26751,0.0,-1,0.0,,
u_26752,0.0,-1,0.0,,
u_26753,0.0,-1,0.0,,
u_26754,0.0,-1,0.0,,
u_26755,0.043034914056465874,2082,0.0,0.787,0.0
u_26756,0.0413107847532893,3333,0.0,0.787,0.0
u_26757,0.0,-1,0.0,,
u_26758,0.0,-1,0.0,,
u_26759,0.0,-1,0.0,,
u_26760,0.0,-1,0.0,,
u_26761,0.0,-1,0.0,,
u_26762,0.0,-1,0.0,,
u_26763,0.0,-1,0.0,,
u_26764,0.0,-1,0.0,,
u_26765,0.0,-1,0.0,,
u_26766,0.0,-1,0.0,,
u_26767,0.0,-1,0.0,,
u_26768,0.0,-1,0.0,,
u_26769,0.0,-1,0.0,,
u_26770,0.0,-1,0.0,,
u_26771,0.0,-1,0.0,,
u_26772,0.043034914056465874,3599,0.0,0.787,0.0
u_26773,0.0,-1,0.0,,
u_26774,0.0,-1,0.0,,
u_26775,0.07922062991692279,222,0.0,0.787,0.0
u_26776,0.0,-1,0.0,,
u_26777,0.0,-1,0.0,,
u_26778,0.047046186691963435,4665,0.0,0.86,0.0
u_26779,0.0,-1,0.0,,
u_26780,0.000183878587932089,292,0.0,0.004,0.0
u_26781,0.0,-1,0.0,,
u_26782,0.0,-1,0.0,,
u_26783,0.0,-1,0.0,,
u_26784,0.0,-1,0.0,,
u_26785,0.0,-1,0.0,,
u_26786,5.520256607971032e-05,406,0.0,0.001,0.0
u_26787,0.0,-1,0.0,,
u_26788,0.08417531978986129,5549,0.0,0.787,0.0
u_26789,0.0,-1,0.0,,
u_26790,0.0,-1,0.0,,
u_26791,0.043034914056465874,2786,0.0,0.787,0.0
u_26792,0.0,-1,0.0,,
u_26793,0.0,-1,0.0,,
u_26794,0.0,-1,0.0,,
u_26795,0.0,-1,0.0,,
u_26796,0.0,-1,0.0,,
u_26797,0.043034914056465874,6090,0.0,0.787,0.0
u_26798,0.043034914056465874,6223,0.0,0.787,0.0
u_26799,0.0,-1,0.0,,
u_26800,0.04063487826007973,27,0.0,0.787,0.0
u_26801,0.043034914056465874,6127,0.0,0.787,0.0
u_26802,0.0,-1,0.0,,
u_26803,0.042509684465141764,53,0.0,0.787,0.0
u_26804,0.0,-1,0.0,,
u_26805,0.040571267237505426,3765,0.0,0.787,0.0
u_26806,0.017358471426455153,4213,0.0,0.317,0.0
u_26807,0.0,-1,0.0,,
u_26808,0.0,-1,0.0,,
u_26809,0.04206956456999901,313,0.0,0.787,0.0
u_26810,0.0,-1,0.0,,
u_26811,0.051447355213322776,703,0.0,0.898,0.0
u_26812,0.0,-1,0.0,,
u_26813,0.08417531978986129,2058,0.0,0.787,0.0
u_26814,0.0,-1,0.0,,
u_26815,0.0,-1,0.0,,
u_26816,0.00021345515732402686,1622,0.0,0.004,0.0
u_26817,0.0,-1,0.0,,
u_26818,0.0,-1,0.0,,
u_26819,0.0437245534051343,489,0.0,0.787,0.0
u_26820,0.0,-1,0.0,,
u_26821,0.042450324221319335,168,0.0,0.787,0.0
u_26822,0.0,-1,0.0,,
u_26823,0.001338439422553403,2861,0.0,0.024,0.0
u_26824,0.0,-1,0.0,,
u_26825,0.0,-1,0.0,,
u_26826,0.0,-1,0.0,,
u_26827,4.927599921983437e-05,246,0.0,0.001,0.0
u_26828,0.0,-1,0.0,,
u_26829,0.0,-1,0.0,,
u_26830,0.0,-1,0.0,,
u_26831,0.0,-1,0.0,,
u_26832,0.08341819478791006,97,0.0,0.787,0.0
u_26833,0.0,-1,0.0,,
u_26834,0.0,-1,0.0,,
u_26835,0.0004619039208346536,2100,0.0,0.008,0.0
u_26836,0.0,-1,0.0,,
u_26837,0.03988881955143555,648,0.0,0.787,0.0
u_26838,0.043034914056465874,5212,0.0,0.787,0.0
u_26839,0.008742833122282159,3914,0.0,0.16,0.0
u_26840,0.043034914056465874,3964,0.0,0.787,0.0
u_26841,0.0,-1,0.0,,
u_26842,0.0,-1,0.0,,
u_26843,0.043034914056465874,4708,0.0,0.787,0.0
u_26844,0.0,-1,0.0,,
u_26845,0.03988771039318669,1348,0.0,0.787,0.0
u_26846,0.0,-1,0.0,,
u_26847,0.043034914056465874,6224,0.0,0.787,0.0
u_26848,0.0014209271439845547,2906,0.0,0.026,0.0
u_26849,0.0,-1,0.0,,
u_26850,0.001595951435342201,463,0.0,0.015,0.0
u_26851,0.043034914056465874,2149,0.0,0.787,0.0
u_26852,0.0,-1,0.0,,
u_26853,0.0,-1,0.0,,
u_26854,0.0,-1,0.0,,
u_26855,0.0,-1,0.0,,
u_26856,0.0,-1,0.0,,
u_26857,0.0,-1,0.0,,
u_26858,0.0033933026888934817,53,0.0,0.063,0.0
u_26859,0.043034914056465874,4403,0.0,0.787,0.0
u_26860,0.0,-1,0.0,,
u_26861,0.0,-1,0.0,,
u_26862,0.08027426847931253,136,0.0,0.787,0.0
u_26863,0.0,-1,0.0,,
u_26864,0.0,-1,0.0,,
u_26865,0.05030032406617889,174,0.0,0.479,0.0
u_26866,0.041801310230908106,3945,0.0,0.787,0.0
u_26867,0.0,-1,0.0,,
u_26868,0.0,-1,0.0,,
u_26869,0.0006047461406106815,379,0.0,0.006,0.0
u_26870,0.0,-1,0.0,,
u_26871,0.010063492635874418,3639,0.0,0.094,0.0
u_26872,0.03989027591687416,3923,0.0,0.787,0.0
u_26873,0.0,-1,0.0,,
u_26874,0.043034914056465874,4234,0.0,0.787,0.0
u_26875,0.043034914056465874,2017,0.0,0.787,0.0
u_26876,0.0,-1,0.0,,
u_26877,0.04499113633228384,142,0.0,0.787,0.0
u_26878,0.0,-1,0.0,,
u_26879,0.0,-1,0.0,,
u_26880,0.002268883156963137,3155,0.0,0.041,0.0
u_26881,0.0,-1,0.0,,
u_26882,0.0,-1,0.0,,
u_26883,0.0,-1,0.0,,
u_26884,0.0,-1,0.0,,
u_26885,0.0,-1,0.0,,
u_26886,0.0,-1,0.0,,
u_26887,0.000900606126746608,2175,0.0,0.008,0.0
u_26888,0.0,-1,0.0,,
u_26889,0.0,-1,0.0,,
u_26890,0.0,-1,0.0,,
u_26891,0.030624808647814313,176,0.0,0.193,0.0
u_26892,0.0,-1,0.0,,
u_26893,0.0,-1,0.0,,
u_26894,0.0,-1,0.0,,
u_26895,0.04492357041152445,227,0.0,0.787,0.0
u_26896,0.0,-1,0.0,,
u_26897,0.0,-1,0.0,,
u_26898,0.0,-1,0.0,,
u_26899,0.0,-1,0.0,,
u_26900,0.0010602221649314684,964,0.0,0.02,0.0
u_26901,0.0,-1,0.0,,
u_26902,0.027490154520310655,277,0.0,0.271,0.0
u_26903,0.0,-1,0.0,,
u_26904,0.0,-1,0.0,,
u_26905,0.043034914056465874,70,0.0,0.787,0.0
u_26906,0.0,-1,0.0,,
u_26907,0.043034914056465874,3145,0.0,0.787,0.0
u_26908,0.0,-1,0.0,,
u_26909,0.0,-1,0.0,,
u_26910,0.0410741268358477,77,0.0,0.787,0.0
u_26911,0.0,-1,0.0,,
u_26912,0.000583130110936629,2335,0.0,0.011,0.0
u_26913,0.0,-1,0.0,,
u_26914,0.047400203332511215,4369,0.0,0.443,0.0
u_26915,0.0003683027694176641,2024,0.0,0.007,0.0
u_26916,0.0,-1,0.0,,
u_26917,0.0,-1,0.0,,
u_26918,0.0,-1,0.0,,
u_26919,0.0,-1,0.0,,
u_26920,0.04070741965159172,1371,0.0,0.787,0.0
u_26921,0.0,-1,0.0,,
u_26922,0.0,-1,0.0,,
u_26923,0.0,-1,0.0,,
u_26924,4.8317674322037e-05,216,0.0,0.001,0.0
u_26925,0.0,-1,0.0,,
u_26926,0.0,-1,0.0,,
u_26927,0.0,-1,0.0,,
u_26928,0.0,-1,0.0,,
u_26929,0.03988721764574414,3116,0.0,0.787,0.0
u_26930,0.0,-1,0.0,,
u_26931,0.006232733769200965,3726,0.0,0.114,0.0
u_26932,0.0010506132434759648,844,0.0,0.01,0.0
u_26933,0.0,-1,0.0,,
u_26934,0.0,-1,0.0,,
u_26935,0.00047974196060063246,2207,0.0,0.009,0.0
u_26936,9.169514985114628e-05,358,0.0,0.002,0.0
u_26937,0.0,-1,0.0,,
u_26938,0.0,-1,0.0,,
u_26939,0.0,-1,0.0,,
u_26940,0.0,-1,0.0,,
u_26941,0.0,-1,0.0,,
u_26942,0.0,-1,0.0,,
u_26943,0.0,-1,0.0,,
u_26944,0.0,-1,0.0,,
u_26945,0.08325812893377615,778,0.0,0.787,0.0
u_26946,0.0,-1,0.0,,
u_26947,0.0,-1,0.0,,
u_26948,0.011112068796144785,2565,0.0,0.104,0.0
u_26949,0.0,-1,0.0,,
u_26950,0.0014137007730425726,1224,0.0,0.009,0.0
u_26951,0.0,-1,0.0,,
u_26952,0.0,-1,0.0,,
u_26953,0.0,-1,0.0,,
u_26954,0.0,-1,0.0,,
u_26955,0.03988840869094494,840,0.0,0.787,0.0
u_26956,0.043034914056465874,3840,0.0,0.787,0.0
u_26957,0.0,-1,0.0,,
u_26958,0.0,-1,0.0,,
u_26959,0.0,-1,0.0,,
u_26960,0.0,-1,0.0,,
u_26961,0.043034914056465874,6225,0.0,0.787,0.0
u_26962,0.0,-1,0.0,,
u_26963,0.0,-1,0.0,,
u_26964,0.0,-1,0.0,,
u_26965,0.05035319729374256,2901,0.0,0.947,0.0
u_26966,0.043034914056465874,5550,0.0,0.787,0.0
u_26967,0.0,-1,0.0,,
u_26968,0.0,-1,0.0,,
u_26969,0.0,-1,0.0,,
u_26970,0.04420352409743275,1101,0.0,0.787,0.0
u_26971,0.0,-1,0.0,,
u_26972,0.0,-1,0.0,,
u_26973,0.0,-1,0.0,,
u_26974,0.000620101861309121,2370,0.0,0.011,0.0
u_26975,0.040378328388424416,1113,0.0,0.787,0.0
u_26976,0.0045474069469715935,3566,0.0,0.083,0.0
u_26977,0.0,-1,0.0,,
u_26978,0.0,-1,0.0,,
u_26979,0.040267925482051915,222,0.0,0.787,0.0
u_26980,0.0,-1,0.0,,
u_26981,0.0,-1,0.0,,
u_26982,0.0,-1,0.0,,
u_26983,0.0,-1,0.0,,
u_26984,0.0,-1,0.0,,
u_26985,0.0,-1,0.0,,
u_26986,0.08236288854252741,765,0.0,0.787,0.0
u_26987,0.0,-1,0.0,,
u_26988,0.0014904871145338659,2941,0.0,0.027,0.0
u_26989,0.0,-1,0.0,,
u_26990,0.0,-1,0.0,,
u_26991,0.0,-1,0.0,,
u_26992,0.0,-1,0.0,,
u_26993,0.0,-1,0.0,,
u_26994,0.0,-1,0.0,,
u_26995,0.043034914056465874,4395,0.0,0.787,0.0
u_26996,0.043034914056465874,5551,0.0,0.787,0.0
u_26997,0.0,-1,0.0,,
u_26998,0.0,-1,0.0,,
u_26999,0.0,-1,0.0,,
u_27000,0.0,-1,0.0,,
u_27001,0.0,-1,0.0,,
u_27002,0.0,-1,0.0,,
u_27003,0.0,-1,0.0,,
u_27004,0.0,-1,0.0,,
u_27005,0.0,-1,0.0,,
u_27006,0.0,-1,0.0,,
u_27007,0.0,-1,0.0,,
u_27008,0.0,-1,0.0,,
u_27009,0.00015010491537119713,797,0.0,0.001,0.0
u_27010,0.0,-1,0.0,,
u_27011,0.023304318693400383,473,0.0,0.229,0.0
u_27012,0.0,-1,0.0,,
u_27013,0.08551126294262625,4021,0.0,0.787,0.0
u_27014,0.043034914056465874,2704,0.0,0.787,0.0
u_27015,0.043034914056465874,5552,0.0,0.787,0.0
u_27016,0.043034914056465874,2642,0.0,0.787,0.0
u_27017,0.0,-1,0.0,,
u_27018,0.0,-1,0.0,,
u_27019,0.0012847384648404586,2496,0.0,0.023,0.0
u_27020,0.08347086653733046,4918,0.0,0.787,0.0
u_27021,0.0,-1,0.0,,
u_27022,0.0,-1,0.0,,
u_27023,0.0,-1,0.0,,
u_27024,0.0,-1,0.0,,
u_27025,0.0,-1,0.0,,
u_27026,0.0,-1,0.0,,
u_27027,0.0,-1,0.0,,
u_27028,0.0,-1,0.0,,
u_27029,0.021841089375762488,566,0.0,0.207,0.0
u_27030,0.0,-1,0.0,,
u_27031,0.0,-1,0.0,,
u_27032,0.0,-1,0.0,,
u_27033,0.0,-1,0.0,,
u_27034,0.0287646982406026,4460,0.0,0.526,0.0
u_27035,0.0,-1,0.0,,
u_27036,0.04620078383701081,1471,0.0,0.787,0.0
u_27037,5.681512392586561e-05,437,0.0,0.001,0.0
u_27038,0.0,-1,0.0,,
u_27039,0.0,-1,0.0,,
u_27040,0.0,-1,0.0,,
u_27041,0.0,-1,0.0,,
u_27042,0.0,-1,0.0,,
u_27043,0.043034914056465874,5553,0.0,0.787,0.0
u_27044,0.0,-1,0.0,,
u_27045,0.043034914056465874,5124,0.0,0.787,0.0
u_27046,0.0,-1,0.0,,
u_27047,0.0,-1,0.0,,
u_27048,0.0,-1,0.0,,
u_27049,0.0,-1,0.0,,
u_27050,0.043034914056465874,5554,0.0,0.787,0.0
u_27051,0.043034914056465874,1305,0.0,0.787,0.0
u_27052,0.03989094513486483,3189,0.0,0.787,0.0
u_27053,0.043235929070156214,2989,0.0,0.787,0.0
u_27054,0.0013663890854078327,2875,0.0,0.025,0.0
u_27055,0.0,-1,0.0,,
u_27056,0.0,-1,0.0,,
u_27057,0.005377036472978194,3655,0.0,0.098,0.0
u_27058,0.0,-1,0.0,,
u_27059,0.043011766014596185,1153,0.0,0.787,0.0
u_27060,0.04338520439832376,1095,0.0,0.787,0.0
u_27061,0.0,-1,0.0,,
u_27062,0.0,-1,0.0,,
u_27063,0.0,-1,0.0,,
u_27064,0.043034914056465874,4683,0.0,0.787,0.0
u_27065,0.0,-1,0.0,,
u_27066,0.0,-1,0.0,,
u_27067,0.0,-1,0.0,,
u_27068,0.0,-1,0.0,,
u_27069,0.0,-1,0.0,,
u_27070,0.043034914056465874,5947,0.0,0.787,0.0
u_27071,0.0,-1,0.0,,
u_27072,0.0,-1,0.0,,
u_27073,0.0,-1,0.0,,
u_27074,0.0,-1,0.0,,
u_27075,0.0,-1,0.0,,
u_27076,0.0,-1,0.0,,
u_27077,0.0,-1,0.0,,
u_27078,0.0,-1,0.0,,
u_27079,0.0,-1,0.0,,
u_27080,0.0015116645281191923,2951,0.0,0.028,0.0
u_27081,0.043034914056465874,3020,0.0,0.787,0.0
u_27082,0.0,-1,0.0,,
u_27083,0.0,-1,0.0,,
u_27084,0.01701005862376558,4204,0.0,0.311,0.0
u_27085,0.0,-1,0.0,,
u_27086,0.0,-1,0.0,,
u_27087,0.0,-1,0.0,,
u_27088,0.044136284895579345,260,0.0,0.787,0.0
u_27089,0.0,-1,0.0,,
u_27090,0.043034914056465874,6160,0.0,0.787,0.0
u_27091,0.024529774480614976,83,0.0,0.448,0.0
u_27092,0.0,-1,0.0,,
u_27093,0.0,-1,0.0,,
u_27094,5.4374722345626414e-05,335,0.0,0.001,0.0
u_27095,0.0,-1,0.0,,
u_27096,0.0,-1,0.0,,
u_27097,0.05064337278706596,168,0.0,0.489,0.0
u_27098,0.0,-1,0.0,,
u_27099,0.0,-1,0.0,,
u_27100,0.0,-1,0.0,,
u_27101,0.0,-1,0.0,,
u_27102,0.0,-1,0.0,,
u_27103,0.043034914056465874,5555,0.0,0.787,0.0
u_27104,6.10099637725624e-05,512,0.0,0.001,0.0
u_27105,7.470874193466251e-05,410,0.0,0.001,0.0
u_27106,0.0,-1,0.0,,
u_27107,0.04142594355768969,5255,0.0,0.787,0.0
u_27108,0.009541782093440887,3236,0.0,0.091,0.0
u_27109,0.0,-1,0.0,,
u_27110,0.03988749174297279,789,0.0,0.787,0.0
u_27111,0.0,-1,0.0,,
u_27112,0.04291315730491473,1336,0.0,0.787,0.0
u_27113,0.04136948887673667,843,0.0,0.787,0.0
u_27114,0.0,-1,0.0,,
u_27115,0.043034914056465874,6046,0.0,0.787,0.0
u_27116,0.0,-1,0.0,,
u_27117,0.0,-1,0.0,,
u_27118,0.0,-1,0.0,,
u_27119,0.04164461821639608,2952,0.0,0.787,0.0
u_27120,0.0,-1,0.0,,
u_27121,0.043034914056465874,6033,0.0,0.787,0.0
u_27122,0.0,-1,0.0,,
u_27123,0.0,-1,0.0,,
u_27124,0.043034914056465874,1047,0.0,0.787,0.0
u_27125,0.043034914056465874,5556,0.0,0.787,0.0
u_27126,0.03988742943461178,367,0.0,0.787,0.0
u_27127,0.0,-1,0.0,,
u_27128,0.0,-1,0.0,,
u_27129,0.0,-1,0.0,,
u_27130,0.0,-1,0.0,,
u_27131,0.033945797846136896,4541,0.0,0.62,0.0
u_27132,0.029268975016624642,4469,0.0,0.535,0.0
u_27133,0.0,-1,0.0,,
u_27134,0.0061250772998863705,2004,0.0,0.12,0.0
u_27135,0.12261291973752683,683,0.0,0.787,0.0
u_27136,0.0,-1,0.0,,
u_27137,0.04054834638487816,441,0.0,0.787,0.0
u_27138,0.0,-1,0.0,,
u_27139,0.043034914056465874,5521,0.0,0.787,0.0
u_27140,0.0,-1,0.0,,
u_27141,0.0,-1,0.0,,
u_27142,0.04057144056279771,3452,0.0,0.787,0.0
u_27143,0.0,-1,0.0,,
u_27144,0.0,-1,0.0,,
u_27145,0.00015074192986637379,1332,0.0,0.003,0.0
u_27146,0.0,-1,0.0,,
u_27147,0.0,-1,0.0,,
u_27148,0.0,-1,0.0,,
u_27149,0.0008067804967212959,2540,0.0,0.015,0.0
u_27150,0.03488178650289743,4554,0.0,0.638,0.0
u_27151,0.0858426970582418,1777,0.0,0.787,0.0
u_27152,0.0,-1,0.0,,
u_27153,0.043034914056465874,5557,0.0,0.787,0.0
u_27154,0.0,-1,0.0,,
u_27155,0.0,-1,0.0,,
u_27156,0.043034914056465874,5991,0.0,0.787,0.0
u_27157,0.0,-1,0.0,,
u_27158,0.0,-1,0.0,,
u_27159,0.0,-1,0.0,,
u_27160,0.0,-1,0.0,,
u_27161,0.0,-1,0.0,,
u_27162,0.08215442132939335,203,0.0,0.787,0.0
u_27163,0.005522265092729265,904,0.0,0.108,0.0
u_27164,0.0,-1,0.0,,
u_27165,0.0,-1,0.0,,
u_27166,0.0,-1,0.0,,
u_27167,0.0,-1,0.0,,
u_27168,0.04085095948464725,222,0.0,0.787,0.0
u_27169,0.043034914056465874,5558,0.0,0.787,0.0
u_27170,8.724770708378787e-05,883,0.0,0.002,0.0
u_27171,0.0,-1,0.0,,
u_27172,0.043034914056465874,6226,0.0,0.787,0.0
u_27173,0.0,-1,0.0,,
u_27174,0.0,-1,0.0,,
u_27175,0.0,-1,0.0,,
u_27176,0.0,-1,0.0,,
u_27177,0.0,-1,0.0,,
u_27178,0.043034914056465874,5975,0.0,0.787,0.0
u_27179,0.0,-1,0.0,,
u_27180,0.0,-1,0.0,,
u_27181,0.0,-1,0.0,,
u_27182,0.0,-1,0.0,,
u_27183,0.0,-1,0.0,,
u_27184,0.03680438616121863,4570,0.0,0.653,0.0
u_27185,6.500411600795917e-05,572,0.0,0.001,0.0
u_27186,0.0829300356244957,427,0.0,0.787,0.0
u_27187,0.043034914056465874,1340,0.0,0.787,0.0
u_27188,0.03880768858318546,4240,0.0,0.722,0.0
u_27189,0.0,-1,0.0,,
u_27190,0.0,-1,0.0,,
u_27191,0.0,-1,0.0,,
u_27192,0.0802732396134439,222,0.0,0.787,0.0
u_27193,0.0,-1,0.0,,
u_27194,0.0,-1,0.0,,
u_27195,0.0,-1,0.0,,
u_27196,0.0,-1,0.0,,
u_27197,0.043034914056465874,542,0.0,0.787,0.0
u_27198,0.0,-1,0.0,,
u_27199,0.041526066144250334,1800,0.0,0.787,0.0
u_27200,0.0,-1,0.0,,
u_27201,0.0018940860248917364,3058,0.0,0.035,0.0
u_27202,0.007565852589369881,3832,0.0,0.138,0.0
u_27203,0.0,-1,0.0,,
u_27204,0.043034914056465874,4738,0.0,0.787,0.0
u_27205,0.0,-1,0.0,,
u_27206,0.0,-1,0.0,,
u_27207,0.0,-1,0.0,,
u_27208,0.03988822003676853,3716,0.0,0.787,0.0
u_27209,0.0,-1,0.0,,
u_27210,0.0,-1,0.0,,
u_27211,0.0,-1,0.0,,
u_27212,0.0,-1,0.0,,
u_27213,0.014305849635058064,4130,0.0,0.261,0.0
u_27214,0.0436591138516469,3616,0.0,0.787,0.0
u_27215,0.0,-1,0.0,,
u_27216,8.144330035740723e-05,787,0.0,0.001,0.0
u_27217,0.03995955967689862,5,0.0,0.765,0.0
u_27218,0.0,-1,0.0,,
u_27219,0.08213082836987698,1897,0.0,0.787,0.0
u_27220,0.0,-1,0.0,,
u_27221,0.0,-1,0.0,,
u_27222,0.043034914056465874,5129,0.0,0.787,0.0
u_27223,0.0,-1,0.0,,
u_27224,0.0,-1,0.0,,
u_27225,0.0,-1,0.0,,
u_27226,0.0,-1,0.0,,
u_27227,0.0,-1,0.0,,
u_27228,0.0,-1,0.0,,
u_27229,0.0,-1,0.0,,
u_27230,0.04053053469594082,1094,0.0,0.787,0.0
u_27231,0.0,-1,0.0,,
u_27232,0.0,-1,0.0,,
u_27233,0.0,-1,0.0,,
u_27234,0.043686400798688546,2219,0.0,0.787,0.0
u_27235,0.0,-1,0.0,,
u_27236,0.0,-1,0.0,,
u_27237,0.0,-1,0.0,,
u_27238,0.0,-1,0.0,,
u_27239,0.04190438308798564,619,0.0,0.787,0.0
u_27240,0.0,-1,0.0,,
u_27241,0.0,-1,0.0,,
u_27242,0.0026171573468231593,3219,0.0,0.046,0.0
u_27243,0.043034914056465874,2066,0.0,0.787,0.0
u_27244,0.0,-1,0.0,,
u_27245,0.003827700648203839,963,0.0,0.074,0.0
u_27246,0.0,-1,0.0,,
u_27247,0.042084691707907795,3088,0.0,0.787,0.0
u_27248,0.04024298486514828,168,0.0,0.787,0.0
u_27249,0.08236506075263521,1798,0.0,0.787,0.0
u_27250,0.0,-1,0.0,,
u_27251,0.0,-1,0.0,,
u_27252,0.04140269152742774,701,0.0,0.787,0.0
u_27253,0.0,-1,0.0,,
u_27254,0.0,-1,0.0,,
u_27255,0.0,-1,0.0,,
u_27256,0.043034914056465874,2955,0.0,0.787,0.0
u_27257,0.023437494327316257,3334,0.0,0.45,0.0
u_27258,0.08417531978986129,4352,0.0,0.787,0.0
u_27259,0.0018905022804495864,3057,0.0,0.035,0.0
u_27260,0.0,-1,0.0,,
u_27261,0.0,-1,0.0,,
u_27262,0.08647670904502457,2680,0.0,0.787,0.0
u_27263,0.0,-1,0.0,,
u_27264,0.0,-1,0.0,,
u_27265,0.0,-1,0.0,,
u_27266,0.0,-1,0.0,,
u_27267,0.043034914056465874,5140,0.0,0.787,0.0
u_27268,0.08181733010999531,736,0.0,0.787,0.0
u_27269,0.0,-1,0.0,,
u_27270,0.015112816653861105,3364,0.0,0.14,0.0
u_27271,0.0007016066812647984,2457,0.0,0.013,0.0
u_27272,0.043034914056465874,5559,0.0,0.787,0.0
u_27273,0.043034914056465874,5141,0.0,0.787,0.0
u_27274,0.0,-1,0.0,,
u_27275,0.0,-1,0.0,,
u_27276,0.0,-1,0.0,,
u_27277,0.0,-1,0.0,,
u_27278,0.0,-1,0.0,,
u_27279,0.0,-1,0.0,,
u_27280,0.0,-1,0.0,,
u_27281,0.00021125412988079998,1613,0.0,0.004,0.0
u_27282,0.0,-1,0.0,,
u_27283,0.01622922292717461,4176,0.0,0.285,0.0
u_27284,0.0,-1,0.0,,
u_27285,0.043034914056465874,3153,0.0,0.787,0.0
u_27286,0.04473017595843827,83,0.0,0.787,0.0
u_27287,0.0,-1,0.0,,
u_27288,0.0,-1,0.0,,
u_27289,0.044796891167428694,775,0.0,0.787,0.0
u_27290,0.0,-1,0.0,,
u_27291,0.08123014572994279,1577,0.0,0.787,0.0
u_27292,0.0,-1,0.0,,
u_27293,0.0,-1,0.0,,
u_27294,0.0,-1,0.0,,
u_27295,0.002251906402038632,3151,0.0,0.041,0.0
u_27296,0.0,-1,0.0,,
u_27297,0.0,-1,0.0,,
u_27298,0.0,-1,0.0,,
u_27299,0.05160022057697326,648,0.0,0.477,0.0
u_27300,0.0,-1,0.0,,
u_27301,0.0,-1,0.0,,
u_27302,7.339105452501385e-05,83,0.0,0.001,0.0
u_27303,0.0,-1,0.0,,
u_27304,0.043034914056465874,6227,0.0,0.787,0.0
u_27305,0.0,-1,0.0,,
u_27306,0.043034914056465874,5949,0.0,0.787,0.0
u_27307,0.0,-1,0.0,,
u_27308,0.0,-1,0.0,,
u_27309,0.043034914056465874,6228,0.0,0.787,0.0
u_27310,0.0,-1,0.0,,
u_27311,0.0,-1,0.0,,
u_27312,0.0,-1,0.0,,
u_27313,0.0,-1,0.0,,
u_27314,0.003624416161261175,3445,0.0,0.066,0.0
u_27315,0.0,-1,0.0,,
u_27316,0.0,-1,0.0,,
u_27317,0.0,-1,0.0,,
u_27318,0.0,-1,0.0,,
u_27319,0.0012640102647802484,2824,0.0,0.023,0.0
u_27320,0.043034914056465874,6229,0.0,0.787,0.0
u_27321,0.0,-1,0.0,,
u_27322,0.08236630710979355,4910,0.0,0.787,0.0
u_27323,0.0,-1,0.0,,
u_27324,0.010791211081055152,4011,0.0,0.191,0.0
u_27325,0.0,-1,0.0,,
u_27326,0.0,-1,0.0,,
u_27327,0.0,-1,0.0,,
u_27328,0.0,-1,0.0,,
u_27329,0.0,-1,0.0,,
u_27330,0.0,-1,0.0,,
u_27331,0.0,-1,0.0,,
u_27332,0.0,-1,0.0,,
u_27333,0.0,-1,0.0,,
u_27334,0.03988841166827279,3891,0.0,0.787,0.0
u_27335,0.027655580149070248,1407,0.0,0.253,0.0
u_27336,0.0023017640161456616,2761,0.0,0.021,0.0
u_27337,0.08295944764021246,4404,0.0,0.787,0.0
u_27338,0.0004520602562593451,2165,0.0,0.008,0.0
u_27339,0.0,-1,0.0,,
u_27340,0.0,-1,0.0,,
u_27341,0.0,-1,0.0,,
u_27342,0.0,-1,0.0,,
u_27343,0.0,-1,0.0,,
u_27344,0.0,-1,0.0,,
u_27345,0.0,-1,0.0,,
u_27346,0.043179092311374935,4637,0.0,0.789,0.0
u_27347,0.0,-1,0.0,,
u_27348,0.0,-1,0.0,,
u_27349,0.0,-1,0.0,,
u_27350,0.043034914056465874,5943,0.0,0.787,0.0
u_27351,0.0,-1,0.0,,
u_27352,0.01753672135876802,2427,0.0,0.331,0.0
u_27353,0.0,-1,0.0,,
u_27354,0.0,-1,0.0,,
u_27355,0.07995194296105998,1329,0.0,0.787,0.0
u_27356,0.0,-1,0.0,,
u_27357,0.0,-1,0.0,,
u_27358,0.0,-1,0.0,,
u_27359,0.0,-1,0.0,,
u_27360,0.0,-1,0.0,,
u_27361,0.03988837842861904,988,0.0,0.787,0.0
u_27362,0.0,-1,0.0,,
u_27363,0.0,-1,0.0,,
u_27364,0.0028010464595749403,3262,0.0,0.05,0.0
u_27365,0.0029406270928497478,3312,0.0,0.054,0.0
u_27366,0.0,-1,0.0,,
u_27367,0.0,-1,0.0,,
u_27368,0.0,-1,0.0,,
u_27369,0.0,-1,0.0,,
u_27370,0.0,-1,0.0,,
u_27371,0.043034914056465874,3146,0.0,0.787,0.0
u_27372,0.0,-1,0.0,,
u_27373,0.0,-1,0.0,,
u_27374,0.0,-1,0.0,,
u_27375,0.040277927624408884,2210,0.0,0.787,0.0
u_27376,0.0,-1,0.0,,
u_27377,0.0,-1,0.0,,
u_27378,0.0,-1,0.0,,
u_27379,0.01466798429109335,4140,0.0,0.268,0.0
u_27380,0.0,-1,0.0,,
u_27381,0.0,-1,0.0,,
u_27382,0.0,-1,0.0,,
u_27383,0.0012541644581247362,2818,0.0,0.023,0.0
u_27384,0.0,-1,0.0,,
u_27385,0.0,-1,0.0,,
u_27386,0.03988945550713878,1135,0.0,0.787,0.0
u_27387,0.0,-1,0.0,,
u_27388,0.0,-1,0.0,,
u_27389,0.0,-1,0.0,,
u_27390,0.0,-1,0.0,,
u_27391,0.0,-1,0.0,,
u_27392,0.0,-1,0.0,,
u_27393,0.043034914056465874,5871,0.0,0.787,0.0
u_27394,0.0,-1,0.0,,
u_27395,0.040575410953531184,4297,0.0,0.787,0.0
u_27396,0.0,-1,0.0,,
u_27397,0.0,-1,0.0,,
u_27398,0.0,-1,0.0,,
u_27399,0.0,-1,0.0,,
u_27400,0.04160226602196037,2405,0.0,0.787,0.0
u_27401,0.039887894601137674,892,0.0,0.787,0.0
u_27402,0.034802016790412386,1345,0.0,0.216,0.0
u_27403,0.043048761939229054,74,0.0,0.787,0.0
u_27404,0.08417531978986129,1470,0.0,0.787,0.0
u_27405,0.001902154621078802,53,0.0,0.036,0.0
u_27406,0.0,-1,0.0,,
u_27407,0.12169770016312123,4962,0.0,0.787,0.0
u_27408,0.0,-1,0.0,,
u_27409,0.0,-1,0.0,,
u_27410,0.0,-1,0.0,,
u_27411,0.043034914056465874,2086,0.0,0.787,0.0
u_27412,0.00013235516344081456,1238,0.0,0.002,0.0
u_27413,0.0,-1,0.0,,
u_27414,0.0,-1,0.0,,
u_27415,0.0,-1,0.0,,
u_27416,0.0,-1,0.0,,
u_27417,0.0,-1,0.0,,
u_27418,0.0,-1,0.0,,
u_27419,0.0,-1,0.0,,
u_27420,0.04238989411068043,4249,0.0,0.787,0.0
u_27421,4.41005738782566e-05,114,0.0,0.001,0.0
u_27422,0.043034914056465874,3752,0.0,0.787,0.0
u_27423,0.0015188008422501963,2956,0.0,0.028,0.0
u_27424,0.0,-1,0.0,,
u_27425,0.0,-1,0.0,,
u_27426,0.0,-1,0.0,,
u_27427,0.0,-1,0.0,,
u_27428,0.0,-1,0.0,,
u_27429,0.0,-1,0.0,,
u_27430,0.04017949341696549,341,0.0,0.787,0.0
u_27431,0.043477143021167806,3295,0.0,0.787,0.0
u_27432,0.0,-1,0.0,,
u_27433,0.0,-1,0.0,,
u_27434,0.03988847893820061,946,0.0,0.787,0.0
u_27435,0.0,-1,0.0,,
u_27436,0.03988726286221728,61,0.0,0.787,0.0
u_27437,0.0,-1,0.0,,
u_27438,0.0,-1,0.0,,
u_27439,0.0,-1,0.0,,
u_27440,0.0,-1,0.0,,
u_27441,0.0,-1,0.0,,
u_27442,0.041187004377894264,1256,0.0,0.787,0.0
u_27443,0.04009617265803822,2509,0.0,0.787,0.0
u_27444,0.0,-1,0.0,,
u_27445,0.043034914056465874,5560,0.0,0.787,0.0
u_27446,0.0,-1,0.0,,
u_27447,0.0,-1,0.0,,
u_27448,0.0,-1,0.0,,
u_27449,0.008683885685036264,3908,0.0,0.159,0.0
u_27450,0.0,-1,0.0,,
u_27451,0.043034914056465874,5561,0.0,0.787,0.0
u_27452,0.044371830243246715,1604,0.0,0.787,0.0
u_27453,0.13064105229993428,3788,0.0,0.835,0.0
u_27454,0.021682999473878608,3309,0.0,0.199,0.0
u_27455,0.0,-1,0.0,,
u_27456,0.0,-1,0.0,,
u_27457,0.0,-1,0.0,,
u_27458,0.0002478336231082893,1776,0.0,0.005,0.0
u_27459,0.0,-1,0.0,,
u_27460,0.0,-1,0.0,,
u_27461,0.0,-1,0.0,,
u_27462,0.0,-1,0.0,,
u_27463,0.0,-1,0.0,,
u_27464,0.042130407716432006,5562,0.0,0.787,0.0
u_27465,0.0,-1,0.0,,
u_27466,0.0,-1,0.0,,
u_27467,0.0,-1,0.0,,
u_27468,0.0,-1,0.0,,
u_27469,0.06812320500663113,625,0.0,0.447,0.0
u_27470,0.0,-1,0.0,,
u_27471,0.0,-1,0.0,,
u_27472,0.0018537647017291654,811,0.0,0.017,0.0
u_27473,0.0,-1,0.0,,
u_27474,0.0,-1,0.0,,
u_27475,0.0,-1,0.0,,
u_27476,0.0,-1,0.0,,
u_27477,0.0,-1,0.0,,
u_27478,0.0,-1,0.0,,
u_27479,0.0008626886186505608,162,0.0,0.015,0.0
u_27480,0.0,-1,0.0,,
u_27481,0.0,-1,0.0,,
u_27482,0.043034914056465874,6230,0.0,0.787,0.0
u_27483,0.0,-1,0.0,,
u_27484,0.0,-1,0.0,,
u_27485,0.0,-1,0.0,,
u_27486,0.0,-1,0.0,,
u_27487,0.0,-1,0.0,,
u_27488,0.0,-1,0.0,,
u_27489,0.0007636397795050201,217,0.0,0.015,0.0
u_27490,0.0,-1,0.0,,
u_27491,0.043034914056465874,261,0.0,0.787,0.0
u_27492,0.0,-1,0.0,,
u_27493,0.043034914056465874,6138,0.0,0.787,0.0
u_27494,0.0,-1,0.0,,
u_27495,0.0,-1,0.0,,
u_27496,0.0,-1,0.0,,
u_27497,0.0,-1,0.0,,
u_27498,0.039888022193056594,1687,0.0,0.787,0.0
u_27499,0.0,-1,0.0,,
u_27500,0.043034914056465874,6231,0.0,0.787,0.0
u_27501,0.0,-1,0.0,,
u_27502,0.0030434581861843914,214,0.0,0.059,0.0
u_27503,0.019857929668720065,22,0.0,0.195,0.0
u_27504,0.0,-1,0.0,,
u_27505,0.0,-1,0.0,,
u_27506,0.0,-1,0.0,,
u_27507,0.0,-1,0.0,,
u_27508,0.0,-1,0.0,,
u_27509,0.0,-1,0.0,,
u_27510,0.04124917337682743,586,0.0,0.789,0.0
u_27511,0.0,-1,0.0,,
u_27512,0.0,-1,0.0,,
u_27513,0.0037975433755034174,1936,0.0,0.035,0.0
u_27514,0.08417531978986129,1435,0.0,0.787,0.0
u_27515,0.0,-1,0.0,,
u_27516,0.02909039759019554,4454,0.0,0.518,0.0
u_27517,5.0810444524210386e-05,284,0.0,0.001,0.0
u_27518,0.04148685284832853,374,0.0,0.787,0.0
u_27519,0.0,-1,0.0,,
u_27520,0.0021487524166399555,3124,0.0,0.039,0.0
u_27521,0.0,-1,0.0,,
u_27522,0.043034914056465874,6232,0.0,0.787,0.0
u_27523,7.377635385975757e-05,715,0.0,0.001,0.0
u_27524,0.0,-1,0.0,,
u_27525,0.0,-1,0.0,,
u_27526,0.0,-1,0.0,,
u_27527,0.0,-1,0.0,,
u_27528,0.0,-1,0.0,,
u_27529,0.0003806387299820537,236,0.0,0.007,0.0
u_27530,0.0,-1,0.0,,
u_27531,0.043034914056465874,3604,0.0,0.787,0.0
u_27532,0.0013725379768998454,2879,0.0,0.025,0.0
u_27533,0.043034914056465874,3640,0.0,0.787,0.0
u_27534,0.0,-1,0.0,,
u_27535,0.0,-1,0.0,,
u_27536,0.0,-1,0.0,,
u_27537,0.0,-1,0.0,,
u_27538,0.0,-1,0.0,,
u_27539,0.0,-1,0.0,,
u_27540,0.043034914056465874,5264,0.0,0.787,0.0
u_27541,0.0,-1,0.0,,
u_27542,0.08236460968186793,3034,0.0,0.787,0.0
u_27543,0.010847557372216236,3666,0.0,0.101,0.0
u_27544,0.0,-1,0.0,,
u_27545,0.0,-1,0.0,,
u_27546,0.0,-1,0.0,,
u_27547,0.0,-1,0.0,,
u_27548,0.009586353300054466,363,0.0,0.061,0.0
u_27549,0.0,-1,0.0,,
u_27550,0.0,-1,0.0,,
u_27551,0.0,-1,0.0,,
u_27552,0.04383624698342837,189,0.0,0.787,0.0
u_27553,0.000274887979025013,1796,0.0,0.005,0.0
u_27554,0.0,-1,0.0,,
u_27555,0.04078562080932631,22,0.0,0.787,0.0
u_27556,0.0,-1,0.0,,
u_27557,0.0,-1,0.0,,
u_27558,0.0,-1,0.0,,
u_27559,0.081059010407676,2247,0.0,0.787,0.0
u_27560,0.0,-1,0.0,,
u_27561,0.08236630710979355,5563,0.0,0.787,0.0
u_27562,0.0,-1,0.0,,
u_27563,0.004100366043711837,770,0.0,0.039,0.0
u_27564,0.0,-1,0.0,,
u_27565,0.043034914056465874,6219,0.0,0.787,0.0
u_27566,0.0214770302365032,2707,0.0,0.205,0.0
u_27567,0.00044952883614610617,2163,0.0,0.008,0.0
u_27568,0.07922138296346971,959,0.0,0.787,0.0
u_27569,0.0,-1,0.0,,
u_27570,0.04025306519515519,297,0.0,0.787,0.0
u_27571,0.0,-1,0.0,,
u_27572,0.043034914056465874,5513,0.0,0.787,0.0
u_27573,0.0,-1,0.0,,
u_27574,0.0,-1,0.0,,
u_27575,0.043034914056465874,5564,0.0,0.787,0.0
u_27576,0.0,-1,0.0,,
u_27577,0.0,-1,0.0,,
u_27578,0.0,-1,0.0,,
u_27579,0.0,-1,0.0,,
u_27580,0.0,-1,0.0,,
u_27581,0.03926456006988435,4193,0.0,0.367,0.0
u_27582,0.0,-1,0.0,,
u_27583,0.0,-1,0.0,,
u_27584,0.0,-1,0.0,,
u_27585,0.043034914056465874,6169,0.0,0.787,0.0
u_27586,0.0,-1,0.0,,
u_27587,0.0,-1,0.0,,
u_27588,0.0,-1,0.0,,
u_27589,0.001443856717575427,61,0.0,0.027,0.0
u_27590,0.0,-1,0.0,,
u_27591,0.0,-1,0.0,,
u_27592,0.0,-1,0.0,,
u_27593,0.0,-1,0.0,,
u_27594,0.0,-1,0.0,,
u_27595,0.0,-1,0.0,,
u_27596,0.0,-1,0.0,,
u_27597,0.05361219394439935,4735,0.0,0.98,0.0
u_27598,0.0,-1,0.0,,
u_27599,0.0,-1,0.0,,
u_27600,0.0007101527129546021,468,0.0,0.013,0.0
u_27601,0.08616732131876602,2507,0.0,0.787,0.0
u_27602,0.0,-1,0.0,,
u_27603,0.0,-1,0.0,,
u_27604,0.03988988448227229,4549,0.0,0.787,0.0
u_27605,0.0,-1,0.0,,
u_27606,0.0,-1,0.0,,
u_27607,0.0,-1,0.0,,
u_27608,0.0,-1,0.0,,
u_27609,0.0,-1,0.0,,
u_27610,0.043034914056465874,6233,0.0,0.787,0.0
u_27611,0.0,-1,0.0,,
u_27612,0.03988717739880941,4410,0.0,0.787,0.0
u_27613,0.0,-1,0.0,,
u_27614,0.0,-1,0.0,,
u_27615,0.0,-1,0.0,,
u_27616,0.0,-1,0.0,,
u_27617,0.0,-1,0.0,,
u_27618,0.039888215061075025,778,0.0,0.787,0.0
u_27619,0.0,-1,0.0,,
u_27620,0.03990570131276988,3140,0.0,0.787,0.0
u_27621,0.039889045136552635,302,0.0,0.787,0.0
u_27622,0.043034914056465874,6220,0.0,0.787,0.0
u_27623,0.0,-1,0.0,,
u_27624,0.0,-1,0.0,,
u_27625,0.043034914056465874,1236,0.0,0.787,0.0
u_27626,0.0,-1,0.0,,
u_27627,0.043034914056465874,2814,0.0,0.787,0.0
u_27628,0.043034914056465874,2316,0.0,0.787,0.0
u_27629,0.0030978147473436335,40,0.0,0.058,0.0
u_27630,0.08417531978986129,5422,0.0,0.787,0.0
u_27631,0.0,-1,0.0,,
u_27632,0.0,-1,0.0,,
u_27633,0.0,-1,0.0,,
u_27634,0.043034914056465874,2533,0.0,0.787,0.0
u_27635,0.0,-1,0.0,,
u_27636,0.0,-1,0.0,,
u_27637,0.043034914056465874,5565,0.0,0.787,0.0
u_27638,0.0,-1,0.0,,
u_27639,0.07988955587258485,465,0.0,0.787,0.0
u_27640,0.0,-1,0.0,,
u_27641,0.0,-1,0.0,,
u_27642,0.0,-1,0.0,,
u_27643,0.0,-1,0.0,,
u_27644,0.0,-1,0.0,,
u_27645,5.809405211671573e-05,456,0.0,0.001,0.0
u_27646,0.0,-1,0.0,,
u_27647,0.0,-1,0.0,,
u_27648,0.0426350997197998,811,0.0,0.787,0.0
u_27649,0.0,-1,0.0,,
u_27650,0.0,-1,0.0,,
u_27651,0.0,-1,0.0,,
u_27652,0.0009312598023987681,2636,0.0,0.017,0.0
u_27653,0.0,-1,0.0,,
u_27654,0.0,-1,0.0,,
u_27655,0.0,-1,0.0,,
u_27656,0.0,-1,0.0,,
u_27657,0.039887437914086284,1224,0.0,0.787,0.0
u_27658,0.04280352966463523,2734,0.0,0.829,0.0
u_27659,0.0,-1,0.0,,
u_27660,0.0,-1,0.0,,
u_27661,0.03989027604656151,3166,0.0,0.787,0.0
u_27662,0.0,-1,0.0,,
u_27663,0.0,-1,0.0,,
u_27664,0.0398888024308085,332,0.0,0.787,0.0
u_27665,0.0,-1,0.0,,
u_27666,0.0,-1,0.0,,
u_27667,0.0,-1,0.0,,
u_27668,0.0,-1,0.0,,
u_27669,0.0,-1,0.0,,
u_27670,0.0,-1,0.0,,
u_27671,0.0,-1,0.0,,
u_27672,0.016802279644147343,320,0.0,0.324,0.0
u_27673,0.0,-1,0.0,,
u_27674,0.0,-1,0.0,,
u_27675,0.0,-1,0.0,,
u_27676,0.0009620533390647278,796,0.0,0.018,0.0
u_27677,0.0886875855464607,161,0.0,0.787,0.0
u_27678,0.0,-1,0.0,,
u_27679,0.04176825147694557,316,0.0,0.787,0.0
u_27680,0.0,-1,0.0,,
u_27681,0.0,-1,0.0,,
u_27682,0.0,-1,0.0,,
u_27683,0.0,-1,0.0,,
u_27684,0.0,-1,0.0,,
u_27685,0.039888352535998844,5,0.0,0.787,0.0
u_27686,0.0416450191918767,3823,0.0,0.787,0.0
u_27687,0.0,-1,0.0,,
u_27688,0.0,-1,0.0,,
u_27689,0.0,-1,0.0,,
u_27690,0.0,-1,0.0,,
u_27691,0.0,-1,0.0,,
u_27692,0.0017649352048005823,445,0.0,0.016,0.0
u_27693,0.0,-1,0.0,,
u_27694,0.0,-1,0.0,,
u_27695,0.0,-1,0.0,,
u_27696,0.0,-1,0.0,,
u_27697,0.0,-1,0.0,,
u_27698,0.0,-1,0.0,,
u_27699,0.03989608910768379,3963,0.0,0.787,0.0
u_27700,0.0,-1,0.0,,
u_27701,0.0,-1,0.0,,
u_27702,0.0,-1,0.0,,
u_27703,0.043034914056465874,344,0.0,0.787,0.0
u_27704,0.0,-1,0.0,,
u_27705,0.0,-1,0.0,,
u_27706,0.023496198350629067,4355,0.0,0.429,0.0
u_27707,0.043034914056465874,5566,0.0,0.787,0.0
u_27708,0.00024652111459267436,1570,0.0,0.005,0.0
u_27709,0.0,-1,0.0,,
u_27710,0.0,-1,0.0,,
u_27711,0.0,-1,0.0,,
u_27712,0.0,-1,0.0,,
u_27713,0.0005719032292566119,22,0.0,0.006,0.0
u_27714,0.0,-1,0.0,,
u_27715,0.013437799603605053,341,0.0,0.126,0.0
u_27716,0.0,-1,0.0,,
u_27717,0.08347100157698921,2337,0.0,0.787,0.0
u_27718,0.0,-1,0.0,,
u_27719,0.0,-1,0.0,,
u_27720,0.03989512880478772,1333,0.0,0.787,0.0
u_27721,0.0,-1,0.0,,
u_27722,0.0,-1,0.0,,
u_27723,0.0,-1,0.0,,
u_27724,0.0,-1,0.0,,
u_27725,0.0,-1,0.0,,
u_27726,0.0,-1,0.0,,
u_27727,0.03988860620685491,904,0.0,0.787,0.0
u_27728,0.0,-1,0.0,,
u_27729,0.0,-1,0.0,,
u_27730,0.0036449912116049885,3447,0.0,0.067,0.0
u_27731,0.0,-1,0.0,,
u_27732,0.0,-1,0.0,,
u_27733,0.07963888240290312,2504,0.0,0.787,0.0
u_27734,0.0,-1,0.0,,
u_27735,0.0,-1,0.0,,
u_27736,0.0,-1,0.0,,
u_27737,0.0,-1,0.0,,
u_27738,0.0,-1,0.0,,
u_27739,0.030379135404078186,22,0.0,0.58,0.0
u_27740,0.0,-1,0.0,,
u_27741,0.043034914056465874,6102,0.0,0.787,0.0
u_27742,0.0,-1,0.0,,
u_27743,0.0,-1,0.0,,
u_27744,0.043034914056465874,5567,0.0,0.787,0.0
u_27745,0.015200893666607027,4161,0.0,0.278,0.0
u_27746,0.0,-1,0.0,,
u_27747,0.042290226709484124,1486,0.0,0.787,0.0
u_27748,0.0,-1,0.0,,
u_27749,0.0,-1,0.0,,
u_27750,0.043034914056465874,3695,0.0,0.787,0.0
u_27751,0.0,-1,0.0,,
u_27752,0.043034914056465874,2365,0.0,0.787,0.0
u_27753,0.0,-1,0.0,,
u_27754,0.0,-1,0.0,,
u_27755,0.0,-1,0.0,,
u_27756,0.0,-1,0.0,,
u_27757,0.0,-1,0.0,,
u_27758,0.0,-1,0.0,,
u_27759,0.00034325835930409514,1481,0.0,0.003,0.0
u_27760,0.0,-1,0.0,,
u_27761,0.041893761620537075,1567,0.0,0.787,0.0
u_27762,0.08417531978986129,2190,0.0,0.787,0.0
u_27763,0.0,-1,0.0,,
u_27764,0.0,-1,0.0,,
u_27765,0.0,-1,0.0,,
u_27766,0.0,-1,0.0,,
u_27767,0.0,-1,0.0,,
u_27768,0.0,-1,0.0,,
u_27769,0.0,-1,0.0,,
u_27770,0.0010541610972662774,2707,0.0,0.019,0.0
u_27771,0.039896153968845466,2860,0.0,0.787,0.0
u_27772,0.0001371899884973179,691,0.0,0.001,0.0
u_27773,0.0,-1,0.0,,
u_27774,0.0,-1,0.0,,
u_27775,0.0,-1,0.0,,
u_27776,0.009139268166269308,3581,0.0,0.085,0.0
u_27777,0.0,-1,0.0,,
u_27778,0.0,-1,0.0,,
u_27779,0.0,-1,0.0,,
u_27780,0.08543253322732086,1497,0.0,0.787,0.0
u_27781,0.039889602636163264,2128,0.0,0.787,0.0
u_27782,0.043034914056465874,6234,0.0,0.787,0.0
u_27783,0.0,-1,0.0,,
u_27784,0.043034914056465874,6182,0.0,0.787,0.0
u_27785,0.0,-1,0.0,,
u_27786,0.043034914056465874,1098,0.0,0.787,0.0
u_27787,0.0,-1,0.0,,
u_27788,0.0,-1,0.0,,
u_27789,0.0029653996638298067,484,0.0,0.019,0.0
u_27790,0.0,-1,0.0,,
u_27791,0.08236630710979355,4772,0.0,0.787,0.0
u_27792,0.0,-1,0.0,,
u_27793,0.0,-1,0.0,,
u_27794,0.043034914056465874,4928,0.0,0.787,0.0
u_27795,0.0,-1,0.0,,
u_27796,0.0,-1,0.0,,
u_27797,0.00041291143835687355,1011,0.0,0.008,0.0
u_27798,0.0,-1,0.0,,
u_27799,0.004188748611948314,3121,0.0,0.039,0.0
u_27800,0.043034914056465874,4502,0.0,0.787,0.0
u_27801,0.00158390892448279,1320,0.0,0.01,0.0
u_27802,0.08004305476051837,933,0.0,0.787,0.0
u_27803,0.0,-1,0.0,,
u_27804,0.043034914056465874,440,0.0,0.787,0.0
u_27805,0.043034914056465874,4300,0.0,0.787,0.0
u_27806,0.04028386576389677,30,0.0,0.787,0.0
u_27807,9.214096437289442e-05,943,0.0,0.002,0.0
u_27808,0.043034914056465874,5010,0.0,0.787,0.0
u_27809,0.03988899729807398,507,0.0,0.787,0.0
u_27810,0.0013279073246900011,2174,0.0,0.008,0.0
u_27811,0.08417531978986129,5568,0.0,0.787,0.0
u_27812,0.0,-1,0.0,,
u_27813,0.0,-1,0.0,,
u_27814,0.0,-1,0.0,,
u_27815,0.0,-1,0.0,,
u_27816,0.043034914056465874,6235,0.0,0.787,0.0
u_27817,0.0,-1,0.0,,
u_27818,0.0398910680144828,3224,0.0,0.787,0.0
u_27819,0.0,-1,0.0,,
u_27820,0.0,-1,0.0,,
u_27821,0.04437231433877228,920,0.0,0.787,0.0
u_27822,0.08084975460932453,2238,0.0,0.787,0.0
u_27823,0.0,-1,0.0,,
u_27824,0.0,-1,0.0,,
u_27825,0.0,-1,0.0,,
u_27826,0.0,-1,0.0,,
u_27827,0.0,-1,0.0,,
u_27828,0.0,-1,0.0,,
u_27829,0.0,-1,0.0,,
u_27830,0.0,-1,0.0,,
u_27831,0.0,-1,0.0,,
u_27832,0.0,-1,0.0,,
u_27833,0.006246754705634104,162,0.0,0.122,0.0
u_27834,0.0,-1,0.0,,
u_27835,0.0,-1,0.0,,
u_27836,0.0,-1,0.0,,
u_27837,0.039889920884001846,2576,0.0,0.787,0.0
u_27838,0.0018738473859675555,1767,0.0,0.035,0.0
u_27839,0.0,-1,0.0,,
u_27840,0.0,-1,0.0,,
u_27841,0.04303117260526108,1560,0.0,0.787,0.0
u_27842,0.041968625102508136,1462,0.0,0.787,0.0
u_27843,0.0,-1,0.0,,
u_27844,0.01885088517747267,4241,0.0,0.334,0.0
u_27845,0.0023875536160370943,3177,0.0,0.044,0.0
u_27846,0.03988752051992648,3562,0.0,0.787,0.0
u_27847,0.0,-1,0.0,,
u_27848,0.0,-1,0.0,,
u_27849,0.0,-1,0.0,,
u_27850,0.03988793641363999,2060,0.0,0.787,0.0
u_27851,0.043034914056465874,5109,0.0,0.787,0.0
u_27852,0.0,-1,0.0,,
u_27853,0.0,-1,0.0,,
u_27854,0.043034914056465874,1733,0.0,0.787,0.0
u_27855,0.0,-1,0.0,,
u_27856,0.0,-1,0.0,,
u_27857,0.004382823604770212,3093,0.0,0.083,0.0
u_27858,0.0,-1,0.0,,
u_27859,0.0,-1,0.0,,
u_27860,0.0,-1,0.0,,
u_27861,0.039888019498011615,162,0.0,0.787,0.0
u_27862,0.0,-1,0.0,,
u_27863,0.0,-1,0.0,,
u_27864,0.04244455327419302,2064,0.0,0.787,0.0
u_27865,0.00021782262875158845,253,0.0,0.002,0.0
u_27866,0.00012278935614206603,1178,0.0,0.002,0.0
u_27867,0.0016736116574957779,1821,0.0,0.032,0.0
u_27868,0.0,-1,0.0,,
u_27869,0.0,-1,0.0,,
u_27870,0.0,-1,0.0,,
u_27871,0.0,-1,0.0,,
u_27872,0.039888197506590686,4529,0.0,0.787,0.0
u_27873,0.043034914056465874,5412,0.0,0.787,0.0
u_27874,0.0,-1,0.0,,
u_27875,0.0,-1,0.0,,
u_27876,0.03986860374665953,4604,0.0,0.729,0.0
u_27877,0.039888208759765564,3337,0.0,0.787,0.0
u_27878,0.0,-1,0.0,,
u_27879,0.04160639424331775,227,0.0,0.787,0.0
u_27880,0.0,-1,0.0,,
u_27881,0.0,-1,0.0,,
u_27882,0.04113908455301099,3848,0.0,0.787,0.0
u_27883,0.043034914056465874,5569,0.0,0.787,0.0
u_27884,0.0,-1,0.0,,
u_27885,0.0,-1,0.0,,
u_27886,0.0,-1,0.0,,
u_27887,0.041401679385511106,1966,0.0,0.787,0.0
u_27888,0.0,-1,0.0,,
u_27889,0.043034914056465874,5570,0.0,0.787,0.0
u_27890,0.08236630710979355,5563,0.0,0.787,0.0
u_27891,0.0,-1,0.0,,
u_27892,0.0,-1,0.0,,
u_27893,0.04167352936447152,1198,0.0,0.787,0.0
u_27894,0.0,-1,0.0,,
u_27895,0.0,-1,0.0,,
u_27896,0.0,-1,0.0,,
u_27897,0.043034914056465874,4935,0.0,0.787,0.0
u_27898,0.0,-1,0.0,,
u_27899,0.0026212877959517922,326,0.0,0.051,0.0
u_27900,0.0,-1,0.0,,
u_27901,0.08027004931047774,1738,0.0,0.787,0.0
u_27902,0.0,-1,0.0,,
u_27903,0.043034914056465874,3711,0.0,0.787,0.0
u_27904,0.0,-1,0.0,,
u_27905,0.0,-1,0.0,,
u_27906,0.0,-1,0.0,,
u_27907,0.0,-1,0.0,,
u_27908,0.0066630982850796735,278,0.0,0.13,0.0
u_27909,0.0,-1,0.0,,
u_27910,0.0,-1,0.0,,
u_27911,0.0,-1,0.0,,
u_27912,0.0,-1,0.0,,
u_27913,0.043034914056465874,5487,0.0,0.787,0.0
u_27914,0.0,-1,0.0,,
u_27915,0.0,-1,0.0,,
u_27916,0.0002100525765047442,280,0.0,0.002,0.0
u_27917,0.0,-1,0.0,,
u_27918,0.0,-1,0.0,,
u_27919,0.039891418220417876,4357,0.0,0.787,0.0
u_27920,0.0,-1,0.0,,
u_27921,0.0,-1,0.0,,
u_27922,0.0,-1,0.0,,
u_27923,0.043015937033095024,2980,0.0,0.787,0.0
u_27924,0.0,-1,0.0,,
u_27925,0.0,-1,0.0,,
u_27926,0.002986665948056822,174,0.0,0.057,0.0
u_27927,0.0,-1,0.0,,
u_27928,0.03756779212141431,4585,0.0,0.687,0.0
u_27929,0.0,-1,0.0,,
u_27930,0.00012116291046637597,1173,0.0,0.002,0.0
u_27931,0.0,-1,0.0,,
u_27932,0.0,-1,0.0,,
u_27933,0.0,-1,0.0,,
u_27934,0.0,-1,0.0,,
u_27935,0.0,-1,0.0,,
u_27936,0.043034914056465874,6183,0.0,0.787,0.0
u_27937,0.0,-1,0.0,,
u_27938,0.0,-1,0.0,,
u_27939,0.0,-1,0.0,,
u_27940,6.089702498709598e-05,511,0.0,0.001,0.0
u_27941,0.0,-1,0.0,,
u_27942,0.0,-1,0.0,,
u_27943,0.0,-1,0.0,,
u_27944,0.0,-1,0.0,,
u_27945,0.0,-1,0.0,,
u_27946,0.0,-1,0.0,,
u_27947,0.0,-1,0.0,,
u_27948,0.08357783467516458,4408,0.0,0.787,0.0
u_27949,0.0,-1,0.0,,
u_27950,0.0,-1,0.0,,
u_27951,0.0,-1,0.0,,
u_27952,0.0,-1,0.0,,
u_27953,0.0,-1,0.0,,
u_27954,0.0,-1,0.0,,
u_27955,0.0,-1,0.0,,
u_27956,0.0,-1,0.0,,
u_27957,0.0,-1,0.0,,
u_27958,0.043034914056465874,381,0.0,0.787,0.0
u_27959,0.0,-1,0.0,,
u_27960,0.0,-1,0.0,,
u_27961,0.0,-1,0.0,,
u_27962,0.0,-1,0.0,,
u_27963,0.0,-1,0.0,,
u_27964,0.043034914056465874,5820,0.0,0.787,0.0
u_27965,0.07799544788223857,2742,0.0,0.729,0.0
u_27966,0.0,-1,0.0,,
u_27967,0.0,-1,0.0,,
u_27968,0.0,-1,0.0,,
u_27969,0.025018850003454243,4387,0.0,0.457,0.0
u_27970,0.0,-1,0.0,,
u_27971,0.0,-1,0.0,,
u_27972,0.0,-1,0.0,,
u_27973,0.0,-1,0.0,,
u_27974,0.043034914056465874,4814,0.0,0.787,0.0
u_27975,0.0,-1,0.0,,
u_27976,0.0,-1,0.0,,
u_27977,0.0001775227121510947,1478,0.0,0.003,0.0
u_27978,0.0,-1,0.0,,
u_27979,0.043034914056465874,5441,0.0,0.787,0.0
u_27980,0.0,-1,0.0,,
u_27981,0.08033759859939149,112,0.0,0.787,0.0
u_27982,0.0,-1,0.0,,
u_27983,0.0,-1,0.0,,
u_27984,0.04139483602545998,1524,0.0,0.787,0.0
u_27985,0.0027911002176508487,209,0.0,0.053,0.0
u_27986,0.043034914056465874,2617,0.0,0.787,0.0
u_27987,0.0,-1,0.0,,
u_27988,0.0,-1,0.0,,
u_27989,0.0,-1,0.0,,
u_27990,6.713086338875627e-05,350,0.0,0.001,0.0
u_27991,0.0,-1,0.0,,
u_27992,0.0007218410424706986,2472,0.0,0.013,0.0
u_27993,0.0014201050453106117,2904,0.0,0.026,0.0
u_27994,0.0,-1,0.0,,
u_27995,0.0,-1,0.0,,
u_27996,0.0,-1,0.0,,
u_27997,0.0,-1,0.0,,
u_27998,0.0,-1,0.0,,
u_27999,0.0004927689286153728,2221,0.0,0.009,0.0
u_28000,0.0,-1,0.0,,
u_28001,0.0,-1,0.0,,
u_28002,0.0,-1,0.0,,
u_28003,0.0,-1,0.0,,
u_28004,0.015943403684288895,4193,0.0,0.299,0.0
u_28005,0.0,-1,0.0,,
u_28006,0.03988932187805281,2073,0.0,0.787,0.0
u_28007,0.0,-1,0.0,,
u_28008,0.043034914056465874,4124,0.0,0.787,0.0
u_28009,0.0,-1,0.0,,
u_28010,0.0013942785654607985,2901,0.0,0.026,0.0
u_28011,0.0,-1,0.0,,
u_28012,0.0,-1,0.0,,
u_28013,0.08144382680618205,4022,0.0,0.787,0.0
u_28014,0.0,-1,0.0,,
u_28015,0.03988819565536416,2883,0.0,0.787,0.0
u_28016,0.03989059358779986,4480,0.0,0.787,0.0
u_28017,0.043034914056465874,5973,0.0,0.787,0.0
u_28018,0.0,-1,0.0,,
u_28019,0.0,-1,0.0,,
u_28020,0.0,-1,0.0,,
u_28021,0.0,-1,0.0,,
u_28022,0.0,-1,0.0,,
u_28023,0.0,-1,0.0,,
u_28024,0.0,-1,0.0,,
u_28025,0.0,-1,0.0,,
u_28026,0.0,-1,0.0,,
u_28027,0.0,-1,0.0,,
u_28028,0.03988756896536074,2574,0.0,0.787,0.0
u_28029,0.029273858154457315,4470,0.0,0.535,0.0
u_28030,0.004706576906075349,3582,0.0,0.086,0.0
u_28031,0.0,-1,0.0,,
u_28032,0.0,-1,0.0,,
u_28033,0.04542607516414135,733,0.0,0.787,0.0
u_28034,0.0,-1,0.0,,
u_28035,0.04326266695720899,3760,0.0,0.787,0.0
u_28036,0.0,-1,0.0,,
u_28037,0.0,-1,0.0,,
u_28038,8.142656401832192e-05,812,0.0,0.001,0.0
u_28039,0.0,-1,0.0,,
u_28040,0.0,-1,0.0,,
u_28041,0.0,-1,0.0,,
u_28042,0.0,-1,0.0,,
u_28043,0.043034914056465874,6236,0.0,0.787,0.0
u_28044,0.079633184466475,11,0.0,0.787,0.0
u_28045,0.0,-1,0.0,,
u_28046,0.0,-1,0.0,,
u_28047,0.0,-1,0.0,,
u_28048,0.008522290651368683,3898,0.0,0.156,0.0
u_28049,0.01538471528939465,4149,0.0,0.273,0.0
u_28050,0.045821983704359796,3176,0.0,0.446,0.0
u_28051,0.0,-1,0.0,,
u_28052,0.0,-1,0.0,,
u_28053,0.08034642929809518,703,0.0,0.787,0.0
u_28054,0.001166330280095749,137,0.0,0.022,0.0
u_28055,0.08417531978986129,3565,0.0,0.787,0.0
u_28056,0.0,-1,0.0,,
u_28057,0.0,-1,0.0,,
u_28058,0.0,-1,0.0,,
u_28059,0.0,-1,0.0,,
u_28060,0.0,-1,0.0,,
u_28061,0.0,-1,0.0,,
u_28062,0.0,-1,0.0,,
u_28063,0.08417531978986129,5571,0.0,0.787,0.0
u_28064,0.043034914056465874,4605,0.0,0.787,0.0
u_28065,0.0,-1,0.0,,
u_28066,0.0,-1,0.0,,
u_28067,0.0,-1,0.0,,
u_28068,0.0,-1,0.0,,
u_28069,0.0,-1,0.0,,
u_28070,0.0,-1,0.0,,
u_28071,0.03988764737640151,168,0.0,0.787,0.0
u_28072,0.00017850066973413347,1524,0.0,0.003,0.0
u_28073,0.0,-1,0.0,,
u_28074,0.042130407716432006,4924,0.0,0.787,0.0
u_28075,0.043034914056465874,3990,0.0,0.787,0.0
u_28076,0.0,-1,0.0,,
u_28077,0.0,-1,0.0,,
u_28078,0.0,-1,0.0,,
u_28079,0.0,-1,0.0,,
u_28080,0.0,-1,0.0,,
u_28081,0.02851107816365973,4458,0.0,0.521,0.0
u_28082,0.007915864392466831,3855,0.0,0.145,0.0
u_28083,0.0,-1,0.0,,
u_28084,0.0,-1,0.0,,
u_28085,0.043034914056465874,4500,0.0,0.787,0.0
u_28086,0.0,-1,0.0,,
u_28087,0.0,-1,0.0,,
u_28088,0.043034914056465874,4805,0.0,0.787,0.0
u_28089,0.0,-1,0.0,,
u_28090,0.006810022440828984,3249,0.0,0.121,0.0
u_28091,0.004007181245514262,3497,0.0,0.073,0.0
u_28092,0.0,-1,0.0,,
u_28093,0.0,-1,0.0,,
u_28094,0.0,-1,0.0,,
u_28095,0.0649228094508984,1449,0.0,0.415,0.0
u_28096,0.0,-1,0.0,,
u_28097,0.0,-1,0.0,,
u_28098,0.0,-1,0.0,,
u_28099,0.0,-1,0.0,,
u_28100,0.0,-1,0.0,,
u_28101,0.0417586722493534,4625,0.0,0.763,0.0
u_28102,0.0,-1,0.0,,
u_28103,0.04958455598633292,2325,0.0,0.906,0.0
u_28104,0.00011100010175510787,949,0.0,0.002,0.0
u_28105,0.0,-1,0.0,,
u_28106,0.04167806608942096,87,0.0,0.787,0.0
u_28107,0.04107474012498055,7,0.0,0.787,0.0
u_28108,0.0,-1,0.0,,
u_28109,0.0,-1,0.0,,
u_28110,0.0,-1,0.0,,
u_28111,0.08240467884796142,3620,0.0,0.787,0.0
u_28112,0.0,-1,0.0,,
u_28113,0.043034914056465874,4509,0.0,0.787,0.0
u_28114,0.0,-1,0.0,,
u_28115,0.0,-1,0.0,,
u_28116,0.0,-1,0.0,,
u_28117,0.0,-1,0.0,,
u_28118,0.040234030474053585,1115,0.0,0.787,0.0
u_28119,0.0,-1,0.0,,
u_28120,0.0,-1,0.0,,
u_28121,0.0,-1,0.0,,
u_28122,0.0,-1,0.0,,
u_28123,0.04318158430101883,2463,0.0,0.787,0.0
u_28124,0.0,-1,0.0,,
u_28125,0.04167116857477862,89,0.0,0.787,0.0
u_28126,0.0,-1,0.0,,
u_28127,0.0,-1,0.0,,
u_28128,0.043034914056465874,5572,0.0,0.787,0.0
u_28129,0.0,-1,0.0,,
u_28130,0.0,-1,0.0,,
u_28131,0.004757937193240651,3591,0.0,0.087,0.0
u_28132,0.0026463266908341677,3244,0.0,0.048,0.0
u_28133,0.002756466816881243,3269,0.0,0.05,0.0
u_28134,0.0,-1,0.0,,
u_28135,0.0,-1,0.0,,
u_28136,0.0,-1,0.0,,
u_28137,0.04038692406264263,1144,0.0,0.787,0.0
u_28138,0.0,-1,0.0,,
u_28139,0.043034914056465874,4491,0.0,0.787,0.0
u_28140,0.0,-1,0.0,,
u_28141,0.0,-1,0.0,,
u_28142,0.0,-1,0.0,,
u_28143,0.0,-1,0.0,,
u_28144,0.0,-1,0.0,,
u_28145,0.0,-1,0.0,,
u_28146,0.03988769658307542,2485,0.0,0.787,0.0
u_28147,0.0,-1,0.0,,
u_28148,0.0,-1,0.0,,
u_28149,0.027008209893649635,860,0.0,0.514,0.0
u_28150,0.04066588678540936,2030,0.0,0.787,0.0
u_28151,0.043034914056465874,6163,0.0,0.787,0.0
u_28152,0.0,-1,0.0,,
u_28153,0.043034914056465874,5904,0.0,0.787,0.0
u_28154,0.0,-1,0.0,,
u_28155,0.018056830861640442,4236,0.0,0.33,0.0
u_28156,0.0,-1,0.0,,
u_28157,0.0,-1,0.0,,
u_28158,0.00020026528985416715,1564,0.0,0.004,0.0
u_28159,0.0,-1,0.0,,
u_28160,0.04288167997262789,1553,0.0,0.787,0.0
u_28161,0.027367900093787426,2483,0.0,0.256,0.0
u_28162,0.0,-1,0.0,,
u_28163,0.0,-1,0.0,,
u_28164,0.0010253730239282906,2271,0.0,0.01,0.0
u_28165,0.0,-1,0.0,,
u_28166,0.0,-1,0.0,,
u_28167,0.0,-1,0.0,,
u_28168,0.0418236420339485,3132,0.0,0.787,0.0
u_28169,0.0,-1,0.0,,
u_28170,0.0,-1,0.0,,
u_28171,0.0,-1,0.0,,
u_28172,0.08417531978986129,4995,0.0,0.787,0.0
u_28173,0.04084371812341034,152,0.0,0.787,0.0
u_28174,0.0,-1,0.0,,
u_28175,0.0,-1,0.0,,
u_28176,0.0,-1,0.0,,
u_28177,0.0,-1,0.0,,
u_28178,0.0,-1,0.0,,
u_28179,0.0,-1,0.0,,
u_28180,0.0038882430979718754,3480,0.0,0.071,0.0
u_28181,0.0,-1,0.0,,
u_28182,0.0,-1,0.0,,
u_28183,0.0,-1,0.0,,
u_28184,0.0,-1,0.0,,
u_28185,0.0,-1,0.0,,
u_28186,0.0,-1,0.0,,
u_28187,0.043034914056465874,5533,0.0,0.787,0.0
u_28188,0.0,-1,0.0,,
u_28189,0.0,-1,0.0,,
u_28190,0.043034914056465874,3129,0.0,0.787,0.0
u_28191,0.024556802045559132,3509,0.0,0.456,0.0
u_28192,0.0,-1,0.0,,
u_28193,0.0,-1,0.0,,
u_28194,0.16464846537955938,2547,0.0,0.787,0.0
u_28195,0.1253157255232567,2067,0.0,0.787,0.0
u_28196,0.0,-1,0.0,,
u_28197,0.0,-1,0.0,,
u_28198,0.0,-1,0.0,,
u_28199,0.00044142337207919176,2149,0.0,0.008,0.0
u_28200,0.0,-1,0.0,,
u_28201,0.0,-1,0.0,,
u_28202,0.0,-1,0.0,,
u_28203,0.043034914056465874,2130,0.0,0.787,0.0
u_28204,0.0,-1,0.0,,
u_28205,0.0,-1,0.0,,
u_28206,6.129133396889073e-05,515,0.0,0.001,0.0
u_28207,0.0,-1,0.0,,
u_28208,0.043034914056465874,3583,0.0,0.787,0.0
u_28209,0.043034914056465874,4558,0.0,0.787,0.0
u_28210,0.0,-1,0.0,,
u_28211,0.0,-1,0.0,,
u_28212,0.0,-1,0.0,,
u_28213,0.0,-1,0.0,,
u_28214,0.08236630710979355,5573,0.0,0.787,0.0
u_28215,0.0,-1,0.0,,
u_28216,0.0,-1,0.0,,
u_28217,0.0,-1,0.0,,
u_28218,0.0,-1,0.0,,
u_28219,0.02094587542264638,4316,0.0,0.383,0.0
u_28220,0.0106052254840988,4014,0.0,0.194,0.0
u_28221,0.0,-1,0.0,,
u_28222,0.0,-1,0.0,,
u_28223,0.043034914056465874,3106,0.0,0.787,0.0
u_28224,0.0,-1,0.0,,
u_28225,0.0,-1,0.0,,
u_28226,0.0,-1,0.0,,
u_28227,0.0,-1,0.0,,
u_28228,0.0,-1,0.0,,
u_28229,0.008712781020101153,3911,0.0,0.159,0.0
u_28230,0.04320231354559664,460,0.0,0.787,0.0
u_28231,0.0,-1,0.0,,
u_28232,0.0,-1,0.0,,
u_28233,0.026037890544241726,4411,0.0,0.476,0.0
u_28234,0.0,-1,0.0,,
u_28235,0.043034914056465874,4623,0.0,0.787,0.0
u_28236,0.0,-1,0.0,,
u_28237,0.0,-1,0.0,,
u_28238,0.0,-1,0.0,,
u_28239,0.00020248480764037708,1575,0.0,0.004,0.0
u_28240,0.0,-1,0.0,,
u_28241,0.0,-1,0.0,,
u_28242,0.0,-1,0.0,,
u_28243,0.0,-1,0.0,,
u_28244,0.0,-1,0.0,,
u_28245,0.04639625796751796,3498,0.0,0.787,0.0
u_28246,0.0,-1,0.0,,
u_28247,0.0,-1,0.0,,
u_28248,0.043034914056465874,3597,0.0,0.787,0.0
u_28249,0.043034914056465874,808,0.0,0.787,0.0
u_28250,0.0,-1,0.0,,
u_28251,0.0,-1,0.0,,
u_28252,0.0,-1,0.0,,
u_28253,0.0,-1,0.0,,
u_28254,0.0,-1,0.0,,
u_28255,0.0,-1,0.0,,
u_28256,0.043034914056465874,6237,0.0,0.787,0.0
u_28257,0.0,-1,0.0,,
u_28258,0.04436867193486396,1811,0.0,0.787,0.0
u_28259,0.0,-1,0.0,,
u_28260,0.0,-1,0.0,,
u_28261,0.0,-1,0.0,,
u_28262,0.0,-1,0.0,,
u_28263,0.0,-1,0.0,,
u_28264,0.04437190183068927,3631,0.0,0.787,0.0
u_28265,0.0,-1,0.0,,
u_28266,0.0,-1,0.0,,
u_28267,0.0,-1,0.0,,
u_28268,0.0,-1,0.0,,
u_28269,0.0,-1,0.0,,
u_28270,0.0,-1,0.0,,
u_28271,0.0,-1,0.0,,
u_28272,0.0,-1,0.0,,
u_28273,0.0,-1,0.0,,
u_28274,0.036351659504656623,4560,0.0,0.644,0.0
u_28275,0.0,-1,0.0,,
u_28276,0.0,-1,0.0,,
u_28277,0.039889403868333916,309,0.0,0.787,0.0
u_28278,0.0,-1,0.0,,
u_28279,0.0,-1,0.0,,
u_28280,0.0,-1,0.0,,
u_28281,0.0,-1,0.0,,
u_28282,0.0,-1,0.0,,
u_28283,0.0,-1,0.0,,
u_28284,0.0,-1,0.0,,
u_28285,0.0,-1,0.0,,
u_28286,0.043034914056465874,5574,0.0,0.787,0.0
u_28287,0.04044908334262185,755,0.0,0.787,0.0
u_28288,0.0,-1,0.0,,
u_28289,0.0,-1,0.0,,
u_28290,0.0,-1,0.0,,
u_28291,0.0002169564059517977,1629,0.0,0.004,0.0
u_28292,0.0,-1,0.0,,
u_28293,0.0,-1,0.0,,
u_28294,0.0,-1,0.0,,
u_28295,0.0,-1,0.0,,
u_28296,0.043034914056465874,5575,0.0,0.787,0.0
u_28297,0.043034914056465874,6238,0.0,0.787,0.0
u_28298,0.0,-1,0.0,,
u_28299,0.043034914056465874,4557,0.0,0.787,0.0
u_28300,0.04294259658720949,1695,0.0,0.787,0.0
u_28301,0.01820619449956084,1881,0.0,0.165,0.0
u_28302,0.0,-1,0.0,,
u_28303,0.0,-1,0.0,,
u_28304,0.0,-1,0.0,,
u_28305,0.018356578110009892,358,0.0,0.174,0.0
u_28306,0.0,-1,0.0,,
u_28307,0.0,-1,0.0,,
u_28308,0.0,-1,0.0,,
u_28309,0.0,-1,0.0,,
u_28310,0.043011678822729965,3378,0.0,0.787,0.0
u_28311,0.0,-1,0.0,,
u_28312,0.0,-1,0.0,,
u_28313,0.0,-1,0.0,,
u_28314,0.0,-1,0.0,,
u_28315,0.0,-1,0.0,,
u_28316,0.0,-1,0.0,,
u_28317,0.0,-1,0.0,,
u_28318,0.007987873364569178,3509,0.0,0.075,0.0
u_28319,0.0,-1,0.0,,
u_28320,4.0089229764454345e-05,41,0.0,0.001,0.0
u_28321,0.08417531978986129,1233,0.0,0.787,0.0
u_28322,0.04005628760092667,131,0.0,0.787,0.0
u_28323,0.03989295648974209,3628,0.0,0.787,0.0
u_28324,0.0,-1,0.0,,
u_28325,0.0,-1,0.0,,
u_28326,0.02374959522910378,4358,0.0,0.434,0.0
u_28327,0.043034914056465874,2625,0.0,0.787,0.0
u_28328,0.00015417919655324214,416,0.0,0.003,0.0
u_28329,0.0,-1,0.0,,
u_28330,0.0,-1,0.0,,
u_28331,0.0,-1,0.0,,
u_28332,9.54755641654517e-05,851,0.0,0.002,0.0
u_28333,0.0,-1,0.0,,
u_28334,0.043034914056465874,6204,0.0,0.787,0.0
u_28335,0.0,-1,0.0,,
u_28336,0.0,-1,0.0,,
u_28337,0.0,-1,0.0,,
u_28338,0.043034914056465874,6103,0.0,0.787,0.0
u_28339,0.020524039759380306,4302,0.0,0.375,0.0
u_28340,0.042803841195470184,3469,0.0,0.787,0.0
u_28341,0.0,-1,0.0,,
u_28342,0.0,-1,0.0,,
u_28343,0.043034914056465874,5097,0.0,0.787,0.0
u_28344,0.03989132538086045,4003,0.0,0.787,0.0
u_28345,0.0,-1,0.0,,
u_28346,0.0,-1,0.0,,
u_28347,0.0,-1,0.0,,
u_28348,0.00012851767307120023,1211,0.0,0.002,0.0
u_28349,0.03988887873532484,264,0.0,0.787,0.0
u_28350,9.505288747344857e-05,267,0.0,0.001,0.0
u_28351,0.043034914056465874,3449,0.0,0.787,0.0
u_28352,0.043034914056465874,2412,0.0,0.787,0.0
u_28353,0.0,-1,0.0,,
u_28354,0.0,-1,0.0,,
u_28355,0.0,-1,0.0,,
u_28356,0.0,-1,0.0,,
u_28357,0.0,-1,0.0,,
u_28358,0.0,-1,0.0,,
u_28359,0.0,-1,0.0,,
u_28360,0.08236325239395044,1608,0.0,0.787,0.0
u_28361,0.0,-1,0.0,,
u_28362,0.0,-1,0.0,,
u_28363,0.03988705334068099,74,0.0,0.787,0.0
u_28364,0.00951893947469226,3961,0.0,0.174,0.0
u_28365,0.0,-1,0.0,,
u_28366,0.0,-1,0.0,,
u_28367,0.021287976611894528,4331,0.0,0.396,0.0
u_28368,0.0,-1,0.0,,
u_28369,0.0,-1,0.0,,
u_28370,0.0,-1,0.0,,
u_28371,0.0021350860871761058,1524,0.0,0.041,0.0
u_28372,0.0,-1,0.0,,
u_28373,0.0,-1,0.0,,
u_28374,0.0199069698469997,4268,0.0,0.354,0.0
u_28375,0.0,-1,0.0,,
u_28376,0.0,-1,0.0,,
u_28377,0.0,-1,0.0,,
u_28378,0.0,-1,0.0,,
u_28379,0.0,-1,0.0,,
u_28380,0.01226902261949204,2748,0.0,0.231,0.0
u_28381,0.0,-1,0.0,,
u_28382,0.0008329717802961046,2558,0.0,0.015,0.0
u_28383,0.043034914056465874,4140,0.0,0.787,0.0
u_28384,0.0,-1,0.0,,
u_28385,0.043034914056465874,2803,0.0,0.787,0.0
u_28386,0.0,-1,0.0,,
u_28387,0.0,-1,0.0,,
u_28388,0.0,-1,0.0,,
u_28389,0.005580851809398752,3125,0.0,0.101,0.0
u_28390,0.08240611411499996,2619,0.0,0.787,0.0
u_28391,0.0,-1,0.0,,
u_28392,0.0,-1,0.0,,
u_28393,0.042130407716432006,5494,0.0,0.787,0.0
u_28394,0.043034914056465874,5981,0.0,0.787,0.0
u_28395,0.0017474624184975506,903,0.0,0.016,0.0
u_28396,0.039891205831698306,1328,0.0,0.787,0.0
u_28397,0.039887880357416805,1654,0.0,0.787,0.0
u_28398,0.0,-1,0.0,,
u_28399,0.0,-1,0.0,,
u_28400,0.0,-1,0.0,,
u_28401,0.0,-1,0.0,,
u_28402,0.0,-1,0.0,,
u_28403,0.0,-1,0.0,,
u_28404,0.0398879731435624,162,0.0,0.787,0.0
u_28405,0.0,-1,0.0,,
u_28406,0.0,-1,0.0,,
u_28407,0.0,-1,0.0,,
u_28408,0.043034914056465874,1138,0.0,0.787,0.0
u_28409,0.0,-1,0.0,,
u_28410,0.0,-1,0.0,,
u_28411,0.043034914056465874,5576,0.0,0.787,0.0
u_28412,0.0,-1,0.0,,
u_28413,0.043034914056465874,5301,0.0,0.787,0.0
u_28414,0.08233494093753319,1763,0.0,0.787,0.0
u_28415,0.006774461728408152,1521,0.0,0.131,0.0
u_28416,0.0,-1,0.0,,
u_28417,0.0,-1,0.0,,
u_28418,0.028860330923941444,4447,0.0,0.512,0.0
u_28419,0.08417531978986129,2670,0.0,0.787,0.0
u_28420,0.0,-1,0.0,,
u_28421,0.0,-1,0.0,,
u_28422,0.04249821569076012,853,0.0,0.787,0.0
u_28423,0.043034914056465874,6122,0.0,0.787,0.0
u_28424,0.0,-1,0.0,,
u_28425,0.0,-1,0.0,,
u_28426,0.0,-1,0.0,,
u_28427,0.0,-1,0.0,,
u_28428,0.0,-1,0.0,,
u_28429,0.0,-1,0.0,,
u_28430,0.0,-1,0.0,,
u_28431,0.043034914056465874,6052,0.0,0.787,0.0
u_28432,0.0,-1,0.0,,
u_28433,0.017215167115541767,4208,0.0,0.315,0.0
u_28434,0.0,-1,0.0,,
u_28435,0.0,-1,0.0,,
u_28436,0.0,-1,0.0,,
u_28437,0.043034914056465874,5215,0.0,0.787,0.0
u_28438,0.04051293670122566,3696,0.0,0.787,0.0
u_28439,0.0,-1,0.0,,
u_28440,0.0,-1,0.0,,
u_28441,0.0,-1,0.0,,
u_28442,0.0,-1,0.0,,
u_28443,0.0,-1,0.0,,
u_28444,0.04010001236623343,1023,0.0,0.783,0.0
u_28445,0.0,-1,0.0,,
u_28446,0.0,-1,0.0,,
u_28447,0.0,-1,0.0,,
u_28448,0.0866747733011993,2607,0.0,0.787,0.0
u_28449,0.0,-1,0.0,,
u_28450,0.0,-1,0.0,,
u_28451,0.0,-1,0.0,,
u_28452,0.013914785649049997,56,0.0,0.131,0.0
u_28453,0.045462533782414015,1600,0.0,0.787,0.0
u_28454,0.0,-1,0.0,,
u_28455,0.0,-1,0.0,,
u_28456,8.840388907677401e-05,899,0.0,0.002,0.0
u_28457,0.0,-1,0.0,,
u_28458,0.0,-1,0.0,,
u_28459,0.0,-1,0.0,,
u_28460,0.0,-1,0.0,,
u_28461,0.0,-1,0.0,,
u_28462,0.0,-1,0.0,,
u_28463,0.0,-1,0.0,,
u_28464,0.0,-1,0.0,,
u_28465,0.041346544831778534,3437,0.0,0.787,0.0
u_28466,0.0,-1,0.0,,
u_28467,0.0,-1,0.0,,
u_28468,0.0,-1,0.0,,
u_28469,0.0,-1,0.0,,
u_28470,0.0,-1,0.0,,
u_28471,0.0,-1,0.0,,
u_28472,0.007871206582278698,112,0.0,0.151,0.0
u_28473,0.0,-1,0.0,,
u_28474,0.043034914056465874,5577,0.0,0.787,0.0
u_28475,0.043034914056465874,1525,0.0,0.787,0.0
u_28476,0.043034914056465874,6239,0.0,0.787,0.0
u_28477,0.0,-1,0.0,,
u_28478,0.0,-1,0.0,,
u_28479,0.08417531978986129,2991,0.0,0.787,0.0
u_28480,0.0,-1,0.0,,
u_28481,0.0,-1,0.0,,
u_28482,0.0006033438838898821,481,0.0,0.006,0.0
u_28483,0.0,-1,0.0,,
u_28484,0.043034914056465874,954,0.0,0.787,0.0
u_28485,0.0,-1,0.0,,
u_28486,0.0,-1,0.0,,
u_28487,0.0,-1,0.0,,
u_28488,0.0,-1,0.0,,
u_28489,0.00010129408103328087,22,0.0,0.001,0.0
u_28490,0.0,-1,0.0,,
u_28491,0.0,-1,0.0,,
u_28492,0.0,-1,0.0,,
u_28493,0.00010819278570442403,1082,0.0,0.002,0.0
u_28494,0.0398877268694912,360,0.0,0.787,0.0
u_28495,0.043034914056465874,5578,0.0,0.787,0.0
u_28496,0.043034914056465874,763,0.0,0.787,0.0
u_28497,0.0,-1,0.0,,
u_28498,0.0,-1,0.0,,
u_28499,0.08417531978986129,4348,0.0,0.787,0.0
u_28500,0.009445984298746215,137,0.0,0.175,0.0
u_28501,0.015231029532475564,1914,0.0,0.274,0.0
u_28502,0.0,-1,0.0,,
u_28503,0.043034914056465874,6240,0.0,0.787,0.0
u_28504,0.0,-1,0.0,,
u_28505,0.0,-1,0.0,,
u_28506,0.0,-1,0.0,,
u_28507,0.043034914056465874,5547,0.0,0.787,0.0
u_28508,0.0,-1,0.0,,
u_28509,0.0,-1,0.0,,
u_28510,0.06714512863880476,2596,0.0,0.627,0.0
u_28511,0.0,-1,0.0,,
u_28512,0.0,-1,0.0,,
u_28513,0.0,-1,0.0,,
u_28514,0.0,-1,0.0,,
u_28515,0.042130407716432006,4839,0.0,0.787,0.0
u_28516,0.0,-1,0.0,,
u_28517,0.08027802911951797,1169,0.0,0.787,0.0
u_28518,0.0,-1,0.0,,
u_28519,0.043034914056465874,6241,0.0,0.787,0.0
u_28520,0.0,-1,0.0,,
u_28521,0.0,-1,0.0,,
u_28522,0.0,-1,0.0,,
u_28523,0.04135059524184433,1299,0.0,0.787,0.0
u_28524,0.043034914056465874,6202,0.0,0.787,0.0
u_28525,0.0,-1,0.0,,
u_28526,0.03988931781389769,592,0.0,0.787,0.0
u_28527,0.0,-1,0.0,,
u_28528,0.04359334330724143,2435,0.0,0.787,0.0
u_28529,0.0002931069688462788,1840,0.0,0.005,0.0
u_28530,0.043034914056465874,4499,0.0,0.787,0.0
u_28531,0.0,-1,0.0,,
u_28532,0.03988844788310748,178,0.0,0.787,0.0
u_28533,0.0,-1,0.0,,
u_28534,0.08417531978986129,4432,0.0,0.787,0.0
u_28535,0.0,-1,0.0,,
u_28536,0.043034914056465874,5579,0.0,0.787,0.0
u_28537,0.04100319833769854,1101,0.0,0.787,0.0
u_28538,0.0,-1,0.0,,
u_28539,0.0,-1,0.0,,
u_28540,0.0,-1,0.0,,
u_28541,0.0,-1,0.0,,
u_28542,0.0,-1,0.0,,
u_28543,0.02066427321183674,1777,0.0,0.19,0.0
u_28544,0.0,-1,0.0,,
u_28545,0.010457147603363241,2261,0.0,0.198,0.0
u_28546,0.043034914056465874,6055,0.0,0.787,0.0
u_28547,0.043034914056465874,5580,0.0,0.787,0.0
u_28548,0.0,-1,0.0,,
u_28549,0.0,-1,0.0,,
u_28550,0.12473562453137597,22,0.0,0.787,0.0
u_28551,0.042187431439818936,89,0.0,0.787,0.0
u_28552,0.0009356607874003066,2639,0.0,0.017,0.0
u_28553,0.0,-1,0.0,,
u_28554,0.0398973817324143,4687,0.0,0.787,0.0
u_28555,0.0,-1,0.0,,
u_28556,0.0,-1,0.0,,
u_28557,0.0,-1,0.0,,
u_28558,0.0,-1,0.0,,
u_28559,0.0,-1,0.0,,
u_28560,0.041924603065846264,222,0.0,0.787,0.0
u_28561,0.0,-1,0.0,,
u_28562,0.0019246579354858118,1760,0.0,0.036,0.0
u_28563,0.0,-1,0.0,,
u_28564,0.0,-1,0.0,,
u_28565,0.043034914056465874,3054,0.0,0.787,0.0
u_28566,0.0,-1,0.0,,
u_28567,0.0,-1,0.0,,
u_28568,0.0,-1,0.0,,
u_28569,0.03988836208118698,1099,0.0,0.787,0.0
u_28570,0.022600650367492477,4344,0.0,0.413,0.0
u_28571,9.282675484571256e-05,33,0.0,0.002,0.0
u_28572,0.0,-1,0.0,,
u_28573,0.0,-1,0.0,,
u_28574,0.0,-1,0.0,,
u_28575,0.0,-1,0.0,,
u_28576,0.043034914056465874,5449,0.0,0.787,0.0
u_28577,0.04825880737133459,61,0.0,0.455,0.0
u_28578,0.043034914056465874,1491,0.0,0.787,0.0
u_28579,0.0,-1,0.0,,
u_28580,0.08236847727899935,2356,0.0,0.787,0.0
u_28581,0.09916559730372115,118,0.0,0.945,0.0
u_28582,0.0,-1,0.0,,
u_28583,0.043034914056465874,5136,0.0,0.787,0.0
u_28584,0.0,-1,0.0,,
u_28585,0.042240521631910735,3933,0.0,0.787,0.0
u_28586,0.043034914056465874,5373,0.0,0.787,0.0
u_28587,0.0,-1,0.0,,
u_28588,0.0,-1,0.0,,
u_28589,0.043034914056465874,2685,0.0,0.787,0.0
u_28590,0.0,-1,0.0,,
u_28591,0.043034914056465874,4144,0.0,0.787,0.0
u_28592,0.044553107956468364,295,0.0,0.787,0.0
u_28593,0.04122373531841137,513,0.0,0.787,0.0
u_28594,0.0,-1,0.0,,
u_28595,0.0,-1,0.0,,
u_28596,0.0,-1,0.0,,
u_28597,0.0,-1,0.0,,
u_28598,0.0,-1,0.0,,
u_28599,0.043034914056465874,6242,0.0,0.787,0.0
u_28600,0.0,-1,0.0,,
u_28601,0.0,-1,0.0,,
u_28602,0.00246538824304995,3198,0.0,0.045,0.0
u_28603,0.0,-1,0.0,,
u_28604,0.043034914056465874,6212,0.0,0.787,0.0
u_28605,0.0,-1,0.0,,
u_28606,0.0,-1,0.0,,
u_28607,0.0,-1,0.0,,
u_28608,0.0,-1,0.0,,
u_28609,0.0,-1,0.0,,
u_28610,0.0002573252079773118,1256,0.0,0.002,0.0
u_28611,0.042130407716432006,5571,0.0,0.787,0.0
u_28612,0.042130407716432006,5562,0.0,0.787,0.0
u_28613,0.007370375886285772,1730,0.0,0.137,0.0
u_28614,0.0,-1,0.0,,
u_28615,0.041793257523134994,3229,0.0,0.787,0.0
u_28616,0.0,-1,0.0,,
u_28617,0.0001780494444540058,702,0.0,0.003,0.0
u_28618,0.043034914056465874,4760,0.0,0.787,0.0
u_28619,0.040733035777842395,473,0.0,0.787,0.0
u_28620,0.0,-1,0.0,,
u_28621,0.0,-1,0.0,,
u_28622,0.0,-1,0.0,,
u_28623,0.0010054286015309403,2677,0.0,0.018,0.0
u_28624,0.0,-1,0.0,,
u_28625,0.0,-1,0.0,,
u_28626,0.00015845661508988372,1200,0.0,0.003,0.0
u_28627,0.0,-1,0.0,,
u_28628,0.0,-1,0.0,,
u_28629,0.0,-1,0.0,,
u_28630,0.0,-1,0.0,,
u_28631,0.043034914056465874,6243,0.0,0.787,0.0
u_28632,0.04039848966853025,374,0.0,0.787,0.0
u_28633,0.043034914056465874,6244,0.0,0.787,0.0
u_28634,0.043034914056465874,3822,0.0,0.787,0.0
u_28635,0.0002089638750235152,1602,0.0,0.004,0.0
u_28636,0.0,-1,0.0,,
u_28637,0.0,-1,0.0,,
u_28638,0.08010307794973964,332,0.0,0.787,0.0
u_28639,0.0,-1,0.0,,
u_28640,0.0,-1,0.0,,
u_28641,0.0,-1,0.0,,
u_28642,0.03988967412318624,2446,0.0,0.787,0.0
u_28643,0.0,-1,0.0,,
u_28644,0.0,-1,0.0,,
u_28645,0.0,-1,0.0,,
u_28646,0.0,-1,0.0,,
u_28647,0.0006801346091861676,2439,0.0,0.012,0.0
u_28648,0.0,-1,0.0,,
u_28649,0.0,-1,0.0,,
u_28650,0.0,-1,0.0,,
u_28651,6.699911737064128e-05,602,0.0,0.001,0.0
u_28652,0.0,-1,0.0,,
u_28653,0.0,-1,0.0,,
u_28654,0.0,-1,0.0,,
u_28655,0.043034914056465874,4066,0.0,0.787,0.0
u_28656,0.0,-1,0.0,,
u_28657,0.07962915346917221,2688,0.0,0.787,0.0
u_28658,0.03988776232407815,2137,0.0,0.787,0.0
u_28659,0.00045726947842182413,2171,0.0,0.008,0.0
u_28660,0.006154303516440182,3249,0.0,0.057,0.0
u_28661,0.03053417279040672,1524,0.0,0.56,0.0
u_28662,0.0,-1,0.0,,
u_28663,0.0,-1,0.0,,
u_28664,0.08061766039458014,309,0.0,0.787,0.0
u_28665,0.0,-1,0.0,,
u_28666,0.043034914056465874,6245,0.0,0.787,0.0
u_28667,0.0,-1,0.0,,
u_28668,0.03988943670427361,1742,0.0,0.787,0.0
u_28669,0.0,-1,0.0,,
u_28670,0.043034914056465874,6246,0.0,0.787,0.0
u_28671,0.0,-1,0.0,,
u_28672,0.0,-1,0.0,,
u_28673,0.0,-1,0.0,,
u_28674,0.0,-1,0.0,,
u_28675,0.043034914056465874,5047,0.0,0.787,0.0
u_28676,0.0,-1,0.0,,
u_28677,0.043034914056465874,5013,0.0,0.787,0.0
u_28678,0.0,-1,0.0,,
u_28679,0.03988759387332228,930,0.0,0.787,0.0
u_28680,0.043034914056465874,3433,0.0,0.787,0.0
u_28681,0.04199036997535191,1487,0.0,0.787,0.0
u_28682,0.03988801904974986,545,0.0,0.787,0.0
u_28683,0.0,-1,0.0,,
u_28684,0.04046691906780614,3088,0.0,0.787,0.0
u_28685,0.0,-1,0.0,,
u_28686,0.0,-1,0.0,,
u_28687,0.007079751575837891,3800,0.0,0.129,0.0
u_28688,0.0,-1,0.0,,
u_28689,0.0,-1,0.0,,
u_28690,0.0,-1,0.0,,
u_28691,7.048241645786988e-05,664,0.0,0.001,0.0
u_28692,0.0,-1,0.0,,
u_28693,0.0,-1,0.0,,
u_28694,0.00023017412218920752,1043,0.0,0.004,0.0
u_28695,0.0,-1,0.0,,
u_28696,0.043034914056465874,6247,0.0,0.787,0.0
u_28697,0.0,-1,0.0,,
u_28698,5.3445049106758835e-05,409,0.0,0.001,0.0
u_28699,0.0,-1,0.0,,
u_28700,0.0,-1,0.0,,
u_28701,0.0,-1,0.0,,
u_28702,0.0,-1,0.0,,
u_28703,0.0,-1,0.0,,
u_28704,0.0,-1,0.0,,
u_28705,0.0,-1,0.0,,
u_28706,0.043034914056465874,3683,0.0,0.787,0.0
u_28707,0.043034914056465874,5235,0.0,0.787,0.0
u_28708,0.0,-1,0.0,,
u_28709,0.0,-1,0.0,,
u_28710,0.0,-1,0.0,,
u_28711,0.0,-1,0.0,,
u_28712,0.0,-1,0.0,,
u_28713,0.004221418985824115,332,0.0,0.081,0.0
u_28714,0.0,-1,0.0,,
u_28715,0.04115387663842613,1403,0.0,0.787,0.0
u_28716,0.0,-1,0.0,,
u_28717,0.023083494563781965,457,0.0,0.453,0.0
u_28718,0.0,-1,0.0,,
u_28719,0.0398910280346087,955,0.0,0.787,0.0
u_28720,0.0,-1,0.0,,
u_28721,0.006666442985131213,3769,0.0,0.122,0.0
u_28722,0.08027672472866085,3012,0.0,0.787,0.0
u_28723,0.0,-1,0.0,,
u_28724,4.589707584349952e-05,249,0.0,0.001,0.0
u_28725,0.0,-1,0.0,,
u_28726,0.0,-1,0.0,,
u_28727,0.0,-1,0.0,,
u_28728,0.0,-1,0.0,,
u_28729,0.0,-1,0.0,,
u_28730,0.0,-1,0.0,,
u_28731,0.0,-1,0.0,,
u_28732,0.0,-1,0.0,,
u_28733,0.03988737676783734,3289,0.0,0.787,0.0
u_28734,0.0,-1,0.0,,
u_28735,0.0,-1,0.0,,
u_28736,0.0009711500433426924,220,0.0,0.018,0.0
u_28737,0.0,-1,0.0,,
u_28738,0.043034914056465874,4326,0.0,0.787,0.0
u_28739,0.0029018754941642416,332,0.0,0.056,0.0
u_28740,0.0,-1,0.0,,
u_28741,0.0,-1,0.0,,
u_28742,0.0,-1,0.0,,
u_28743,0.0,-1,0.0,,
u_28744,0.043034914056465874,3055,0.0,0.787,0.0
u_28745,4.275162859965217e-05,125,0.0,0.001,0.0
u_28746,0.0,-1,0.0,,
u_28747,0.0,-1,0.0,,
u_28748,0.0,-1,0.0,,
u_28749,0.0025270306029872786,2837,0.0,0.024,0.0
u_28750,0.0,-1,0.0,,
u_28751,0.0,-1,0.0,,
u_28752,0.0002276932568245725,1669,0.0,0.004,0.0
u_28753,0.0,-1,0.0,,
u_28754,0.0,-1,0.0,,
u_28755,0.0,-1,0.0,,
u_28756,0.0,-1,0.0,,
u_28757,0.0,-1,0.0,,
u_28758,0.0,-1,0.0,,
u_28759,0.0,-1,0.0,,
u_28760,0.0,-1,0.0,,
u_28761,0.0,-1,0.0,,
u_28762,0.0010100175418513977,2679,0.0,0.018,0.0
u_28763,0.0,-1,0.0,,
u_28764,0.08683627033114787,1656,0.0,0.787,0.0
u_28765,0.000325662860235047,1911,0.0,0.006,0.0
u_28766,0.04242712238782969,1801,0.0,0.787,0.0
u_28767,0.043034914056465874,2724,0.0,0.787,0.0
u_28768,0.0,-1,0.0,,
u_28769,0.0,-1,0.0,,
u_28770,0.0,-1,0.0,,
u_28771,0.0,-1,0.0,,
u_28772,0.0,-1,0.0,,
u_28773,0.03032757650997228,829,0.0,0.583,0.0
u_28774,0.042130407716432006,5284,0.0,0.787,0.0
u_28775,0.04437197695322177,4196,0.0,0.787,0.0
u_28776,0.0,-1,0.0,,
u_28777,0.043034914056465874,1207,0.0,0.787,0.0
u_28778,0.0,-1,0.0,,
u_28779,0.0,-1,0.0,,
u_28780,0.0,-1,0.0,,
u_28781,0.0,-1,0.0,,
u_28782,0.0,-1,0.0,,
u_28783,0.0,-1,0.0,,
u_28784,0.0,-1,0.0,,
u_28785,0.0,-1,0.0,,
u_28786,0.0,-1,0.0,,
u_28787,0.008371152427368633,280,0.0,0.164,0.0
u_28788,0.05026249498051298,89,0.0,0.787,0.0
u_28789,9.91788826730399e-05,262,0.0,0.001,0.0
u_28790,0.0,-1,0.0,,
u_28791,0.0,-1,0.0,,
u_28792,0.0,-1,0.0,,
u_28793,0.0,-1,0.0,,
u_28794,0.0,-1,0.0,,
u_28795,0.0,-1,0.0,,
u_28796,0.04200082612950852,277,0.0,0.787,0.0
u_28797,0.0,-1,0.0,,
u_28798,0.043034914056465874,5100,0.0,0.787,0.0
u_28799,0.001972124819535646,99,0.0,0.037,0.0
u_28800,0.0,-1,0.0,,
u_28801,0.0,-1,0.0,,
u_28802,0.03988871949148691,2768,0.0,0.787,0.0
u_28803,0.0,-1,0.0,,
u_28804,0.042902467077407816,3686,0.0,0.787,0.0
u_28805,0.043034914056465874,2695,0.0,0.787,0.0
u_28806,0.011975285763412898,904,0.0,0.232,0.0
u_28807,0.0,-1,0.0,,
u_28808,0.0,-1,0.0,,
u_28809,0.00035994450878604,1510,0.0,0.003,0.0
u_28810,0.0,-1,0.0,,
u_28811,0.0,-1,0.0,,
u_28812,0.08156110471087204,903,0.0,0.787,0.0
u_28813,0.043034914056465874,5330,0.0,0.787,0.0
u_28814,0.043034914056465874,6248,0.0,0.787,0.0
u_28815,0.0,-1,0.0,,
u_28816,0.0,-1,0.0,,
u_28817,0.0,-1,0.0,,
u_28818,0.08236461230156007,2780,0.0,0.787,0.0
u_28819,0.0,-1,0.0,,
u_28820,0.0,-1,0.0,,
u_28821,0.0,-1,0.0,,
u_28822,0.004809157333668112,127,0.0,0.091,0.0
u_28823,0.043034914056465874,6206,0.0,0.787,0.0
u_28824,0.0,-1,0.0,,
u_28825,0.0,-1,0.0,,
u_28826,0.043034914056465874,5223,0.0,0.787,0.0
u_28827,0.0,-1,0.0,,
u_28828,0.0,-1,0.0,,
u_28829,0.0,-1,0.0,,
u_28830,0.0,-1,0.0,,
u_28831,0.0,-1,0.0,,
u_28832,0.042130407716432006,5581,0.0,0.787,0.0
u_28833,0.0,-1,0.0,,
u_28834,0.0,-1,0.0,,
u_28835,0.0,-1,0.0,,
u_28836,0.0,-1,0.0,,
u_28837,0.0,-1,0.0,,
u_28838,0.0,-1,0.0,,
u_28839,0.0412096705348564,118,0.0,0.157,0.0
u_28840,0.0,-1,0.0,,
u_28841,0.0,-1,0.0,,
u_28842,0.0,-1,0.0,,
u_28843,0.0,-1,0.0,,
u_28844,0.00027453134255432204,1795,0.0,0.005,0.0
u_28845,0.039888281318861615,430,0.0,0.787,0.0
u_28846,0.0,-1,0.0,,
u_28847,0.0,-1,0.0,,
u_28848,0.022902594882742704,222,0.0,0.439,0.0
u_28849,0.0,-1,0.0,,
u_28850,0.00046865842425752467,277,0.0,0.009,0.0
u_28851,0.0,-1,0.0,,
u_28852,0.0,-1,0.0,,
u_28853,0.0,-1,0.0,,
u_28854,0.004989512834780586,666,0.0,0.047,0.0
u_28855,0.0,-1,0.0,,
u_28856,0.0,-1,0.0,,
u_28857,0.043034914056465874,5003,0.0,0.787,0.0
u_28858,0.0,-1,0.0,,
u_28859,0.0,-1,0.0,,
u_28860,0.0,-1,0.0,,
u_28861,0.0,-1,0.0,,
u_28862,0.0,-1,0.0,,
u_28863,0.043034914056465874,6186,0.0,0.787,0.0
u_28864,8.236153584758792e-05,49,0.0,0.001,0.0
u_28865,0.043034914056465874,3131,0.0,0.787,0.0
u_28866,0.000209534046447189,1072,0.0,0.002,0.0
u_28867,0.0,-1,0.0,,
u_28868,0.043034914056465874,541,0.0,0.787,0.0
u_28869,0.0,-1,0.0,,
u_28870,0.0,-1,0.0,,
u_28871,0.0,-1,0.0,,
u_28872,0.0,-1,0.0,,
u_28873,0.0,-1,0.0,,
u_28874,0.043034914056465874,3065,0.0,0.787,0.0
u_28875,0.040571585286263485,49,0.0,0.787,0.0
u_28876,0.0,-1,0.0,,
u_28877,0.0,-1,0.0,,
u_28878,0.0,-1,0.0,,
u_28879,0.0,-1,0.0,,
u_28880,0.0,-1,0.0,,
u_28881,0.0,-1,0.0,,
u_28882,0.0,-1,0.0,,
u_28883,0.0,-1,0.0,,
u_28884,0.043034914056465874,6249,0.0,0.787,0.0
u_28885,0.040608077448823346,89,0.0,0.787,0.0
u_28886,0.0,-1,0.0,,
u_28887,0.0,-1,0.0,,
u_28888,0.0012950356775911385,586,0.0,0.025,0.0
u_28889,0.0,-1,0.0,,
u_28890,0.0,-1,0.0,,
u_28891,0.00873467773058898,588,0.0,0.057,0.0
u_28892,0.0018776369377243075,3054,0.0,0.034,0.0
u_28893,0.0,-1,0.0,,
u_28894,0.0,-1,0.0,,
u_28895,0.0,-1,0.0,,
u_28896,0.0,-1,0.0,,
u_28897,0.04111838888519283,7,0.0,0.787,0.0
u_28898,0.04186542921342365,168,0.0,0.787,0.0
u_28899,0.0,-1,0.0,,
u_28900,0.0,-1,0.0,,
u_28901,0.0,-1,0.0,,
u_28902,0.0,-1,0.0,,
u_28903,0.0,-1,0.0,,
u_28904,0.0,-1,0.0,,
u_28905,0.0,-1,0.0,,
u_28906,0.08150742788663179,22,0.0,0.787,0.0
u_28907,0.0,-1,0.0,,
u_28908,0.0,-1,0.0,,
u_28909,0.043034914056465874,5582,0.0,0.787,0.0
u_28910,0.0,-1,0.0,,
u_28911,0.0,-1,0.0,,
u_28912,0.043034914056465874,6250,0.0,0.787,0.0
u_28913,0.0,-1,0.0,,
u_28914,0.0,-1,0.0,,
u_28915,0.0,-1,0.0,,
u_28916,0.0,-1,0.0,,
u_28917,0.0,-1,0.0,,
u_28918,0.0,-1,0.0,,
u_28919,0.0,-1,0.0,,
u_28920,0.0,-1,0.0,,
u_28921,0.043034914056465874,5221,0.0,0.787,0.0
u_28922,0.0,-1,0.0,,
u_28923,0.0003147749457151255,1888,0.0,0.006,0.0
u_28924,0.0,-1,0.0,,
u_28925,0.043034914056465874,3708,0.0,0.787,0.0
u_28926,0.0,-1,0.0,,
u_28927,0.08633752700864407,3212,0.0,0.787,0.0
u_28928,0.0,-1,0.0,,
u_28929,0.002516173363731546,3211,0.0,0.046,0.0
u_28930,0.0,-1,0.0,,
u_28931,0.007436522233024744,202,0.0,0.136,0.0
u_28932,0.0,-1,0.0,,
u_28933,0.04089226722805743,1586,0.0,0.787,0.0
u_28934,0.0,-1,0.0,,
u_28935,0.015248883856094037,4162,0.0,0.279,0.0
u_28936,0.0,-1,0.0,,
u_28937,0.04283166593569487,125,0.0,0.787,0.0
u_28938,0.0,-1,0.0,,
u_28939,0.0,-1,0.0,,
u_28940,0.0,-1,0.0,,
u_28941,0.0,-1,0.0,,
u_28942,0.039887828584514666,179,0.0,0.787,0.0
u_28943,0.0,-1,0.0,,
u_28944,0.0,-1,0.0,,
u_28945,0.0,-1,0.0,,
u_28946,0.0,-1,0.0,,
u_28947,0.010678052668388699,4016,0.0,0.195,0.0
u_28948,0.0,-1,0.0,,
u_28949,0.0,-1,0.0,,
u_28950,0.0,-1,0.0,,
u_28951,0.0,-1,0.0,,
u_28952,0.0,-1,0.0,,
u_28953,0.0003614783037899387,2010,0.0,0.007,0.0
u_28954,0.0,-1,0.0,,
u_28955,0.0,-1,0.0,,
u_28956,0.08236630710979355,5583,0.0,0.787,0.0
u_28957,0.0,-1,0.0,,
u_28958,0.0,-1,0.0,,
u_28959,0.04022620435028853,860,0.0,0.787,0.0
u_28960,0.0,-1,0.0,,
u_28961,0.0,-1,0.0,,
u_28962,0.0,-1,0.0,,
u_28963,0.043034914056465874,5584,0.0,0.787,0.0
u_28964,0.0,-1,0.0,,
u_28965,0.0,-1,0.0,,
u_28966,0.0,-1,0.0,,
u_28967,0.0,-1,0.0,,
u_28968,0.05838314179182409,2518,0.0,0.551,0.0
u_28969,0.043034914056465874,5585,0.0,0.787,0.0
u_28970,0.0,-1,0.0,,
u_28971,0.0,-1,0.0,,
u_28972,0.0,-1,0.0,,
u_28973,0.0,-1,0.0,,
u_28974,0.0,-1,0.0,,
u_28975,0.0,-1,0.0,,
u_28976,0.0,-1,0.0,,
u_28977,0.043034914056465874,3317,0.0,0.787,0.0
u_28978,0.0,-1,0.0,,
u_28979,0.0,-1,0.0,,
u_28980,0.0,-1,0.0,,
u_28981,0.08417078573478777,4007,0.0,0.787,0.0
u_28982,0.0005142324416337705,1770,0.0,0.005,0.0
u_28983,0.0026046032291366,1685,0.0,0.048,0.0
u_28984,0.0,-1,0.0,,
u_28985,0.0,-1,0.0,,
u_28986,0.04057199778420026,2473,0.0,0.787,0.0
u_28987,0.08417531978986129,3303,0.0,0.787,0.0
u_28988,0.0,-1,0.0,,
u_28989,0.0,-1,0.0,,
u_28990,0.0,-1,0.0,,
u_28991,0.0,-1,0.0,,
u_28992,0.039891042154055804,4320,0.0,0.787,0.0
u_28993,0.0,-1,0.0,,
u_28994,0.0,-1,0.0,,
u_28995,0.0013175067601300084,2874,0.0,0.025,0.0
u_28996,0.039747771725280205,4602,0.0,0.727,0.0
u_28997,0.0012710308389177187,2826,0.0,0.023,0.0
u_28998,0.04063081224460833,118,0.0,0.787,0.0
u_28999,0.0,-1,0.0,,
u_29000,0.0,-1,0.0,,
u_29001,0.0,-1,0.0,,
u_29002,0.039900310429071564,2935,0.0,0.787,0.0
u_29003,0.0,-1,0.0,,
u_29004,0.04053901857784465,1908,0.0,0.787,0.0
u_29005,0.040623350490576575,280,0.0,0.787,0.0
u_29006,0.0002179977855501733,1615,0.0,0.004,0.0
u_29007,0.0,-1,0.0,,
u_29008,0.014531039559913148,2488,0.0,0.092,0.0
u_29009,0.0,-1,0.0,,
u_29010,0.0,-1,0.0,,
u_29011,0.0,-1,0.0,,
u_29012,0.043034914056465874,4902,0.0,0.787,0.0
u_29013,0.0,-1,0.0,,
u_29014,0.04455374963702637,3135,0.0,0.787,0.0
u_29015,0.043034914056465874,5586,0.0,0.787,0.0
u_29016,0.0,-1,0.0,,
u_29017,0.0,-1,0.0,,
u_29018,0.043034914056465874,5258,0.0,0.787,0.0
u_29019,0.029906322774963787,4485,0.0,0.547,0.0
u_29020,0.0,-1,0.0,,
u_29021,0.00020579627825649703,790,0.0,0.004,0.0
u_29022,0.0,-1,0.0,,
u_29023,0.0,-1,0.0,,
u_29024,0.0,-1,0.0,,
u_29025,0.0,-1,0.0,,
u_29026,0.0,-1,0.0,,
u_29027,0.0,-1,0.0,,
u_29028,0.0,-1,0.0,,
u_29029,0.0,-1,0.0,,
u_29030,0.0,-1,0.0,,
u_29031,0.0,-1,0.0,,
u_29032,0.0,-1,0.0,,
u_29033,0.043034914056465874,5431,0.0,0.787,0.0
u_29034,0.0,-1,0.0,,
u_29035,0.0,-1,0.0,,
u_29036,0.03862308498973257,278,0.0,0.723,0.0
u_29037,0.0,-1,0.0,,
u_29038,0.043034914056465874,4165,0.0,0.787,0.0
u_29039,0.0,-1,0.0,,
u_29040,0.0,-1,0.0,,
u_29041,0.0,-1,0.0,,
u_29042,0.0,-1,0.0,,
u_29043,0.0,-1,0.0,,
u_29044,0.0,-1,0.0,,
u_29045,0.0,-1,0.0,,
u_29046,0.0,-1,0.0,,
u_29047,0.0,-1,0.0,,
u_29048,0.043034914056465874,3813,0.0,0.787,0.0
u_29049,0.0,-1,0.0,,
u_29050,0.019795775107490844,132,0.0,0.37,0.0
u_29051,0.0,-1,0.0,,
u_29052,0.0001429556490192702,1293,0.0,0.003,0.0
u_29053,0.0,-1,0.0,,
u_29054,0.0,-1,0.0,,
u_29055,0.0,-1,0.0,,
u_29056,0.0,-1,0.0,,
u_29057,0.0,-1,0.0,,
u_29058,0.0,-1,0.0,,
u_29059,0.000346833830945871,1977,0.0,0.006,0.0
u_29060,0.0005706625166871425,1555,0.0,0.005,0.0
u_29061,0.0,-1,0.0,,
u_29062,0.0,-1,0.0,,
u_29063,0.0,-1,0.0,,
u_29064,0.0,-1,0.0,,
u_29065,0.043034914056465874,4387,0.0,0.787,0.0
u_29066,0.0,-1,0.0,,
u_29067,0.0,-1,0.0,,
u_29068,0.04253136533961595,904,0.0,0.787,0.0
u_29069,0.04019730650349448,1380,0.0,0.787,0.0
u_29070,0.0,-1,0.0,,
u_29071,0.000323515434211806,1439,0.0,0.003,0.0
u_29072,0.0,-1,0.0,,
u_29073,0.0,-1,0.0,,
u_29074,0.039889407472748856,3998,0.0,0.787,0.0
u_29075,0.0,-1,0.0,,
u_29076,0.043034914056465874,2864,0.0,0.787,0.0
u_29077,0.08109692939282885,178,0.0,0.787,0.0
u_29078,0.043034914056465874,5165,0.0,0.787,0.0
u_29079,0.0,-1,0.0,,
u_29080,0.0,-1,0.0,,
u_29081,0.0,-1,0.0,,
u_29082,0.0,-1,0.0,,
u_29083,0.0,-1,0.0,,
u_29084,0.0,-1,0.0,,
u_29085,0.043034914056465874,6251,0.0,0.787,0.0
u_29086,0.0,-1,0.0,,
u_29087,0.0008385005136194442,2145,0.0,0.008,0.0
u_29088,0.0,-1,0.0,,
u_29089,0.043034914056465874,5587,0.0,0.787,0.0
u_29090,0.0,-1,0.0,,
u_29091,0.041564815783591384,1481,0.0,0.787,0.0
u_29092,0.0,-1,0.0,,
u_29093,0.0022299176422747955,3143,0.0,0.041,0.0
u_29094,0.002595426688214757,3233,0.0,0.047,0.0
u_29095,0.03989835024128593,3019,0.0,0.787,0.0
u_29096,0.0,-1,0.0,,
u_29097,0.0,-1,0.0,,
u_29098,0.043034914056465874,4613,0.0,0.787,0.0
u_29099,0.00379133740587852,3443,0.0,0.066,0.0
u_29100,0.0,-1,0.0,,
u_29101,0.0,-1,0.0,,
u_29102,0.0,-1,0.0,,
u_29103,0.0,-1,0.0,,
u_29104,0.0,-1,0.0,,
u_29105,0.0,-1,0.0,,
u_29106,0.0,-1,0.0,,
u_29107,0.04125781380150447,1117,0.0,0.787,0.0
u_29108,0.0048050198047467525,473,0.0,0.094,0.0
u_29109,0.0015109841577102532,2514,0.0,0.027,0.0
u_29110,0.0,-1,0.0,,
u_29111,0.0,-1,0.0,,
u_29112,0.0,-1,0.0,,
u_29113,0.0,-1,0.0,,
u_29114,0.04055423387126367,1777,0.0,0.787,0.0
u_29115,0.0,-1,0.0,,
u_29116,0.04330200402265897,3542,0.0,0.787,0.0
u_29117,0.0,-1,0.0,,
u_29118,0.0,-1,0.0,,
u_29119,0.0,-1,0.0,,
u_29120,0.0,-1,0.0,,
u_29121,0.007537706669245574,3831,0.0,0.138,0.0
u_29122,0.0,-1,0.0,,
u_29123,0.0,-1,0.0,,
u_29124,0.04108679817447048,2513,0.0,0.787,0.0
u_29125,0.043034914056465874,4941,0.0,0.787,0.0
u_29126,0.039888412843637325,3438,0.0,0.787,0.0
u_29127,0.0,-1,0.0,,
u_29128,0.0,-1,0.0,,
u_29129,0.0,-1,0.0,,
u_29130,0.0,-1,0.0,,
u_29131,0.0,-1,0.0,,
u_29132,0.0,-1,0.0,,
u_29133,0.0,-1,0.0,,
u_29134,0.0,-1,0.0,,
u_29135,0.0014317151752672667,2912,0.0,0.026,0.0
u_29136,0.0,-1,0.0,,
u_29137,0.043034914056465874,5588,0.0,0.787,0.0
u_29138,0.0,-1,0.0,,
u_29139,0.0,-1,0.0,,
u_29140,0.0,-1,0.0,,
u_29141,0.0,-1,0.0,,
u_29142,0.0,-1,0.0,,
u_29143,0.0,-1,0.0,,
u_29144,0.0,-1,0.0,,
u_29145,0.040989703509743014,173,0.0,0.787,0.0
u_29146,0.00022833760927522723,1157,0.0,0.002,0.0
u_29147,0.0,-1,0.0,,
u_29148,0.03989363835224772,86,0.0,0.787,0.0
u_29149,0.043034914056465874,362,0.0,0.787,0.0
u_29150,0.0,-1,0.0,,
u_29151,0.0,-1,0.0,,
u_29152,0.0,-1,0.0,,
u_29153,0.0,-1,0.0,,
u_29154,0.0,-1,0.0,,
u_29155,0.0016965754316861596,2073,0.0,0.031,0.0
u_29156,0.0014365106364045306,1164,0.0,0.013,0.0
u_29157,0.0,-1,0.0,,
u_29158,0.0,-1,0.0,,
u_29159,0.0,-1,0.0,,
u_29160,0.0022748072433961194,644,0.0,0.04,0.0
u_29161,0.0,-1,0.0,,
u_29162,0.012627724316426678,22,0.0,0.242,0.0
u_29163,0.0,-1,0.0,,
u_29164,0.00041776587487851524,2067,0.0,0.007,0.0
u_29165,0.0,-1,0.0,,
u_29166,0.0,-1,0.0,,
u_29167,0.0,-1,0.0,,
u_29168,0.04057159872660227,480,0.0,0.787,0.0
u_29169,0.0,-1,0.0,,
u_29170,0.0,-1,0.0,,
u_29171,0.0,-1,0.0,,
u_29172,0.043034914056465874,3570,0.0,0.787,0.0
u_29173,0.0,-1,0.0,,
u_29174,0.0,-1,0.0,,
u_29175,0.0004895511219611031,1531,0.0,0.01,0.0
u_29176,0.0,-1,0.0,,
u_29177,0.004109898096375655,118,0.0,0.039,0.0
u_29178,0.0,-1,0.0,,
u_29179,0.0,-1,0.0,,
u_29180,0.0,-1,0.0,,
u_29181,0.0,-1,0.0,,
u_29182,0.0,-1,0.0,,
u_29183,0.0,-1,0.0,,
u_29184,0.0,-1,0.0,,
u_29185,0.0,-1,0.0,,
u_29186,0.043034914056465874,2516,0.0,0.787,0.0
u_29187,0.04266531742489266,3030,0.0,0.787,0.0
u_29188,0.0,-1,0.0,,
u_29189,0.0,-1,0.0,,
u_29190,0.0,-1,0.0,,
u_29191,0.0,-1,0.0,,
u_29192,0.00679051491326253,161,0.0,0.13,0.0
u_29193,0.04776931497853161,4678,0.0,0.873,0.0
u_29194,0.0022911576289786663,360,0.0,0.044,0.0
u_29195,0.0,-1,0.0,,
u_29196,0.017669800677589987,669,0.0,0.327,0.0
u_29197,0.0,-1,0.0,,
u_29198,0.0,-1,0.0,,
u_29199,0.0,-1,0.0,,
u_29200,0.0,-1,0.0,,
u_29201,0.12431508891880748,557,0.0,0.787,0.0
u_29202,0.0,-1,0.0,,
u_29203,0.0,-1,0.0,,
u_29204,0.0,-1,0.0,,
u_29205,0.0,-1,0.0,,
u_29206,0.0,-1,0.0,,
u_29207,0.0,-1,0.0,,
u_29208,0.004190374824988561,22,0.0,0.041,0.0
u_29209,0.03989079915698491,2900,0.0,0.787,0.0
u_29210,0.0,-1,0.0,,
u_29211,0.043034914056465874,3592,0.0,0.787,0.0
u_29212,0.0,-1,0.0,,
u_29213,0.043034914056465874,2632,0.0,0.787,0.0
u_29214,0.03988822749211162,485,0.0,0.787,0.0
u_29215,0.043034914056465874,5589,0.0,0.787,0.0
u_29216,0.0,-1,0.0,,
u_29217,0.039892467283147375,1260,0.0,0.787,0.0
u_29218,0.0,-1,0.0,,
u_29219,0.0,-1,0.0,,
u_29220,0.0,-1,0.0,,
u_29221,0.0,-1,0.0,,
u_29222,0.0,-1,0.0,,
u_29223,0.040570994769415225,222,0.0,0.787,0.0
u_29224,0.001072221426056474,698,0.0,0.01,0.0
u_29225,0.0,-1,0.0,,
u_29226,0.0,-1,0.0,,
u_29227,0.0,-1,0.0,,
u_29228,0.042130407716432006,5599,0.0,0.787,0.0
u_29229,0.0,-1,0.0,,
u_29230,0.003085122041126408,3331,0.0,0.056,0.0
u_29231,0.0,-1,0.0,,
u_29232,0.0,-1,0.0,,
u_29233,0.0,-1,0.0,,
u_29234,0.0,-1,0.0,,
u_29235,0.0001736759458021529,907,0.0,0.002,0.0
u_29236,0.0,-1,0.0,,
u_29237,0.043034914056465874,2639,0.0,0.787,0.0
u_29238,0.0,-1,0.0,,
u_29239,0.0,-1,0.0,,
u_29240,0.043034914056465874,5590,0.0,0.787,0.0
u_29241,0.0,-1,0.0,,
u_29242,0.0,-1,0.0,,
u_29243,0.0,-1,0.0,,
u_29244,0.041013472890159455,847,0.0,0.787,0.0
u_29245,0.0,-1,0.0,,
u_29246,0.0,-1,0.0,,
u_29247,0.043034914056465874,6252,0.0,0.787,0.0
u_29248,0.0,-1,0.0,,
u_29249,0.0,-1,0.0,,
u_29250,0.04303894616316475,2496,0.0,0.787,0.0
u_29251,0.0,-1,0.0,,
u_29252,0.043034914056465874,2747,0.0,0.787,0.0
u_29253,0.0,-1,0.0,,
u_29254,0.0,-1,0.0,,
u_29255,0.0,-1,0.0,,
u_29256,0.0,-1,0.0,,
u_29257,0.0,-1,0.0,,
u_29258,0.0,-1,0.0,,
u_29259,0.0,-1,0.0,,
u_29260,0.043034914056465874,4939,0.0,0.787,0.0
u_29261,0.0,-1,0.0,,
u_29262,0.0,-1,0.0,,
u_29263,0.0,-1,0.0,,
u_29264,0.0,-1,0.0,,
u_29265,0.0,-1,0.0,,
u_29266,0.008634997796740968,3540,0.0,0.079,0.0
u_29267,0.04139894518077516,2734,0.0,0.787,0.0
u_29268,0.0,-1,0.0,,
u_29269,0.0,-1,0.0,,
u_29270,0.043034914056465874,5567,0.0,0.787,0.0
u_29271,0.0,-1,0.0,,
u_29272,0.031137956718537422,4505,0.0,0.569,0.0
u_29273,0.0,-1,0.0,,
u_29274,0.0,-1,0.0,,
u_29275,0.043034914056465874,3896,0.0,0.787,0.0
u_29276,0.0,-1,0.0,,
u_29277,0.0,-1,0.0,,
u_29278,0.0,-1,0.0,,
u_29279,0.0,-1,0.0,,
u_29280,0.0,-1,0.0,,
u_29281,0.0,-1,0.0,,
u_29282,0.08417531978986129,1147,0.0,0.787,0.0
u_29283,0.00025481477199827424,1265,0.0,0.002,0.0
u_29284,0.08417531978986129,2859,0.0,0.787,0.0
u_29285,0.0398893781928712,445,0.0,0.787,0.0
u_29286,0.04066264744729415,1877,0.0,0.787,0.0
u_29287,0.0,-1,0.0,,
u_29288,0.0,-1,0.0,,
u_29289,0.0,-1,0.0,,
u_29290,0.0,-1,0.0,,
u_29291,0.08370121256582783,3818,0.0,0.787,0.0
u_29292,0.0,-1,0.0,,
u_29293,0.0038651320308891743,163,0.0,0.037,0.0
u_29294,0.0,-1,0.0,,
u_29295,0.0,-1,0.0,,
u_29296,0.0,-1,0.0,,
u_29297,0.0,-1,0.0,,
u_29298,0.0,-1,0.0,,
u_29299,0.0,-1,0.0,,
u_29300,0.043034914056465874,6113,0.0,0.787,0.0
u_29301,0.0,-1,0.0,,
u_29302,0.043034914056465874,1714,0.0,0.787,0.0
u_29303,0.0,-1,0.0,,
u_29304,0.0,-1,0.0,,
u_29305,0.0,-1,0.0,,
u_29306,0.0,-1,0.0,,
u_29307,0.0,-1,0.0,,
u_29308,0.043034914056465874,1358,0.0,0.787,0.0
u_29309,0.003343240928939856,94,0.0,0.061,0.0
u_29310,0.0,-1,0.0,,
u_29311,0.04151191059234705,74,0.0,0.787,0.0
u_29312,0.0,-1,0.0,,
u_29313,0.0,-1,0.0,,
u_29314,0.043034914056465874,3877,0.0,0.787,0.0
u_29315,0.0,-1,0.0,,
u_29316,0.0,-1,0.0,,
u_29317,0.0,-1,0.0,,
u_29318,0.0,-1,0.0,,
u_29319,0.0,-1,0.0,,
u_29320,0.0,-1,0.0,,
u_29321,0.0,-1,0.0,,
u_29322,0.002022468554657426,2161,0.0,0.037,0.0
u_29323,0.0,-1,0.0,,
u_29324,0.0,-1,0.0,,
u_29325,0.0,-1,0.0,,
u_29326,0.0,-1,0.0,,
u_29327,0.0,-1,0.0,,
u_29328,0.043034914056465874,6253,0.0,0.787,0.0
u_29329,0.0,-1,0.0,,
u_29330,0.0194846380983477,1275,0.0,0.365,0.0
u_29331,0.0,-1,0.0,,
u_29332,0.0,-1,0.0,,
u_29333,0.0,-1,0.0,,
u_29334,0.05393423055273179,4737,0.0,0.986,0.0
u_29335,0.0011442211892022768,714,0.0,0.011,0.0
u_29336,0.08417531978986129,5591,0.0,0.787,0.0
u_29337,0.039888226751135895,1272,0.0,0.787,0.0
u_29338,0.0,-1,0.0,,
u_29339,0.0,-1,0.0,,
u_29340,0.043034914056465874,6018,0.0,0.787,0.0
u_29341,0.0,-1,0.0,,
u_29342,0.0021565954504137266,3147,0.0,0.041,0.0
u_29343,0.0,-1,0.0,,
u_29344,0.0,-1,0.0,,
u_29345,0.01419556391045657,3818,0.0,0.259,0.0
u_29346,0.0,-1,0.0,,
u_29347,0.0,-1,0.0,,
u_29348,0.0,-1,0.0,,
u_29349,0.0,-1,0.0,,
u_29350,0.043034914056465874,5199,0.0,0.787,0.0
u_29351,0.0,-1,0.0,,
u_29352,0.0,-1,0.0,,
u_29353,0.0,-1,0.0,,
u_29354,0.0,-1,0.0,,
u_29355,0.0,-1,0.0,,
u_29356,0.044489348316691296,3189,0.0,0.787,0.0
u_29357,0.0,-1,0.0,,
u_29358,0.0,-1,0.0,,
u_29359,0.0,-1,0.0,,
u_29360,0.0,-1,0.0,,
u_29361,0.0002589720723287988,952,0.0,0.005,0.0
u_29362,0.0,-1,0.0,,
u_29363,0.0,-1,0.0,,
u_29364,0.043034914056465874,6209,0.0,0.787,0.0
u_29365,0.006831670833207119,61,0.0,0.13,0.0
u_29366,0.0,-1,0.0,,
u_29367,0.0,-1,0.0,,
u_29368,0.01894978572078665,4255,0.0,0.346,0.0
u_29369,0.0,-1,0.0,,
u_29370,0.0,-1,0.0,,
u_29371,0.0,-1,0.0,,
u_29372,0.0,-1,0.0,,
u_29373,0.043034914056465874,6254,0.0,0.787,0.0
u_29374,0.0029236732040326566,3306,0.0,0.053,0.0
u_29375,0.0,-1,0.0,,
u_29376,0.0,-1,0.0,,
u_29377,0.0,-1,0.0,,
u_29378,0.0,-1,0.0,,
u_29379,0.0,-1,0.0,,
u_29380,0.0,-1,0.0,,
u_29381,0.08365390567597762,1055,0.0,0.787,0.0
u_29382,0.00042871398962338123,2120,0.0,0.008,0.0
u_29383,0.0,-1,0.0,,
u_29384,0.04326809062555572,968,0.0,0.787,0.0
u_29385,0.042130407716432006,5023,0.0,0.787,0.0
u_29386,0.0,-1,0.0,,
u_29387,0.042130407716432006,4799,0.0,0.787,0.0
u_29388,0.0,-1,0.0,,
u_29389,0.0,-1,0.0,,
u_29390,0.0,-1,0.0,,
u_29391,0.0002668495192284868,217,0.0,0.002,0.0
u_29392,0.0,-1,0.0,,
u_29393,0.009636700069402426,1005,0.0,0.089,0.0
u_29394,0.02405856613134486,4366,0.0,0.44,0.0
u_29395,0.0,-1,0.0,,
u_29396,0.0,-1,0.0,,
u_29397,0.0,-1,0.0,,
u_29398,0.03988716055777923,2586,0.0,0.787,0.0
u_29399,0.00943622413611891,1381,0.0,0.086,0.0
u_29400,0.0,-1,0.0,,
u_29401,0.0,-1,0.0,,
u_29402,0.0,-1,0.0,,
u_29403,0.0,-1,0.0,,
u_29404,0.04112549256120767,87,0.0,0.787,0.0
u_29405,0.0,-1,0.0,,
u_29406,0.0,-1,0.0,,
u_29407,0.0,-1,0.0,,
u_29408,0.007356220956049655,3466,0.0,0.069,0.0
u_29409,0.039888218318502686,1574,0.0,0.787,0.0
u_29410,0.0,-1,0.0,,
u_29411,0.0,-1,0.0,,
u_29412,0.0,-1,0.0,,
u_29413,0.0,-1,0.0,,
u_29414,0.043034914056465874,5592,0.0,0.787,0.0
u_29415,0.027461893379494885,4440,0.0,0.502,0.0
u_29416,0.00949083518183606,89,0.0,0.093,0.0
u_29417,0.0,-1,0.0,,
u_29418,0.0,-1,0.0,,
u_29419,9.94919144903774e-05,112,0.0,0.001,0.0
u_29420,0.0,-1,0.0,,
u_29421,0.0,-1,0.0,,
u_29422,0.00020013829581464764,634,0.0,0.001,0.0
u_29423,0.041778944039629014,582,0.0,0.787,0.0
u_29424,0.0,-1,0.0,,
u_29425,0.0,-1,0.0,,
u_29426,0.03988934643545956,1392,0.0,0.787,0.0
u_29427,0.0,-1,0.0,,
u_29428,0.02031124403971949,966,0.0,0.397,0.0
u_29429,0.0,-1,0.0,,
u_29430,0.03989455677339428,3415,0.0,0.787,0.0
u_29431,0.03988896996251191,2597,0.0,0.787,0.0
u_29432,0.0,-1,0.0,,
u_29433,0.006499222495853041,1137,0.0,0.062,0.0
u_29434,0.0,-1,0.0,,
u_29435,0.0,-1,0.0,,
u_29436,0.0,-1,0.0,,
u_29437,0.040930280552726,4600,0.0,0.726,0.0
u_29438,0.0,-1,0.0,,
u_29439,0.043034914056465874,5593,0.0,0.787,0.0
u_29440,0.039890134046417634,4001,0.0,0.787,0.0
u_29441,0.0,-1,0.0,,
u_29442,0.0,-1,0.0,,
u_29443,0.0,-1,0.0,,
u_29444,0.0,-1,0.0,,
u_29445,0.03988892699373873,212,0.0,0.787,0.0
u_29446,0.0,-1,0.0,,
u_29447,0.0,-1,0.0,,
u_29448,0.027488751848806923,4442,0.0,0.502,0.0
u_29449,0.0,-1,0.0,,
u_29450,0.0,-1,0.0,,
u_29451,0.0,-1,0.0,,
u_29452,0.006662254831835643,3767,0.0,0.122,0.0
u_29453,0.0,-1,0.0,,
u_29454,0.043034914056465874,6148,0.0,0.787,0.0
u_29455,6.884086548839167e-05,598,0.0,0.001,0.0
u_29456,0.0,-1,0.0,,
u_29457,0.0,-1,0.0,,
u_29458,0.043034914056465874,5584,0.0,0.787,0.0
u_29459,0.0,-1,0.0,,
u_29460,0.043034914056465874,4982,0.0,0.787,0.0
u_29461,0.0,-1,0.0,,
u_29462,0.04120074094767524,2230,0.0,0.379,0.0
u_29463,0.00607396755765138,3707,0.0,0.111,0.0
u_29464,0.0,-1,0.0,,
u_29465,0.0,-1,0.0,,
u_29466,0.0,-1,0.0,,
u_29467,0.0,-1,0.0,,
u_29468,0.04193035462892896,4918,0.0,0.787,0.0
u_29469,6.508312688989127e-05,288,0.0,0.001,0.0
u_29470,0.08236685945667473,2092,0.0,0.787,0.0
u_29471,0.0,-1,0.0,,
u_29472,0.030844343565652913,4500,0.0,0.564,0.0
u_29473,0.041529418064684166,227,0.0,0.787,0.0
u_29474,0.0,-1,0.0,,
u_29475,0.04193987637147946,1314,0.0,0.787,0.0
u_29476,0.0,-1,0.0,,
u_29477,0.0,-1,0.0,,
u_29478,0.0,-1,0.0,,
u_29479,0.043034914056465874,5594,0.0,0.787,0.0
u_29480,0.0,-1,0.0,,
u_29481,0.043034914056465874,5595,0.0,0.787,0.0
u_29482,0.0,-1,0.0,,
u_29483,0.001051741113447294,373,0.0,0.019,0.0
u_29484,0.0,-1,0.0,,
u_29485,0.0,-1,0.0,,
u_29486,0.014078754970862802,4125,0.0,0.257,0.0
u_29487,0.0,-1,0.0,,
u_29488,0.0,-1,0.0,,
u_29489,0.0,-1,0.0,,
u_29490,0.0,-1,0.0,,
u_29491,0.0,-1,0.0,,
u_29492,0.0,-1,0.0,,
u_29493,0.043034914056465874,6255,0.0,0.787,0.0
u_29494,0.0,-1,0.0,,
u_29495,0.0022510917551396884,3150,0.0,0.041,0.0
u_29496,0.043034914056465874,4758,0.0,0.787,0.0
u_29497,0.002786347578019814,2779,0.0,0.026,0.0
u_29498,0.0018952688337238524,1725,0.0,0.037,0.0
u_29499,0.0,-1,0.0,,
u_29500,0.039888606042660396,373,0.0,0.787,0.0
u_29501,0.0,-1,0.0,,
u_29502,0.0,-1,0.0,,
u_29503,0.0,-1,0.0,,
u_29504,0.04021204276180149,373,0.0,0.787,0.0
u_29505,0.0,-1,0.0,,
u_29506,0.0,-1,0.0,,
u_29507,0.0,-1,0.0,,
u_29508,0.043034914056465874,5596,0.0,0.787,0.0
u_29509,0.0,-1,0.0,,
u_29510,0.043034914056465874,3863,0.0,0.787,0.0
u_29511,0.002308646009446761,854,0.0,0.022,0.0
u_29512,0.0,-1,0.0,,
u_29513,0.0011636279838074053,1758,0.0,0.021,0.0
u_29514,0.0,-1,0.0,,
u_29515,0.0,-1,0.0,,
u_29516,0.043034914056465874,6213,0.0,0.787,0.0
u_29517,0.043034914056465874,39,0.0,0.787,0.0
u_29518,0.013793780030649681,4119,0.0,0.252,0.0
u_29519,0.0,-1,0.0,,
u_29520,0.0,-1,0.0,,
u_29521,0.043034914056465874,1438,0.0,0.787,0.0
u_29522,0.0,-1,0.0,,
u_29523,0.03988807566212718,461,0.0,0.787,0.0
u_29524,0.0,-1,0.0,,
u_29525,0.0,-1,0.0,,
u_29526,0.043034914056465874,4724,0.0,0.787,0.0
u_29527,0.0,-1,0.0,,
u_29528,0.0,-1,0.0,,
u_29529,0.0,-1,0.0,,
u_29530,0.043034914056465874,5597,0.0,0.787,0.0
u_29531,0.0,-1,0.0,,
u_29532,0.0,-1,0.0,,
u_29533,0.0,-1,0.0,,
u_29534,0.0,-1,0.0,,
u_29535,0.0,-1,0.0,,
u_29536,0.02134964450844812,4306,0.0,0.378,0.0
u_29537,0.0,-1,0.0,,
u_29538,0.0,-1,0.0,,
u_29539,0.0002859969266848923,1826,0.0,0.005,0.0
u_29540,0.0,-1,0.0,,
u_29541,0.0,-1,0.0,,
u_29542,0.0,-1,0.0,,
u_29543,0.0,-1,0.0,,
u_29544,0.043034914056465874,3510,0.0,0.787,0.0
u_29545,0.0,-1,0.0,,
u_29546,0.0,-1,0.0,,
u_29547,0.0,-1,0.0,,
u_29548,0.0,-1,0.0,,
u_29549,0.0,-1,0.0,,
u_29550,0.0,-1,0.0,,
u_29551,0.0,-1,0.0,,
u_29552,0.00014192568236190563,739,0.0,0.001,0.0
u_29553,0.0,-1,0.0,,
u_29554,0.0,-1,0.0,,
u_29555,0.0,-1,0.0,,
u_29556,0.0,-1,0.0,,
u_29557,0.0,-1,0.0,,
u_29558,0.0,-1,0.0,,
u_29559,0.043034914056465874,5598,0.0,0.787,0.0
u_29560,0.0,-1,0.0,,
u_29561,0.0,-1,0.0,,
u_29562,0.0,-1,0.0,,
u_29563,0.0,-1,0.0,,
u_29564,0.0,-1,0.0,,
u_29565,0.013883647146119647,258,0.0,0.27,0.0
u_29566,0.0,-1,0.0,,
u_29567,0.0,-1,0.0,,
u_29568,0.0,-1,0.0,,
u_29569,0.043034914056465874,3801,0.0,0.787,0.0
u_29570,0.0,-1,0.0,,
u_29571,0.03988915064953798,3629,0.0,0.787,0.0
u_29572,0.0,-1,0.0,,
u_29573,0.0,-1,0.0,,
u_29574,0.0,-1,0.0,,
u_29575,0.04112804128799406,1126,0.0,0.787,0.0
u_29576,0.0,-1,0.0,,
u_29577,0.0,-1,0.0,,
u_29578,0.0,-1,0.0,,
u_29579,0.0,-1,0.0,,
u_29580,0.0,-1,0.0,,
u_29581,0.0,-1,0.0,,
u_29582,0.0,-1,0.0,,
u_29583,0.043034914056465874,3424,0.0,0.787,0.0
u_29584,0.0,-1,0.0,,
u_29585,0.0,-1,0.0,,
u_29586,0.0,-1,0.0,,
u_29587,0.0,-1,0.0,,
u_29588,0.043034914056465874,314,0.0,0.787,0.0
u_29589,0.043034914056465874,8,0.0,0.787,0.0
u_29590,0.0,-1,0.0,,
u_29591,0.016889486963092417,4202,0.0,0.309,0.0
u_29592,0.043034914056465874,6254,0.0,0.787,0.0
u_29593,0.0,-1,0.0,,
u_29594,0.02817953440043279,1122,0.0,0.524,0.0
u_29595,0.015558029192786156,1271,0.0,0.147,0.0
u_29596,0.04057173688987676,222,0.0,0.787,0.0
u_29597,0.0,-1,0.0,,
u_29598,0.0,-1,0.0,,
u_29599,0.0,-1,0.0,,
u_29600,0.026973618353356415,4430,0.0,0.494,0.0
u_29601,0.0,-1,0.0,,
u_29602,0.0,-1,0.0,,
u_29603,0.03227897535908775,4520,0.0,0.59,0.0
u_29604,0.0,-1,0.0,,
u_29605,0.0,-1,0.0,,
u_29606,0.043034914056465874,5052,0.0,0.787,0.0
u_29607,0.0,-1,0.0,,
u_29608,0.026515188777054013,829,0.0,0.476,0.0
u_29609,0.0,-1,0.0,,
u_29610,0.0,-1,0.0,,
u_29611,0.010325523724480421,168,0.0,0.202,0.0
u_29612,0.0,-1,0.0,,
u_29613,0.08002019438722847,370,0.0,0.787,0.0
u_29614,0.0,-1,0.0,,
u_29615,0.00010073198091095379,990,0.0,0.002,0.0
u_29616,0.0,-1,0.0,,
u_29617,0.0,-1,0.0,,
u_29618,0.0,-1,0.0,,
u_29619,0.0,-1,0.0,,
u_29620,0.0,-1,0.0,,
u_29621,0.0,-1,0.0,,
u_29622,0.0,-1,0.0,,
u_29623,0.0,-1,0.0,,
u_29624,0.0,-1,0.0,,
u_29625,0.0,-1,0.0,,
u_29626,0.001240447411775681,2813,0.0,0.023,0.0
u_29627,0.04217694221999999,2025,0.0,0.787,0.0
u_29628,0.0,-1,0.0,,
u_29629,0.007768412137223029,161,0.0,0.149,0.0
u_29630,0.0,-1,0.0,,
u_29631,0.0004743234192879438,1425,0.0,0.003,0.0
u_29632,0.08660544918225153,168,0.0,0.787,0.0
u_29633,0.043034914056465874,3914,0.0,0.787,0.0
u_29634,0.0,-1,0.0,,
u_29635,0.043034914056465874,4188,0.0,0.787,0.0
u_29636,0.043034914056465874,1665,0.0,0.787,0.0
u_29637,0.0,-1,0.0,,
u_29638,0.0,-1,0.0,,
u_29639,0.043034914056465874,6042,0.0,0.787,0.0
u_29640,0.0,-1,0.0,,
u_29641,0.0,-1,0.0,,
u_29642,0.0,-1,0.0,,
u_29643,0.0,-1,0.0,,
u_29644,0.044340396268623454,1144,0.0,0.787,0.0
u_29645,0.008459307245654052,1154,0.0,0.083,0.0
u_29646,0.0005254774801839805,2249,0.0,0.009,0.0
u_29647,0.04003021392618224,3339,0.0,0.787,0.0
u_29648,0.042130407716432006,5599,0.0,0.787,0.0
u_29649,0.0,-1,0.0,,
u_29650,0.0,-1,0.0,,
u_29651,0.0,-1,0.0,,
u_29652,0.0,-1,0.0,,
u_29653,0.0,-1,0.0,,
u_29654,0.04133219923960227,223,0.0,0.787,0.0
u_29655,0.0,-1,0.0,,
u_29656,0.043034914056465874,5600,0.0,0.787,0.0
u_29657,0.0,-1,0.0,,
u_29658,0.0,-1,0.0,,
u_29659,0.0,-1,0.0,,
u_29660,0.0,-1,0.0,,
u_29661,0.017256357001670348,2791,0.0,0.328,0.0
u_29662,0.0,-1,0.0,,
u_29663,0.0,-1,0.0,,
u_29664,0.03988833786000725,366,0.0,0.787,0.0
u_29665,0.0,-1,0.0,,
u_29666,0.043034914056465874,5369,0.0,0.787,0.0
u_29667,0.0,-1,0.0,,
u_29668,0.0,-1,0.0,,
u_29669,0.04383719521861543,488,0.0,0.787,0.0
u_29670,0.0818742497354276,915,0.0,0.787,0.0
u_29671,0.0,-1,0.0,,
u_29672,0.0,-1,0.0,,
u_29673,0.0,-1,0.0,,
u_29674,0.043034914056465874,5601,0.0,0.787,0.0
u_29675,0.0,-1,0.0,,
u_29676,0.0,-1,0.0,,
u_29677,0.0,-1,0.0,,
u_29678,0.0,-1,0.0,,
u_29679,0.0,-1,0.0,,
u_29680,0.04543471393103219,1687,0.0,0.787,0.0
u_29681,0.1189160369380216,1945,0.0,0.787,0.0
u_29682,0.0398953605476493,646,0.0,0.787,0.0
u_29683,0.042548217365362156,1168,0.0,0.787,0.0
u_29684,0.0,-1,0.0,,
u_29685,0.0,-1,0.0,,
u_29686,0.0,-1,0.0,,
u_29687,0.0,-1,0.0,,
u_29688,0.0,-1,0.0,,
u_29689,0.043034914056465874,5461,0.0,0.787,0.0
u_29690,0.0,-1,0.0,,
u_29691,0.0,-1,0.0,,
u_29692,0.0,-1,0.0,,
u_29693,0.04060027978730473,321,0.0,0.787,0.0
u_29694,0.0,-1,0.0,,
u_29695,0.0,-1,0.0,,
u_29696,0.0,-1,0.0,,
u_29697,0.0,-1,0.0,,
u_29698,0.0,-1,0.0,,
u_29699,0.043034914056465874,5602,0.0,0.787,0.0
u_29700,0.0,-1,0.0,,
u_29701,0.0,-1,0.0,,
u_29702,0.0,-1,0.0,,
u_29703,0.0,-1,0.0,,
u_29704,0.04419114842737774,2790,0.0,0.787,0.0
u_29705,0.0,-1,0.0,,
u_29706,0.0,-1,0.0,,
u_29707,0.043034914056465874,4770,0.0,0.787,0.0
u_29708,0.0,-1,0.0,,
u_29709,0.0,-1,0.0,,
u_29710,0.0,-1,0.0,,
u_29711,0.043034914056465874,5603,0.0,0.787,0.0
u_29712,0.0,-1,0.0,,
u_29713,0.0,-1,0.0,,
u_29714,0.001143134822523998,2757,0.0,0.021,0.0
u_29715,0.0,-1,0.0,,
u_29716,0.0,-1,0.0,,
u_29717,0.08221023302038072,1729,0.0,0.787,0.0
u_29718,0.0,-1,0.0,,
u_29719,0.040343644774547126,1646,0.0,0.787,0.0
u_29720,0.0,-1,0.0,,
u_29721,0.0,-1,0.0,,
u_29722,0.0,-1,0.0,,
u_29723,0.0028978726974821494,2496,0.0,0.014,0.0
u_29724,0.0,-1,0.0,,
u_29725,0.0,-1,0.0,,
u_29726,0.008328539906531594,3530,0.0,0.078,0.0
u_29727,0.0,-1,0.0,,
u_29728,0.0,-1,0.0,,
u_29729,0.044681679932985545,1818,0.0,0.787,0.0
u_29730,0.0,-1,0.0,,
u_29731,0.043034914056465874,5480,0.0,0.787,0.0
u_29732,0.043034914056465874,1591,0.0,0.787,0.0
u_29733,0.043034914056465874,4335,0.0,0.787,0.0
u_29734,0.0,-1,0.0,,
u_29735,0.0,-1,0.0,,
u_29736,0.0,-1,0.0,,
u_29737,0.0,-1,0.0,,
u_29738,0.0,-1,0.0,,
u_29739,0.0003763564884603173,2041,0.0,0.007,0.0
u_29740,0.0,-1,0.0,,
u_29741,0.0,-1,0.0,,
u_29742,0.043034914056465874,2208,0.0,0.787,0.0
u_29743,0.08417531978986129,3019,0.0,0.787,0.0
u_29744,0.0,-1,0.0,,
u_29745,0.0,-1,0.0,,
u_29746,0.0,-1,0.0,,
u_29747,0.0,-1,0.0,,
u_29748,0.12345176410188853,254,0.0,0.787,0.0
u_29749,0.0,-1,0.0,,
u_29750,0.0,-1,0.0,,
u_29751,0.042337105062181274,2015,0.0,0.397,0.0
u_29752,0.04029728057892244,1582,0.0,0.787,0.0
u_29753,0.03988850206246745,3856,0.0,0.787,0.0
u_29754,0.04399341879635931,2440,0.0,0.787,0.0
u_29755,0.0,-1,0.0,,
u_29756,0.043034914056465874,2426,0.0,0.787,0.0
u_29757,0.043034914056465874,4282,0.0,0.787,0.0
u_29758,0.007065779955596632,7,0.0,0.068,0.0
u_29759,0.0,-1,0.0,,
u_29760,0.0,-1,0.0,,
u_29761,0.043034914056465874,5604,0.0,0.787,0.0
u_29762,0.0,-1,0.0,,
u_29763,0.0,-1,0.0,,
u_29764,0.0,-1,0.0,,
u_29765,0.043034914056465874,5921,0.0,0.787,0.0
u_29766,0.0,-1,0.0,,
u_29767,0.0,-1,0.0,,
u_29768,0.0,-1,0.0,,
u_29769,0.0,-1,0.0,,
u_29770,0.0,-1,0.0,,
u_29771,0.0,-1,0.0,,
u_29772,0.040779491097152946,74,0.0,0.787,0.0
u_29773,0.07995889818806659,2566,0.0,0.787,0.0
u_29774,0.0,-1,0.0,,
u_29775,0.0,-1,0.0,,
u_29776,0.0,-1,0.0,,
u_29777,0.043034914056465874,4372,0.0,0.787,0.0
u_29778,0.0,-1,0.0,,
u_29779,0.0,-1,0.0,,
u_29780,0.0,-1,0.0,,
u_29781,0.0,-1,0.0,,
u_29782,0.04134097318522556,1500,0.0,0.787,0.0
u_29783,0.0,-1,0.0,,
u_29784,0.0,-1,0.0,,
u_29785,0.0,-1,0.0,,
u_29786,0.043034914056465874,3341,0.0,0.787,0.0
u_29787,0.07685022718103954,4564,0.0,0.752,0.0
u_29788,0.0,-1,0.0,,
u_29789,0.0,-1,0.0,,
u_29790,0.0,-1,0.0,,
u_29791,0.0,-1,0.0,,
u_29792,0.0,-1,0.0,,
u_29793,0.0,-1,0.0,,
u_29794,0.0,-1,0.0,,
u_29795,0.03989621227544189,1906,0.0,0.787,0.0
u_29796,0.043034914056465874,5319,0.0,0.787,0.0
u_29797,0.0,-1,0.0,,
u_29798,0.0017724301215722319,3028,0.0,0.032,0.0
u_29799,0.0,-1,0.0,,
u_29800,0.0,-1,0.0,,
u_29801,0.043034914056465874,4161,0.0,0.787,0.0
u_29802,0.0,-1,0.0,,
u_29803,0.0,-1,0.0,,
u_29804,0.0,-1,0.0,,
u_29805,0.0,-1,0.0,,
u_29806,0.0,-1,0.0,,
u_29807,0.0,-1,0.0,,
u_29808,0.0,-1,0.0,,
u_29809,0.043034914056465874,5605,0.0,0.787,0.0
u_29810,0.0,-1,0.0,,
u_29811,0.0,-1,0.0,,
u_29812,0.0025844013733101957,638,0.0,0.049,0.0
u_29813,0.0,-1,0.0,,
u_29814,0.0,-1,0.0,,
u_29815,0.0,-1,0.0,,
u_29816,0.0,-1,0.0,,
u_29817,0.043034914056465874,6256,0.0,0.787,0.0
u_29818,0.043034914056465874,5606,0.0,0.787,0.0
u_29819,0.0,-1,0.0,,
u_29820,0.0,-1,0.0,,
u_29821,0.043034914056465874,667,0.0,0.787,0.0
u_29822,0.043034914056465874,4095,0.0,0.787,0.0
u_29823,0.0,-1,0.0,,
u_29824,0.0,-1,0.0,,
u_29825,0.0,-1,0.0,,
u_29826,0.0,-1,0.0,,
u_29827,0.0,-1,0.0,,
u_29828,0.0,-1,0.0,,
u_29829,0.00021803199261312634,1639,0.0,0.004,0.0
u_29830,0.043982887808455134,2210,0.0,0.787,0.0
u_29831,0.0,-1,0.0,,
u_29832,0.0,-1,0.0,,
u_29833,0.0,-1,0.0,,
u_29834,0.04200566793810919,3013,0.0,0.787,0.0
u_29835,0.0,-1,0.0,,
u_29836,0.0,-1,0.0,,
u_29837,0.0001807222225937247,1522,0.0,0.003,0.0
u_29838,0.0,-1,0.0,,
u_29839,0.043034914056465874,6244,0.0,0.787,0.0
u_29840,0.0,-1,0.0,,
u_29841,0.0,-1,0.0,,
u_29842,0.040241455877016316,498,0.0,0.787,0.0
u_29843,0.0,-1,0.0,,
u_29844,0.0,-1,0.0,,
u_29845,0.08236630710979355,4914,0.0,0.787,0.0
u_29846,0.0,-1,0.0,,
u_29847,0.0,-1,0.0,,
u_29848,0.0,-1,0.0,,
u_29849,0.043034914056465874,5607,0.0,0.787,0.0
u_29850,0.0,-1,0.0,,
u_29851,0.043034914056465874,5171,0.0,0.787,0.0
u_29852,0.0,-1,0.0,,
u_29853,0.0,-1,0.0,,
u_29854,0.0,-1,0.0,,
u_29855,0.08417531978986129,4873,0.0,0.787,0.0
u_29856,0.00012165161708818114,1217,0.0,0.002,0.0
u_29857,0.0037030303543565866,3119,0.0,0.068,0.0
u_29858,0.0,-1,0.0,,
u_29859,0.0,-1,0.0,,
u_29860,0.0,-1,0.0,,
u_29861,0.043034914056465874,1783,0.0,0.787,0.0
u_29862,0.0026919186638406055,2124,0.0,0.049,0.0
u_29863,0.0,-1,0.0,,
u_29864,0.0,-1,0.0,,
u_29865,0.04512093108055371,4587,0.0,0.787,0.0
u_29866,0.0,-1,0.0,,
u_29867,0.0,-1,0.0,,
u_29868,0.0,-1,0.0,,
u_29869,0.0,-1,0.0,,
u_29870,0.0,-1,0.0,,
u_29871,0.0,-1,0.0,,
u_29872,0.043034914056465874,3529,0.0,0.787,0.0
u_29873,0.0,-1,0.0,,
u_29874,0.04344905643280538,911,0.0,0.787,0.0
u_29875,0.0,-1,0.0,,
u_29876,0.043034914056465874,3459,0.0,0.787,0.0
u_29877,0.0,-1,0.0,,
u_29878,0.0,-1,0.0,,
u_29879,0.0,-1,0.0,,
u_29880,0.0,-1,0.0,,
u_29881,0.0,-1,0.0,,
u_29882,0.0,-1,0.0,,
u_29883,0.0,-1,0.0,,
u_29884,0.0,-1,0.0,,
u_29885,0.0,-1,0.0,,
u_29886,0.0,-1,0.0,,
u_29887,0.0,-1,0.0,,
u_29888,0.0,-1,0.0,,
u_29889,0.0,-1,0.0,,
u_29890,0.0,-1,0.0,,
u_29891,0.0,-1,0.0,,
u_29892,0.027289799671800553,2438,0.0,0.5,0.0
u_29893,0.04174246962564458,650,0.0,0.787,0.0
u_29894,0.0,-1,0.0,,
u_29895,0.044373357325566104,1779,0.0,0.787,0.0
u_29896,0.0,-1,0.0,,
u_29897,0.02894427005505555,4463,0.0,0.529,0.0
u_29898,0.0,-1,0.0,,
u_29899,0.0,-1,0.0,,
u_29900,0.0,-1,0.0,,
u_29901,0.0,-1,0.0,,
u_29902,0.0,-1,0.0,,
u_29903,0.0,-1,0.0,,
u_29904,0.0,-1,0.0,,
u_29905,0.0,-1,0.0,,
u_29906,0.0,-1,0.0,,
u_29907,0.043034914056465874,2346,0.0,0.787,0.0
u_29908,0.043034914056465874,5178,0.0,0.787,0.0
u_29909,0.0,-1,0.0,,
u_29910,0.0,-1,0.0,,
u_29911,0.0,-1,0.0,,
u_29912,0.0,-1,0.0,,
u_29913,0.0,-1,0.0,,
u_29914,0.0,-1,0.0,,
u_29915,0.0,-1,0.0,,
u_29916,0.0,-1,0.0,,
u_29917,0.0,-1,0.0,,
u_29918,0.0,-1,0.0,,
u_29919,0.043034914056465874,4706,0.0,0.787,0.0
u_29920,0.0,-1,0.0,,
u_29921,0.0,-1,0.0,,
u_29922,0.0,-1,0.0,,
u_29923,0.0,-1,0.0,,
u_29924,0.0,-1,0.0,,
u_29925,0.002041709482485356,237,0.0,0.037,0.0
u_29926,0.0,-1,0.0,,
u_29927,0.0,-1,0.0,,
u_29928,0.0003360342825477338,1459,0.0,0.003,0.0
u_29929,0.0,-1,0.0,,
u_29930,4.56240812649636e-05,150,0.0,0.001,0.0
u_29931,0.0,-1,0.0,,
u_29932,0.0,-1,0.0,,
u_29933,0.043034914056465874,114,0.0,0.787,0.0
u_29934,0.0,-1,0.0,,
u_29935,0.0,-1,0.0,,
u_29936,0.043034914056465874,5608,0.0,0.787,0.0
u_29937,0.0,-1,0.0,,
u_29938,0.042992551883454834,1057,0.0,0.787,0.0
u_29939,0.0,-1,0.0,,
u_29940,0.0,-1,0.0,,
u_29941,0.0,-1,0.0,,
u_29942,0.0,-1,0.0,,
u_29943,0.03988741809711032,2848,0.0,0.787,0.0
u_29944,0.0,-1,0.0,,
u_29945,0.0,-1,0.0,,
u_29946,0.0,-1,0.0,,
u_29947,0.0,-1,0.0,,
u_29948,0.00021517813676120436,1627,0.0,0.004,0.0
u_29949,0.0,-1,0.0,,
u_29950,0.00016385761312718252,104,0.0,0.003,0.0
u_29951,0.00922040979305551,2871,0.0,0.181,0.0
u_29952,0.0,-1,0.0,,
u_29953,0.0,-1,0.0,,
u_29954,0.03989435395540724,3431,0.0,0.787,0.0
u_29955,0.01100888405438221,3643,0.0,0.103,0.0
u_29956,0.0,-1,0.0,,
u_29957,0.0,-1,0.0,,
u_29958,0.0,-1,0.0,,
u_29959,0.0,-1,0.0,,
u_29960,0.0,-1,0.0,,
u_29961,0.043034914056465874,4074,0.0,0.787,0.0
u_29962,0.0,-1,0.0,,
u_29963,0.012718400140105513,4091,0.0,0.232,0.0
u_29964,0.0,-1,0.0,,
u_29965,0.0,-1,0.0,,
u_29966,0.0,-1,0.0,,
u_29967,0.0,-1,0.0,,
u_29968,0.0,-1,0.0,,
u_29969,0.0,-1,0.0,,
u_29970,0.0,-1,0.0,,
u_29971,0.0,-1,0.0,,
u_29972,0.0,-1,0.0,,
u_29973,0.0,-1,0.0,,
u_29974,0.0,-1,0.0,,
u_29975,0.0001970114571582506,1558,0.0,0.004,0.0
u_29976,0.0,-1,0.0,,
u_29977,0.0,-1,0.0,,
u_29978,0.0,-1,0.0,,
u_29979,0.0,-1,0.0,,
u_29980,0.0,-1,0.0,,
u_29981,0.043034914056465874,6147,0.0,0.787,0.0
u_29982,0.0,-1,0.0,,
u_29983,0.0,-1,0.0,,
u_29984,0.0,-1,0.0,,
u_29985,0.0,-1,0.0,,
u_29986,0.0,-1,0.0,,
u_29987,0.043034914056465874,4766,0.0,0.787,0.0
u_29988,0.0031373184514232096,3351,0.0,0.057,0.0
u_29989,0.0,-1,0.0,,
u_29990,0.0,-1,0.0,,
u_29991,0.0,-1,0.0,,
u_29992,0.0,-1,0.0,,
u_29993,0.0,-1,0.0,,
u_29994,0.0,-1,0.0,,
u_29995,0.04080946060047738,870,0.0,0.787,0.0
u_29996,0.0,-1,0.0,,
u_29997,0.0,-1,0.0,,
u_29998,0.0,-1,0.0,,
u_29999,0.043034914056465874,5368,0.0,0.787,0.0
u_30000,0.043034914056465874,4164,0.0,0.787,0.0
u_30001,0.0,-1,0.0,,
u_30002,0.0,-1,0.0,,
u_30003,0.0,-1,0.0,,
u_30004,0.0,-1,0.0,,
u_30005,0.006844545291432442,218,0.0,0.117,0.0
u_30006,0.0,-1,0.0,,
u_30007,0.0,-1,0.0,,
u_30008,0.0,-1,0.0,,
u_30009,0.0,-1,0.0,,
u_30010,0.0,-1,0.0,,
u_30011,0.08417531978986129,2983,0.0,0.787,0.0
u_30012,0.01769570655099875,1519,0.0,0.34,0.0
u_30013,0.0,-1,0.0,,
u_30014,0.0,-1,0.0,,
u_30015,0.0,-1,0.0,,
u_30016,0.0,-1,0.0,,
u_30017,0.0,-1,0.0,,
u_30018,0.0,-1,0.0,,
u_30019,0.0,-1,0.0,,
u_30020,0.0,-1,0.0,,
u_30021,0.0,-1,0.0,,
u_30022,0.0,-1,0.0,,
u_30023,0.0,-1,0.0,,
u_30024,0.043034914056465874,6257,0.0,0.787,0.0
u_30025,0.00012268999903438562,539,0.0,0.001,0.0
u_30026,0.12225100085798167,88,0.0,0.787,0.0
u_30027,0.0,-1,0.0,,
u_30028,0.0,-1,0.0,,
u_30029,0.0,-1,0.0,,
u_30030,0.0,-1,0.0,,
u_30031,0.0001518102400517769,49,0.0,0.003,0.0
u_30032,0.043034914056465874,5291,0.0,0.787,0.0
u_30033,0.0,-1,0.0,,
u_30034,0.0,-1,0.0,,
u_30035,0.043034914056465874,5005,0.0,0.787,0.0
u_30036,0.0,-1,0.0,,
u_30037,0.0,-1,0.0,,
u_30038,0.0,-1,0.0,,
u_30039,0.0,-1,0.0,,
u_30040,0.043034914056465874,4337,0.0,0.787,0.0
u_30041,0.0,-1,0.0,,
u_30042,0.0,-1,0.0,,
u_30043,0.043034914056465874,5609,0.0,0.787,0.0
u_30044,0.043034914056465874,5434,0.0,0.787,0.0
u_30045,0.0,-1,0.0,,
u_30046,0.0,-1,0.0,,
u_30047,0.0,-1,0.0,,
u_30048,0.0,-1,0.0,,
u_30049,0.0,-1,0.0,,
u_30050,0.0,-1,0.0,,
u_30051,0.043034914056465874,6092,0.0,0.787,0.0
u_30052,0.0,-1,0.0,,
u_30053,0.008010193280862112,3511,0.0,0.075,0.0
u_30054,0.0,-1,0.0,,
u_30055,0.0,-1,0.0,,
u_30056,0.0,-1,0.0,,
u_30057,0.0,-1,0.0,,
u_30058,0.0,-1,0.0,,
u_30059,0.0,-1,0.0,,
u_30060,0.0,-1,0.0,,
u_30061,0.0,-1,0.0,,
u_30062,0.0,-1,0.0,,
u_30063,0.0,-1,0.0,,
u_30064,0.00047397643870852044,2232,0.0,0.009,0.0
u_30065,0.0,-1,0.0,,
u_30066,0.043034914056465874,5610,0.0,0.787,0.0
u_30067,5.959937344936088e-05,487,0.0,0.001,0.0
u_30068,0.0,-1,0.0,,
u_30069,0.0,-1,0.0,,
u_30070,0.03222194451119848,1327,0.0,0.585,0.0
u_30071,0.0,-1,0.0,,
u_30072,0.03988748043087144,176,0.0,0.787,0.0
u_30073,0.04057473327365338,2600,0.0,0.787,0.0
u_30074,0.0,-1,0.0,,
u_30075,0.043034914056465874,3016,0.0,0.787,0.0
u_30076,0.0,-1,0.0,,
u_30077,0.0,-1,0.0,,
u_30078,0.043034914056465874,793,0.0,0.787,0.0
u_30079,0.043034914056465874,6250,0.0,0.787,0.0
u_30080,0.0,-1,0.0,,
u_30081,4.417286772690707e-05,149,0.0,0.001,0.0
u_30082,0.043034914056465874,5429,0.0,0.787,0.0
u_30083,0.0,-1,0.0,,
u_30084,0.08236434366845562,3384,0.0,0.787,0.0
u_30085,0.0,-1,0.0,,
u_30086,0.0,-1,0.0,,
u_30087,0.043034914056465874,5611,0.0,0.787,0.0
u_30088,0.0,-1,0.0,,
u_30089,0.004867907810519972,3606,0.0,0.089,0.0
u_30090,0.0,-1,0.0,,
u_30091,0.0,-1,0.0,,
u_30092,0.0398893715214426,3611,0.0,0.787,0.0
u_30093,0.0,-1,0.0,,
u_30094,0.0,-1,0.0,,
u_30095,0.000403212314549306,1269,0.0,0.003,0.0
u_30096,0.0,-1,0.0,,
u_30097,0.0,-1,0.0,,
u_30098,0.0,-1,0.0,,
u_30099,0.0,-1,0.0,,
u_30100,0.08236630710979355,6258,0.0,0.787,0.0
u_30101,0.0,-1,0.0,,
u_30102,0.000902035030826843,2518,0.0,0.017,0.0
u_30103,0.0,-1,0.0,,
u_30104,0.01921970575834199,4259,0.0,0.351,0.0
u_30105,0.0,-1,0.0,,
u_30106,0.043034914056465874,2278,0.0,0.787,0.0
u_30107,0.0,-1,0.0,,
u_30108,0.08341280396982201,341,0.0,0.787,0.0
u_30109,0.0,-1,0.0,,
u_30110,0.0011446852093073276,2759,0.0,0.021,0.0
u_30111,0.0,-1,0.0,,
u_30112,0.04353803835925862,2116,0.0,0.787,0.0
u_30113,0.0,-1,0.0,,
u_30114,0.0,-1,0.0,,
u_30115,0.0,-1,0.0,,
u_30116,0.08236502308033569,321,0.0,0.787,0.0
u_30117,0.0,-1,0.0,,
u_30118,0.012256147734884065,3908,0.0,0.224,0.0
u_30119,5.0014181634330805e-05,201,0.0,0.001,0.0
u_30120,0.0,-1,0.0,,
u_30121,0.043034914056465874,4119,0.0,0.787,0.0
u_30122,0.043034914056465874,4965,0.0,0.787,0.0
u_30123,0.08550506719741396,2860,0.0,0.787,0.0
u_30124,0.0,-1,0.0,,
u_30125,0.01919488146934697,1104,0.0,0.357,0.0
u_30126,0.0,-1,0.0,,
u_30127,0.004364386413472471,402,0.0,0.071,0.0
u_30128,0.0,-1,0.0,,
u_30129,0.0,-1,0.0,,
u_30130,0.0,-1,0.0,,
u_30131,0.0,-1,0.0,,
u_30132,0.0815114828251686,288,0.0,0.787,0.0
u_30133,0.043034914056465874,5066,0.0,0.787,0.0
u_30134,0.0,-1,0.0,,
u_30135,0.06504761811856331,173,0.0,0.615,0.0
u_30136,0.0,-1,0.0,,
u_30137,0.0,-1,0.0,,
u_30138,0.0,-1,0.0,,
u_30139,0.015287948624389772,49,0.0,0.294,0.0
u_30140,0.0,-1,0.0,,
u_30141,0.0,-1,0.0,,
u_30142,0.0,-1,0.0,,
u_30143,0.0,-1,0.0,,
u_30144,0.0,-1,0.0,,
u_30145,0.0,-1,0.0,,
u_30146,0.0006885697194537128,1458,0.0,0.006,0.0
u_30147,0.0,-1,0.0,,
u_30148,0.0,-1,0.0,,
u_30149,0.0,-1,0.0,,
u_30150,0.042130407716432006,5442,0.0,0.787,0.0
u_30151,0.042130407716432006,5728,0.0,0.787,0.0
u_30152,0.0,-1,0.0,,
u_30153,0.0,-1,0.0,,
u_30154,0.0,-1,0.0,,
u_30155,0.0,-1,0.0,,
u_30156,9.54705400123737e-05,1027,0.0,0.002,0.0
u_30157,0.0,-1,0.0,,
u_30158,0.0,-1,0.0,,
u_30159,0.043034914056465874,1052,0.0,0.787,0.0
u_30160,5.4900991206248366e-05,398,0.0,0.001,0.0
u_30161,0.0,-1,0.0,,
u_30162,0.0,-1,0.0,,
u_30163,0.043034914056465874,4440,0.0,0.787,0.0
u_30164,0.0,-1,0.0,,
u_30165,0.0,-1,0.0,,
u_30166,0.0,-1,0.0,,
u_30167,0.0,-1,0.0,,
u_30168,0.0,-1,0.0,,
u_30169,0.0,-1,0.0,,
u_30170,0.0,-1,0.0,,
u_30171,0.0,-1,0.0,,
u_30172,0.0,-1,0.0,,
u_30173,0.0,-1,0.0,,
u_30174,0.0,-1,0.0,,
u_30175,0.08417531978986129,3963,0.0,0.787,0.0
u_30176,0.0,-1,0.0,,
u_30177,0.0,-1,0.0,,
u_30178,0.0,-1,0.0,,
u_30179,0.0,-1,0.0,,
u_30180,0.0,-1,0.0,,
u_30181,0.0,-1,0.0,,
u_30182,0.0,-1,0.0,,
u_30183,0.04057229820910343,1148,0.0,0.787,0.0
u_30184,0.0,-1,0.0,,
u_30185,0.0,-1,0.0,,
u_30186,0.0,-1,0.0,,
u_30187,0.00047101646326780415,2168,0.0,0.008,0.0
u_30188,0.043034914056465874,3375,0.0,0.787,0.0
u_30189,0.0,-1,0.0,,
u_30190,0.0,-1,0.0,,
u_30191,0.0,-1,0.0,,
u_30192,0.0,-1,0.0,,
u_30193,0.0,-1,0.0,,
u_30194,0.0,-1,0.0,,
u_30195,0.0,-1,0.0,,
u_30196,0.0,-1,0.0,,
u_30197,0.0,-1,0.0,,
u_30198,0.0,-1,0.0,,
u_30199,0.0,-1,0.0,,
u_30200,0.0,-1,0.0,,
u_30201,0.0,-1,0.0,,
u_30202,0.043034914056465874,6112,0.0,0.787,0.0
u_30203,0.0,-1,0.0,,
u_30204,0.0,-1,0.0,,
u_30205,0.0,-1,0.0,,
u_30206,0.008248550781072258,459,0.0,0.151,0.0
u_30207,0.0,-1,0.0,,
u_30208,0.0,-1,0.0,,
u_30209,0.0,-1,0.0,,
u_30210,0.0,-1,0.0,,
u_30211,0.044368218693529554,4369,0.0,0.787,0.0
u_30212,8.696312154376621e-05,877,0.0,0.002,0.0
u_30213,0.04096575930064037,1476,0.0,0.787,0.0
u_30214,0.0,-1,0.0,,
u_30215,0.0,-1,0.0,,
u_30216,0.0,-1,0.0,,
u_30217,0.0,-1,0.0,,
u_30218,0.0,-1,0.0,,
u_30219,0.0009021386989368182,1189,0.0,0.016,0.0
u_30220,0.043034914056465874,5517,0.0,0.787,0.0
u_30221,0.0,-1,0.0,,
u_30222,0.0,-1,0.0,,
u_30223,0.0,-1,0.0,,
u_30224,0.043034914056465874,1970,0.0,0.787,0.0
u_30225,0.0027934694535407915,3285,0.0,0.051,0.0
u_30226,0.0,-1,0.0,,
u_30227,0.041689248380280326,22,0.0,0.787,0.0
u_30228,0.03988863534003898,604,0.0,0.787,0.0
u_30229,0.0,-1,0.0,,
u_30230,0.0,-1,0.0,,
u_30231,0.0005249269371188008,2265,0.0,0.01,0.0
u_30232,0.0005171039381996653,2257,0.0,0.009,0.0
u_30233,0.0,-1,0.0,,
u_30234,0.0,-1,0.0,,
u_30235,0.0,-1,0.0,,
u_30236,0.043034914056465874,384,0.0,0.787,0.0
u_30237,0.0,-1,0.0,,
u_30238,0.0,-1,0.0,,
u_30239,0.0,-1,0.0,,
u_30240,0.0,-1,0.0,,
u_30241,0.03991111274832041,1145,0.0,0.729,0.0
u_30242,0.043034914056465874,5484,0.0,0.787,0.0
u_30243,0.0003524443585756595,1511,0.0,0.003,0.0
u_30244,0.041246325078605574,3205,0.0,0.787,0.0
u_30245,0.0,-1,0.0,,
u_30246,0.0,-1,0.0,,
u_30247,0.0,-1,0.0,,
u_30248,0.0,-1,0.0,,
u_30249,0.043034914056465874,5520,0.0,0.787,0.0
u_30250,0.0,-1,0.0,,
u_30251,0.0,-1,0.0,,
u_30252,0.0,-1,0.0,,
u_30253,0.0,-1,0.0,,
u_30254,0.0,-1,0.0,,
u_30255,0.0,-1,0.0,,
u_30256,0.0,-1,0.0,,
u_30257,0.0,-1,0.0,,
u_30258,0.0,-1,0.0,,
u_30259,0.0,-1,0.0,,
u_30260,0.008401750086001386,3890,0.0,0.154,0.0
u_30261,0.0008858113513532713,2581,0.0,0.016,0.0
u_30262,0.0,-1,0.0,,
u_30263,0.0,-1,0.0,,
u_30264,0.0,-1,0.0,,
u_30265,0.0,-1,0.0,,
u_30266,0.0,-1,0.0,,
u_30267,0.0,-1,0.0,,
u_30268,0.043034914056465874,487,0.0,0.787,0.0
u_30269,0.00010924462190092114,443,0.0,0.001,0.0
u_30270,0.0,-1,0.0,,
u_30271,0.0,-1,0.0,,
u_30272,0.0,-1,0.0,,
u_30273,0.043034914056465874,3662,0.0,0.787,0.0
u_30274,0.04063143044551849,4613,0.0,0.743,0.0
u_30275,0.043034914056465874,4665,0.0,0.787,0.0
u_30276,0.0,-1,0.0,,
u_30277,0.0,-1,0.0,,
u_30278,0.0,-1,0.0,,
u_30279,0.0,-1,0.0,,
u_30280,0.0,-1,0.0,,
u_30281,0.0,-1,0.0,,
u_30282,0.0,-1,0.0,,
u_30283,0.043034914056465874,6259,0.0,0.787,0.0
u_30284,0.0,-1,0.0,,
u_30285,0.0,-1,0.0,,
u_30286,0.0,-1,0.0,,
u_30287,0.0,-1,0.0,,
u_30288,0.0,-1,0.0,,
u_30289,0.043034914056465874,2032,0.0,0.787,0.0
u_30290,0.0,-1,0.0,,
u_30291,0.0,-1,0.0,,
u_30292,0.0,-1,0.0,,
u_30293,0.08417531978986129,1561,0.0,0.787,0.0
u_30294,0.04303663563796691,342,0.0,0.787,0.0
u_30295,0.0,-1,0.0,,
u_30296,0.0,-1,0.0,,
u_30297,0.0,-1,0.0,,
u_30298,0.0,-1,0.0,,
u_30299,0.0,-1,0.0,,
u_30300,0.0,-1,0.0,,
u_30301,0.0,-1,0.0,,
u_30302,0.014025243990124824,4115,0.0,0.249,0.0
u_30303,0.03981683433338596,4295,0.0,0.372,0.0
u_30304,0.0,-1,0.0,,
u_30305,0.0,-1,0.0,,
u_30306,0.0,-1,0.0,,
u_30307,0.0,-1,0.0,,
u_30308,0.0,-1,0.0,,
u_30309,0.0,-1,0.0,,
u_30310,0.0,-1,0.0,,
u_30311,0.0,-1,0.0,,
u_30312,0.0,-1,0.0,,
u_30313,0.0,-1,0.0,,
u_30314,0.0,-1,0.0,,
u_30315,0.0,-1,0.0,,
u_30316,0.0,-1,0.0,,
u_30317,0.0,-1,0.0,,
u_30318,0.0,-1,0.0,,
u_30319,0.08477326569120998,2967,0.0,0.787,0.0
u_30320,0.0,-1,0.0,,
u_30321,0.0,-1,0.0,,
u_30322,0.0,-1,0.0,,
u_30323,0.0,-1,0.0,,
u_30324,0.041997323170878356,3282,0.0,0.787,0.0
u_30325,0.029383383259678143,571,0.0,0.572,0.0
u_30326,0.0,-1,0.0,,
u_30327,0.0029309566167202068,3308,0.0,0.054,0.0
u_30328,0.0,-1,0.0,,
u_30329,0.0,-1,0.0,,
u_30330,0.041646491673102484,50,0.0,0.787,0.0
u_30331,0.0,-1,0.0,,
u_30332,0.0,-1,0.0,,
u_30333,0.0,-1,0.0,,
u_30334,0.0,-1,0.0,,
u_30335,0.0,-1,0.0,,
u_30336,0.0,-1,0.0,,
u_30337,0.0,-1,0.0,,
u_30338,0.0,-1,0.0,,
u_30339,0.0,-1,0.0,,
u_30340,0.0,-1,0.0,,
u_30341,0.004924470343593498,3617,0.0,0.09,0.0
u_30342,0.0,-1,0.0,,
u_30343,0.043034914056465874,5612,0.0,0.787,0.0
u_30344,0.0,-1,0.0,,
u_30345,0.0,-1,0.0,,
u_30346,0.0,-1,0.0,,
u_30347,0.0,-1,0.0,,
u_30348,0.0,-1,0.0,,
u_30349,0.0,-1,0.0,,
u_30350,0.08619498286290216,176,0.0,0.787,0.0
u_30351,0.0002104304141936783,1663,0.0,0.004,0.0
u_30352,0.0,-1,0.0,,
u_30353,0.0005178631144876842,1588,0.0,0.009,0.0
u_30354,0.0,-1,0.0,,
u_30355,7.827678654371055e-05,773,0.0,0.001,0.0
u_30356,8.084506416105615e-05,808,0.0,0.001,0.0
u_30357,0.00029354237042190093,33,0.0,0.003,0.0
u_30358,0.0,-1,0.0,,
u_30359,0.04527242776913476,168,0.0,0.85,0.0
u_30360,0.0,-1,0.0,,
u_30361,0.013216669300846853,87,0.0,0.253,0.0
u_30362,0.0,-1,0.0,,
u_30363,0.0,-1,0.0,,
u_30364,0.0,-1,0.0,,
u_30365,0.0,-1,0.0,,
u_30366,0.0,-1,0.0,,
u_30367,0.0,-1,0.0,,
u_30368,0.0,-1,0.0,,
u_30369,0.0,-1,0.0,,
u_30370,0.0,-1,0.0,,
u_30371,0.0,-1,0.0,,
u_30372,0.08417531978986129,3843,0.0,0.787,0.0
u_30373,0.0,-1,0.0,,
u_30374,0.0,-1,0.0,,
u_30375,0.0,-1,0.0,,
u_30376,0.0,-1,0.0,,
u_30377,0.0,-1,0.0,,
u_30378,0.0,-1,0.0,,
u_30379,0.043034914056465874,5613,0.0,0.787,0.0
u_30380,0.0,-1,0.0,,
u_30381,0.08417531978986129,5562,0.0,0.787,0.0
u_30382,0.0,-1,0.0,,
u_30383,0.0,-1,0.0,,
u_30384,0.03358304201311327,3932,0.0,0.305,0.0
u_30385,0.0,-1,0.0,,
u_30386,0.0,-1,0.0,,
u_30387,0.0,-1,0.0,,
u_30388,0.043034914056465874,5559,0.0,0.787,0.0
u_30389,0.043034914056465874,3646,0.0,0.787,0.0
u_30390,0.043034914056465874,5381,0.0,0.787,0.0
u_30391,0.039888317582739495,168,0.0,0.787,0.0
u_30392,0.0,-1,0.0,,
u_30393,0.0,-1,0.0,,
u_30394,0.0,-1,0.0,,
u_30395,0.0,-1,0.0,,
u_30396,0.04474090883876082,1069,0.0,0.787,0.0
u_30397,0.0,-1,0.0,,
u_30398,0.0,-1,0.0,,
u_30399,0.0,-1,0.0,,
u_30400,0.0,-1,0.0,,
u_30401,0.00019329963708928242,81,0.0,0.002,0.0
u_30402,0.0,-1,0.0,,
u_30403,0.0,-1,0.0,,
u_30404,0.0,-1,0.0,,
u_30405,0.0,-1,0.0,,
u_30406,0.0,-1,0.0,,
u_30407,0.0213493285665575,2150,0.0,0.396,0.0
u_30408,0.0,-1,0.0,,
u_30409,0.039894081825284866,77,0.0,0.787,0.0
u_30410,0.043034914056465874,3653,0.0,0.787,0.0
u_30411,0.0,-1,0.0,,
u_30412,0.0,-1,0.0,,
u_30413,0.043034914056465874,2912,0.0,0.787,0.0
u_30414,0.043034914056465874,3555,0.0,0.787,0.0
u_30415,0.04348072370685598,1133,0.0,0.811,0.0
u_30416,0.043034914056465874,5614,0.0,0.787,0.0
u_30417,9.328108842321436e-05,956,0.0,0.002,0.0
u_30418,0.0,-1,0.0,,
u_30419,0.0,-1,0.0,,
u_30420,0.0,-1,0.0,,
u_30421,0.0,-1,0.0,,
u_30422,0.0,-1,0.0,,
u_30423,0.0009609132371804793,222,0.0,0.019,0.0
u_30424,0.043034914056465874,4501,0.0,0.787,0.0
u_30425,0.043034914056465874,5367,0.0,0.787,0.0
u_30426,0.0,-1,0.0,,
u_30427,0.0005968472307578516,2348,0.0,0.011,0.0
u_30428,0.0,-1,0.0,,
u_30429,0.0,-1,0.0,,
u_30430,0.04285946283973827,2734,0.0,0.787,0.0
u_30431,0.0353179826516197,4562,0.0,0.646,0.0
u_30432,0.00030935601387649733,419,0.0,0.006,0.0
u_30433,0.03988763744694541,932,0.0,0.787,0.0
u_30434,0.0,-1,0.0,,
u_30435,0.0,-1,0.0,,
u_30436,0.0,-1,0.0,,
u_30437,0.040830342384239986,87,0.0,0.787,0.0
u_30438,0.0,-1,0.0,,
u_30439,0.0,-1,0.0,,
u_30440,0.0,-1,0.0,,
u_30441,0.043034914056465874,2869,0.0,0.787,0.0
u_30442,0.0,-1,0.0,,
u_30443,0.0,-1,0.0,,
u_30444,0.042130407716432006,5615,0.0,0.787,0.0
u_30445,0.033043233589997764,4527,0.0,0.604,0.0
u_30446,0.0,-1,0.0,,
u_30447,0.00014021826419542867,1292,0.0,0.003,0.0
u_30448,0.0,-1,0.0,,
u_30449,0.0,-1,0.0,,
u_30450,0.0012451780820728012,2815,0.0,0.023,0.0
u_30451,0.0,-1,0.0,,
u_30452,4.282078472738008e-05,69,0.0,0.001,0.0
u_30453,0.0,-1,0.0,,
u_30454,0.0,-1,0.0,,
u_30455,0.0,-1,0.0,,
u_30456,0.0,-1,0.0,,
u_30457,0.0,-1,0.0,,
u_30458,0.0,-1,0.0,,
u_30459,0.0402217147213984,49,0.0,0.787,0.0
u_30460,0.03988768483645778,2693,0.0,0.787,0.0
u_30461,0.0,-1,0.0,,
u_30462,0.0,-1,0.0,,
u_30463,0.043034914056465874,6114,0.0,0.787,0.0
u_30464,0.009790905311909409,3977,0.0,0.179,0.0
u_30465,0.0,-1,0.0,,
u_30466,0.0,-1,0.0,,
u_30467,0.0,-1,0.0,,
u_30468,0.0,-1,0.0,,
u_30469,0.0,-1,0.0,,
u_30470,0.043034914056465874,199,0.0,0.787,0.0
u_30471,0.0,-1,0.0,,
u_30472,0.0,-1,0.0,,
u_30473,0.039888216117147,3543,0.0,0.787,0.0
u_30474,0.0,-1,0.0,,
u_30475,0.0,-1,0.0,,
u_30476,0.0,-1,0.0,,
u_30477,0.0,-1,0.0,,
u_30478,0.0,-1,0.0,,
u_30479,0.0,-1,0.0,,
u_30480,0.0,-1,0.0,,
u_30481,0.0,-1,0.0,,
u_30482,0.0,-1,0.0,,
u_30483,0.043034914056465874,1900,0.0,0.787,0.0
u_30484,0.0,-1,0.0,,
u_30485,0.0,-1,0.0,,
u_30486,0.042889634538286876,2026,0.0,0.787,0.0
u_30487,0.0,-1,0.0,,
u_30488,0.0,-1,0.0,,
u_30489,0.0,-1,0.0,,
u_30490,0.06066882740614731,2315,0.0,0.381,0.0
u_30491,0.041139153762991515,2359,0.0,0.787,0.0
u_30492,0.03988984801206815,3838,0.0,0.787,0.0
u_30493,0.03988779048403133,227,0.0,0.787,0.0
u_30494,8.755685442188912e-05,885,0.0,0.002,0.0
u_30495,0.0,-1,0.0,,
u_30496,0.043034914056465874,674,0.0,0.787,0.0
u_30497,0.014954586918248117,4151,0.0,0.273,0.0
u_30498,0.043034914056465874,2221,0.0,0.787,0.0
u_30499,0.003082490284993512,1168,0.0,0.058,0.0
u_30500,0.0,-1,0.0,,
u_30501,0.0,-1,0.0,,
u_30502,0.0,-1,0.0,,
u_30503,0.0,-1,0.0,,
u_30504,0.033647493323639276,4535,0.0,0.615,0.0
u_30505,0.0,-1,0.0,,
u_30506,0.0007490124999985562,350,0.0,0.014,0.0
u_30507,0.0,-1,0.0,,
u_30508,0.0,-1,0.0,,
u_30509,0.0,-1,0.0,,
u_30510,0.03988808357937688,2968,0.0,0.787,0.0
u_30511,0.0,-1,0.0,,
u_30512,0.0,-1,0.0,,
u_30513,0.002451494540237943,258,0.0,0.045,0.0
u_30514,0.043034914056465874,5616,0.0,0.787,0.0
u_30515,0.06796495066470858,276,0.0,0.434,0.0
u_30516,0.0,-1,0.0,,
u_30517,0.0,-1,0.0,,
u_30518,0.0,-1,0.0,,
u_30519,0.0,-1,0.0,,
u_30520,0.0,-1,0.0,,
u_30521,0.0,-1,0.0,,
u_30522,0.08417531978986129,1242,0.0,0.787,0.0
u_30523,0.0,-1,0.0,,
u_30524,0.0,-1,0.0,,
u_30525,0.043034914056465874,5617,0.0,0.787,0.0
u_30526,0.03988781249458248,269,0.0,0.787,0.0
u_30527,0.039887606127051396,4122,0.0,0.787,0.0
u_30528,0.043034914056465874,4874,0.0,0.787,0.0
u_30529,0.0,-1,0.0,,
u_30530,0.0,-1,0.0,,
u_30531,0.0,-1,0.0,,
u_30532,0.04153598884462062,313,0.0,0.787,0.0
u_30533,0.0,-1,0.0,,
u_30534,0.041179996663904615,622,0.0,0.787,0.0
u_30535,0.0017455606678343258,904,0.0,0.011,0.0
u_30536,0.043034914056465874,2801,0.0,0.787,0.0
u_30537,0.0,-1,0.0,,
u_30538,0.043034914056465874,4288,0.0,0.787,0.0
u_30539,0.0,-1,0.0,,
u_30540,0.040308807595473437,61,0.0,0.787,0.0
u_30541,0.0,-1,0.0,,
u_30542,0.04129647105222459,161,0.0,0.787,0.0
u_30543,0.0,-1,0.0,,
u_30544,0.0,-1,0.0,,
u_30545,0.0,-1,0.0,,
u_30546,0.0,-1,0.0,,
u_30547,0.043029237280855795,2320,0.0,0.787,0.0
u_30548,0.0,-1,0.0,,
u_30549,0.0,-1,0.0,,
u_30550,0.0,-1,0.0,,
u_30551,0.01510889628798857,4156,0.0,0.276,0.0
u_30552,0.0,-1,0.0,,
u_30553,0.0,-1,0.0,,
u_30554,0.0,-1,0.0,,
u_30555,0.08551369960626087,1250,0.0,0.787,0.0
u_30556,0.0,-1,0.0,,
u_30557,0.0,-1,0.0,,
u_30558,0.043034914056465874,5218,0.0,0.787,0.0
u_30559,0.0,-1,0.0,,
u_30560,0.0,-1,0.0,,
u_30561,0.0,-1,0.0,,
u_30562,0.0,-1,0.0,,
u_30563,0.0002939743577392706,1843,0.0,0.005,0.0
u_30564,0.0,-1,0.0,,
u_30565,0.0,-1,0.0,,
u_30566,0.0,-1,0.0,,
u_30567,0.0,-1,0.0,,
u_30568,0.0003295012776405909,1437,0.0,0.003,0.0
u_30569,0.0,-1,0.0,,
u_30570,0.00019356460123784347,1531,0.0,0.003,0.0
u_30571,0.039915037254364065,1765,0.0,0.787,0.0
u_30572,0.08357169365222665,297,0.0,0.787,0.0
u_30573,0.04319684851751362,2247,0.0,0.787,0.0
u_30574,0.0003193072099013076,1416,0.0,0.003,0.0
u_30575,0.00022359600094883265,297,0.0,0.002,0.0
u_30576,0.0,-1,0.0,,
u_30577,0.0,-1,0.0,,
u_30578,0.0,-1,0.0,,
u_30579,0.043034914056465874,5593,0.0,0.787,0.0
u_30580,0.043034914056465874,5359,0.0,0.787,0.0
u_30581,0.0,-1,0.0,,
u_30582,0.0,-1,0.0,,
u_30583,0.0,-1,0.0,,
u_30584,0.011742371680606533,3469,0.0,0.11,0.0
u_30585,0.030508301276703738,402,0.0,0.566,0.0
u_30586,0.043034914056465874,5343,0.0,0.787,0.0
u_30587,0.0,-1,0.0,,
u_30588,0.0,-1,0.0,,
u_30589,0.0,-1,0.0,,
u_30590,0.04139809272072475,599,0.0,0.787,0.0
u_30591,0.0,-1,0.0,,
u_30592,0.0,-1,0.0,,
u_30593,0.0,-1,0.0,,
u_30594,0.03988781561062534,2527,0.0,0.787,0.0
u_30595,0.0,-1,0.0,,
u_30596,0.0,-1,0.0,,
u_30597,0.002289767162532719,3159,0.0,0.042,0.0
u_30598,0.0,-1,0.0,,
u_30599,0.042130407716432006,5108,0.0,0.787,0.0
u_30600,0.0,-1,0.0,,
u_30601,0.043034914056465874,731,0.0,0.787,0.0
u_30602,0.0,-1,0.0,,
u_30603,0.014636865670023655,74,0.0,0.276,0.0
u_30604,0.0,-1,0.0,,
u_30605,0.043835662615914574,756,0.0,0.787,0.0
u_30606,0.0,-1,0.0,,
u_30607,0.0,-1,0.0,,
u_30608,0.0,-1,0.0,,
u_30609,0.0,-1,0.0,,
u_30610,0.0,-1,0.0,,
u_30611,0.0,-1,0.0,,
u_30612,0.03990416720510409,4412,0.0,0.787,0.0
u_30613,0.0164951529865644,3933,0.0,0.309,0.0
u_30614,0.0,-1,0.0,,
u_30615,0.0,-1,0.0,,
u_30616,0.0,-1,0.0,,
u_30617,0.0,-1,0.0,,
u_30618,0.0,-1,0.0,,
u_30619,0.043034914056465874,6241,0.0,0.787,0.0
u_30620,0.041096547628211834,858,0.0,0.787,0.0
u_30621,0.05128628675968357,1218,0.0,0.898,0.0
u_30622,0.043034914056465874,5425,0.0,0.787,0.0
u_30623,0.0,-1,0.0,,
u_30624,0.039893142746301395,662,0.0,0.787,0.0
u_30625,0.0,-1,0.0,,
u_30626,0.0005364717523936528,1496,0.0,0.003,0.0
u_30627,0.0,-1,0.0,,
u_30628,0.0,-1,0.0,,
u_30629,0.0,-1,0.0,,
u_30630,0.0,-1,0.0,,
u_30631,0.0,-1,0.0,,
u_30632,6.898494172183102e-05,645,0.0,0.001,0.0
u_30633,0.0,-1,0.0,,
u_30634,0.0,-1,0.0,,
u_30635,0.0,-1,0.0,,
u_30636,0.039888704426622484,335,0.0,0.787,0.0
u_30637,0.0409085356190749,1913,0.0,0.787,0.0
u_30638,5.4582852905924286e-05,384,0.0,0.001,0.0
u_30639,0.0,-1,0.0,,
u_30640,0.0,-1,0.0,,
u_30641,0.0,-1,0.0,,
u_30642,0.0,-1,0.0,,
u_30643,0.043034914056465874,5928,0.0,0.787,0.0
u_30644,0.03988811425783875,2840,0.0,0.787,0.0
u_30645,0.03988755292858535,3256,0.0,0.787,0.0
u_30646,0.0,-1,0.0,,
u_30647,0.0,-1,0.0,,
u_30648,0.0,-1,0.0,,
u_30649,0.0,-1,0.0,,
u_30650,0.0,-1,0.0,,
u_30651,0.006772445267123531,61,0.0,0.066,0.0
u_30652,0.04154004885985364,167,0.0,0.787,0.0
u_30653,0.0,-1,0.0,,
u_30654,0.0,-1,0.0,,
u_30655,0.00017048694383570444,1408,0.0,0.003,0.0
u_30656,0.0,-1,0.0,,
u_30657,0.043034914056465874,5618,0.0,0.787,0.0
u_30658,0.0,-1,0.0,,
u_30659,0.0,-1,0.0,,
u_30660,0.0,-1,0.0,,
u_30661,0.0,-1,0.0,,
u_30662,0.0,-1,0.0,,
u_30663,0.043034914056465874,1992,0.0,0.787,0.0
u_30664,0.0,-1,0.0,,
u_30665,0.0,-1,0.0,,
u_30666,0.0,-1,0.0,,
u_30667,0.0,-1,0.0,,
u_30668,0.0,-1,0.0,,
u_30669,0.043034914056465874,2136,0.0,0.787,0.0
u_30670,0.02198282431201799,4337,0.0,0.402,0.0
u_30671,0.043034914056465874,3921,0.0,0.787,0.0
u_30672,0.043034914056465874,830,0.0,0.787,0.0
u_30673,0.0,-1,0.0,,
u_30674,0.043034914056465874,5416,0.0,0.787,0.0
u_30675,0.07921984260474625,4339,0.0,0.787,0.0
u_30676,0.043213425424819124,2929,0.0,0.787,0.0
u_30677,0.042130407716432006,4948,0.0,0.787,0.0
u_30678,0.043034914056465874,5411,0.0,0.787,0.0
u_30679,0.050407103594214735,4233,0.0,0.481,0.0
u_30680,0.043034914056465874,3602,0.0,0.787,0.0
u_30681,0.040470418577632304,1663,0.0,0.787,0.0
u_30682,0.0,-1,0.0,,
u_30683,0.0,-1,0.0,,
u_30684,0.0,-1,0.0,,
u_30685,0.08417531978986129,4281,0.0,0.787,0.0
u_30686,0.0,-1,0.0,,
u_30687,0.0,-1,0.0,,
u_30688,0.0,-1,0.0,,
u_30689,0.043034914056465874,6251,0.0,0.787,0.0
u_30690,0.0,-1,0.0,,
u_30691,0.08417531978986129,710,0.0,0.787,0.0
u_30692,0.0,-1,0.0,,
u_30693,0.0,-1,0.0,,
u_30694,0.0,-1,0.0,,
u_30695,0.0,-1,0.0,,
u_30696,0.0,-1,0.0,,
u_30697,0.0,-1,0.0,,
u_30698,0.0,-1,0.0,,
u_30699,0.043034914056465874,6260,0.0,0.787,0.0
u_30700,0.0,-1,0.0,,
u_30701,0.0,-1,0.0,,
u_30702,0.0,-1,0.0,,
u_30703,0.0,-1,0.0,,
u_30704,0.0,-1,0.0,,
u_30705,0.043034914056465874,2760,0.0,0.787,0.0
u_30706,0.0,-1,0.0,,
u_30707,0.00011557508493299251,1137,0.0,0.002,0.0
u_30708,0.0,-1,0.0,,
u_30709,0.043034914056465874,5478,0.0,0.787,0.0
u_30710,0.0,-1,0.0,,
u_30711,0.0,-1,0.0,,
u_30712,0.07963596119790355,3894,0.0,0.787,0.0
u_30713,0.0019506155870605767,3073,0.0,0.036,0.0
u_30714,0.0,-1,0.0,,
u_30715,0.0,-1,0.0,,
u_30716,0.0,-1,0.0,,
u_30717,0.043034914056465874,5827,0.0,0.787,0.0
u_30718,0.040617704069814214,373,0.0,0.787,0.0
u_30719,0.0,-1,0.0,,
u_30720,0.0,-1,0.0,,
u_30721,0.0,-1,0.0,,
u_30722,0.0,-1,0.0,,
u_30723,0.0,-1,0.0,,
u_30724,0.0,-1,0.0,,
u_30725,0.043034914056465874,2614,0.0,0.787,0.0
u_30726,0.0,-1,0.0,,
u_30727,0.01885077813532618,1883,0.0,0.118,0.0
u_30728,0.0,-1,0.0,,
u_30729,0.0,-1,0.0,,
u_30730,0.0,-1,0.0,,
u_30731,0.0029122476112704953,2938,0.0,0.027,0.0
u_30732,0.0,-1,0.0,,
u_30733,0.0,-1,0.0,,
u_30734,0.0,-1,0.0,,
u_30735,0.0,-1,0.0,,
u_30736,0.0,-1,0.0,,
u_30737,0.0,-1,0.0,,
u_30738,0.0,-1,0.0,,
u_30739,0.0,-1,0.0,,
u_30740,0.0,-1,0.0,,
u_30741,0.043034914056465874,3470,0.0,0.787,0.0
u_30742,0.0,-1,0.0,,
u_30743,0.04061208454347107,2586,0.0,0.787,0.0
u_30744,0.043034914056465874,6039,0.0,0.787,0.0
u_30745,0.043034914056465874,6261,0.0,0.787,0.0
u_30746,0.043034914056465874,182,0.0,0.787,0.0
u_30747,0.043034914056465874,4378,0.0,0.787,0.0
u_30748,0.0,-1,0.0,,
u_30749,0.0,-1,0.0,,
u_30750,0.0,-1,0.0,,
u_30751,0.0,-1,0.0,,
u_30752,0.0,-1,0.0,,
u_30753,0.0,-1,0.0,,
u_30754,0.0,-1,0.0,,
u_30755,0.0,-1,0.0,,
u_30756,0.0,-1,0.0,,
u_30757,0.0022589050656038226,1459,0.0,0.041,0.0
u_30758,0.0,-1,0.0,,
u_30759,0.0,-1,0.0,,
u_30760,0.03188964091426716,3716,0.0,0.297,0.0
u_30761,0.043034914056465874,5619,0.0,0.787,0.0
u_30762,0.0,-1,0.0,,
u_30763,0.0,-1,0.0,,
u_30764,0.043034914056465874,1866,0.0,0.787,0.0
u_30765,0.043034914056465874,2652,0.0,0.787,0.0
u_30766,0.0,-1,0.0,,
u_30767,0.021863038154420915,4036,0.0,0.204,0.0
u_30768,0.042014763344254705,1362,0.0,0.787,0.0
u_30769,0.0,-1,0.0,,
u_30770,0.043034914056465874,3064,0.0,0.787,0.0
u_30771,0.0,-1,0.0,,
u_30772,0.039818469366122,4586,0.0,0.695,0.0
u_30773,0.043034914056465874,4035,0.0,0.787,0.0
u_30774,0.043034914056465874,5932,0.0,0.787,0.0
u_30775,0.0,-1,0.0,,
u_30776,0.0,-1,0.0,,
u_30777,0.0,-1,0.0,,
u_30778,0.0,-1,0.0,,
u_30779,0.1253157255232567,1260,0.0,0.787,0.0
u_30780,0.0,-1,0.0,,
u_30781,0.0014205269628836741,562,0.0,0.009,0.0
u_30782,0.019155710385216445,4256,0.0,0.35,0.0
u_30783,0.0,-1,0.0,,
u_30784,0.0,-1,0.0,,
u_30785,0.043034914056465874,6139,0.0,0.787,0.0
u_30786,0.0,-1,0.0,,
u_30787,0.03952917190985606,4597,0.0,0.722,0.0
u_30788,0.0,-1,0.0,,
u_30789,0.0,-1,0.0,,
u_30790,0.0,-1,0.0,,
u_30791,0.0,-1,0.0,,
u_30792,0.0,-1,0.0,,
u_30793,0.0,-1,0.0,,
u_30794,0.0,-1,0.0,,
u_30795,0.0,-1,0.0,,
u_30796,0.0,-1,0.0,,
u_30797,0.04305703196055882,1425,0.0,0.787,0.0
u_30798,0.043034914056465874,5620,0.0,0.787,0.0
u_30799,0.03988854504020209,1051,0.0,0.787,0.0
u_30800,0.0,-1,0.0,,
u_30801,0.0,-1,0.0,,
u_30802,0.0,-1,0.0,,
u_30803,0.00014491459282099938,1369,0.0,0.003,0.0
u_30804,0.0,-1,0.0,,
u_30805,0.0,-1,0.0,,
u_30806,0.0,-1,0.0,,
u_30807,0.0,-1,0.0,,
u_30808,0.0,-1,0.0,,
u_30809,0.043034914056465874,5065,0.0,0.787,0.0
u_30810,0.0,-1,0.0,,
u_30811,0.0,-1,0.0,,
u_30812,0.0,-1,0.0,,
u_30813,0.043034914056465874,2051,0.0,0.787,0.0
u_30814,0.044367445186658014,1587,0.0,0.787,0.0
u_30815,0.0,-1,0.0,,
u_30816,0.0,-1,0.0,,
u_30817,0.0,-1,0.0,,
u_30818,0.0,-1,0.0,,
u_30819,0.0,-1,0.0,,
u_30820,0.0,-1,0.0,,
u_30821,0.010578967145441721,360,0.0,0.095,0.0
u_30822,0.0,-1,0.0,,
u_30823,0.0,-1,0.0,,
u_30824,0.0,-1,0.0,,
u_30825,0.0,-1,0.0,,
u_30826,0.043034914056465874,5621,0.0,0.787,0.0
u_30827,0.0,-1,0.0,,
u_30828,0.0,-1,0.0,,
u_30829,0.0,-1,0.0,,
u_30830,0.0,-1,0.0,,
u_30831,0.042716689946193445,1106,0.0,0.787,0.0
u_30832,0.0,-1,0.0,,
u_30833,0.0,-1,0.0,,
u_30834,0.030473904213762237,4484,0.0,0.547,0.0
u_30835,0.0,-1,0.0,,
u_30836,0.0,-1,0.0,,
u_30837,0.0,-1,0.0,,
u_30838,0.0,-1,0.0,,
u_30839,0.043034914056465874,5622,0.0,0.787,0.0
u_30840,0.0,-1,0.0,,
u_30841,0.0,-1,0.0,,
u_30842,0.0,-1,0.0,,
u_30843,0.0,-1,0.0,,
u_30844,0.0,-1,0.0,,
u_30845,0.0,-1,0.0,,
u_30846,0.0,-1,0.0,,
u_30847,0.0,-1,0.0,,
u_30848,0.04069418353582633,3253,0.0,0.787,0.0
u_30849,0.03988894846262919,1913,0.0,0.787,0.0
u_30850,0.043034914056465874,5914,0.0,0.787,0.0
u_30851,0.0,-1,0.0,,
u_30852,0.0,-1,0.0,,
u_30853,0.0011935627652612047,1086,0.0,0.023,0.0
u_30854,0.0,-1,0.0,,
u_30855,0.043034914056465874,5623,0.0,0.787,0.0
u_30856,0.0,-1,0.0,,
u_30857,0.0,-1,0.0,,
u_30858,0.0,-1,0.0,,
u_30859,0.043034914056465874,5473,0.0,0.787,0.0
u_30860,0.043034914056465874,716,0.0,0.787,0.0
u_30861,0.04354732771622097,1504,0.0,0.787,0.0
u_30862,0.0,-1,0.0,,
u_30863,0.0,-1,0.0,,
u_30864,0.01183377264621185,4060,0.0,0.216,0.0
u_30865,0.04113959858622872,1033,0.0,0.787,0.0
u_30866,0.0,-1,0.0,,
u_30867,0.027655557098159665,1768,0.0,0.172,0.0
u_30868,0.041254791191573305,383,0.0,0.787,0.0
u_30869,0.0,-1,0.0,,
u_30870,0.0070239352424314935,2579,0.0,0.066,0.0
u_30871,0.0,-1,0.0,,
u_30872,0.08236630710979355,4914,0.0,0.787,0.0
u_30873,0.0,-1,0.0,,
u_30874,0.0,-1,0.0,,
u_30875,0.0,-1,0.0,,
u_30876,0.0,-1,0.0,,
u_30877,0.0,-1,0.0,,
u_30878,0.0,-1,0.0,,
u_30879,0.0,-1,0.0,,
u_30880,0.00022694590934396213,222,0.0,0.004,0.0
u_30881,0.0,-1,0.0,,
u_30882,0.0,-1,0.0,,
u_30883,0.0,-1,0.0,,
u_30884,0.0001602783781503691,818,0.0,0.001,0.0
u_30885,0.043034914056465874,6262,0.0,0.787,0.0
u_30886,0.03988869112742358,1494,0.0,0.787,0.0
u_30887,0.0004948445041328576,2239,0.0,0.009,0.0
u_30888,0.0,-1,0.0,,
u_30889,0.0024215093762527183,3187,0.0,0.044,0.0
u_30890,0.0,-1,0.0,,
u_30891,0.0026695628743964505,3251,0.0,0.049,0.0
u_30892,0.0,-1,0.0,,
u_30893,0.043034914056465874,5842,0.0,0.787,0.0
u_30894,0.0,-1,0.0,,
u_30895,0.03988924366436062,3824,0.0,0.787,0.0
u_30896,0.043034914056465874,5288,0.0,0.787,0.0
u_30897,0.0004222891999529561,2118,0.0,0.008,0.0
u_30898,0.0,-1,0.0,,
u_30899,0.0016621722146353435,1003,0.0,0.016,0.0
u_30900,0.0,-1,0.0,,
u_30901,0.0,-1,0.0,,
u_30902,0.001495343407099433,2942,0.0,0.027,0.0
u_30903,0.0,-1,0.0,,
u_30904,0.0,-1,0.0,,
u_30905,0.039888115177761585,3090,0.0,0.787,0.0
u_30906,0.0,-1,0.0,,
u_30907,0.031893331871422216,4516,0.0,0.583,0.0
u_30908,0.0,-1,0.0,,
u_30909,0.005440068416213519,797,0.0,0.052,0.0
u_30910,0.03990253857488943,3782,0.0,0.787,0.0
u_30911,0.0,-1,0.0,,
u_30912,0.0,-1,0.0,,
u_30913,0.0,-1,0.0,,
u_30914,0.0440336287707472,174,0.0,0.787,0.0
u_30915,0.0,-1,0.0,,
u_30916,0.042236929670532955,53,0.0,0.787,0.0
u_30917,0.0,-1,0.0,,
u_30918,0.0,-1,0.0,,
u_30919,0.0,-1,0.0,,
u_30920,0.043034914056465874,5624,0.0,0.787,0.0
u_30921,0.08417531978986129,5350,0.0,0.787,0.0
u_30922,0.0,-1,0.0,,
u_30923,0.0,-1,0.0,,
u_30924,0.007675486931512359,131,0.0,0.151,0.0
u_30925,0.04005397611747031,631,0.0,0.787,0.0
u_30926,0.03988743275239104,797,0.0,0.787,0.0
u_30927,0.0,-1,0.0,,
u_30928,0.0,-1,0.0,,
u_30929,0.0,-1,0.0,,
u_30930,0.0,-1,0.0,,
u_30931,0.0,-1,0.0,,
u_30932,0.0,-1,0.0,,
u_30933,0.0,-1,0.0,,
u_30934,0.043034914056465874,4747,0.0,0.787,0.0
u_30935,0.08328016901535526,1328,0.0,0.787,0.0
u_30936,0.043034914056465874,6263,0.0,0.787,0.0
u_30937,0.08063757986191819,2835,0.0,0.787,0.0
u_30938,0.014547700419386543,3823,0.0,0.136,0.0
u_30939,0.0,-1,0.0,,
u_30940,0.0,-1,0.0,,
u_30941,0.0,-1,0.0,,
u_30942,0.0,-1,0.0,,
u_30943,7.63143662331245e-05,718,0.0,0.001,0.0
u_30944,0.0,-1,0.0,,
u_30945,0.0,-1,0.0,,
u_30946,0.0,-1,0.0,,
u_30947,0.043034914056465874,5625,0.0,0.787,0.0
u_30948,0.0,-1,0.0,,
u_30949,0.0,-1,0.0,,
u_30950,0.0,-1,0.0,,
u_30951,0.043034914056465874,5613,0.0,0.787,0.0
u_30952,0.04436602558335535,2664,0.0,0.787,0.0
u_30953,0.0,-1,0.0,,
u_30954,0.04290736266503714,578,0.0,0.787,0.0
u_30955,0.043034914056465874,6199,0.0,0.787,0.0
u_30956,7.122016405256885e-05,674,0.0,0.001,0.0
u_30957,0.0,-1,0.0,,
u_30958,0.051074630843520666,4711,0.0,0.934,0.0
u_30959,0.0,-1,0.0,,
u_30960,0.0,-1,0.0,,
u_30961,0.0,-1,0.0,,
u_30962,0.04080864275844299,152,0.0,0.787,0.0
u_30963,0.0,-1,0.0,,
u_30964,0.020422428356757366,74,0.0,0.398,0.0
u_30965,0.043034914056465874,3900,0.0,0.787,0.0
u_30966,0.0,-1,0.0,,
u_30967,0.0,-1,0.0,,
u_30968,0.0,-1,0.0,,
u_30969,0.00015341398985757018,1347,0.0,0.003,0.0
u_30970,0.043034914056465874,5328,0.0,0.787,0.0
u_30971,0.0,-1,0.0,,
u_30972,0.0,-1,0.0,,
u_30973,0.043034914056465874,5626,0.0,0.787,0.0
u_30974,0.0,-1,0.0,,
u_30975,0.0,-1,0.0,,
u_30976,0.0,-1,0.0,,
u_30977,0.043034914056465874,5892,0.0,0.787,0.0
u_30978,0.08417531978986129,4430,0.0,0.787,0.0
u_30979,0.0,-1,0.0,,
u_30980,0.0,-1,0.0,,
u_30981,0.0,-1,0.0,,
u_30982,0.0,-1,0.0,,
u_30983,0.0,-1,0.0,,
u_30984,5.947576782994429e-05,490,0.0,0.001,0.0
u_30985,0.04088591810488758,1126,0.0,0.787,0.0
u_30986,5.4157736579122935e-05,168,0.0,0.001,0.0
u_30987,0.0017447529395345253,89,0.0,0.033,0.0
u_30988,0.04320082008978898,1021,0.0,0.787,0.0
u_30989,0.0,-1,0.0,,
u_30990,0.0,-1,0.0,,
u_30991,0.0,-1,0.0,,
u_30992,0.043034914056465874,1734,0.0,0.787,0.0
u_30993,0.08098538921467797,869,0.0,0.787,0.0
u_30994,8.086055527012428e-05,776,0.0,0.001,0.0
u_30995,0.0,-1,0.0,,
u_30996,0.0,-1,0.0,,
u_30997,0.0,-1,0.0,,
u_30998,8.52909373445456e-05,857,0.0,0.002,0.0
u_30999,0.0,-1,0.0,,
u_31000,0.00016787719868115156,475,0.0,0.001,0.0
u_31001,0.043034914056465874,2376,0.0,0.787,0.0
u_31002,0.043034914056465874,5627,0.0,0.787,0.0
u_31003,0.0,-1,0.0,,
u_31004,0.043034914056465874,4559,0.0,0.787,0.0
u_31005,0.043034914056465874,5628,0.0,0.787,0.0
u_31006,0.0,-1,0.0,,
u_31007,0.0,-1,0.0,,
u_31008,0.0,-1,0.0,,
u_31009,0.0,-1,0.0,,
u_31010,0.0,-1,0.0,,
u_31011,0.00017456886125191728,869,0.0,0.003,0.0
u_31012,0.0,-1,0.0,,
u_31013,0.0,-1,0.0,,
u_31014,0.0,-1,0.0,,
u_31015,0.0,-1,0.0,,
u_31016,0.0,-1,0.0,,
u_31017,0.043034914056465874,6264,0.0,0.787,0.0
u_31018,0.0,-1,0.0,,
u_31019,0.04078931186033354,22,0.0,0.787,0.0
u_31020,0.0,-1,0.0,,
u_31021,0.0007844853233932454,1791,0.0,0.014,0.0
u_31022,0.0,-1,0.0,,
u_31023,0.0,-1,0.0,,
u_31024,0.0,-1,0.0,,
u_31025,0.18378808174472092,1578,0.0,0.884,0.0
u_31026,0.0,-1,0.0,,
u_31027,0.0,-1,0.0,,
u_31028,0.0,-1,0.0,,
u_31029,0.0,-1,0.0,,
u_31030,0.0,-1,0.0,,
u_31031,0.0,-1,0.0,,
u_31032,0.0,-1,0.0,,
u_31033,0.0,-1,0.0,,
u_31034,0.0,-1,0.0,,
u_31035,0.0,-1,0.0,,
u_31036,0.0434446938811257,1688,0.0,0.787,0.0
u_31037,0.08106520346142515,2442,0.0,0.758,0.0
u_31038,0.0,-1,0.0,,
u_31039,0.04404598270807407,2382,0.0,0.787,0.0
u_31040,0.043034914056465874,5505,0.0,0.787,0.0
u_31041,0.0,-1,0.0,,
u_31042,0.0,-1,0.0,,
u_31043,0.0,-1,0.0,,
u_31044,0.04032846362604516,185,0.0,0.787,0.0
u_31045,0.043034914056465874,3246,0.0,0.787,0.0
u_31046,0.0,-1,0.0,,
u_31047,0.0,-1,0.0,,
u_31048,0.043034914056465874,5889,0.0,0.787,0.0
u_31049,0.006330311832450921,3735,0.0,0.116,0.0
u_31050,0.0,-1,0.0,,
u_31051,0.0,-1,0.0,,
u_31052,0.0,-1,0.0,,
u_31053,0.0,-1,0.0,,
u_31054,0.0,-1,0.0,,
u_31055,0.043034914056465874,3218,0.0,0.787,0.0
u_31056,0.03989027017397291,1313,0.0,0.787,0.0
u_31057,4.664593012300856e-05,183,0.0,0.001,0.0
u_31058,0.0,-1,0.0,,
u_31059,0.0012183806335258102,313,0.0,0.012,0.0
u_31060,0.0,-1,0.0,,
u_31061,0.0007442900104670915,2488,0.0,0.014,0.0
u_31062,0.0004102657898398124,2099,0.0,0.007,0.0
u_31063,0.0,-1,0.0,,
u_31064,0.0,-1,0.0,,
u_31065,0.0,-1,0.0,,
u_31066,0.0,-1,0.0,,
u_31067,0.0,-1,0.0,,
u_31068,0.0,-1,0.0,,
u_31069,0.0,-1,0.0,,
u_31070,0.0,-1,0.0,,
u_31071,0.0,-1,0.0,,
u_31072,0.0,-1,0.0,,
u_31073,0.0,-1,0.0,,
u_31074,0.0,-1,0.0,,
u_31075,0.043034914056465874,6265,0.0,0.787,0.0
u_31076,0.0,-1,0.0,,
u_31077,0.0,-1,0.0,,
u_31078,0.0,-1,0.0,,
u_31079,0.08342633313045744,490,0.0,0.787,0.0
u_31080,0.0,-1,0.0,,
u_31081,0.0,-1,0.0,,
u_31082,0.0,-1,0.0,,
u_31083,0.0,-1,0.0,,
u_31084,0.00029401576810880953,1844,0.0,0.005,0.0
u_31085,0.0,-1,0.0,,
u_31086,0.043034914056465874,5629,0.0,0.787,0.0
u_31087,0.0,-1,0.0,,
u_31088,0.0,-1,0.0,,
u_31089,0.0,-1,0.0,,
u_31090,0.0,-1,0.0,,
u_31091,0.13554415331977412,3075,0.0,0.851,0.0
u_31092,0.0,-1,0.0,,
u_31093,0.0,-1,0.0,,
u_31094,0.0,-1,0.0,,
u_31095,0.0,-1,0.0,,
u_31096,0.0,-1,0.0,,
u_31097,0.0,-1,0.0,,
u_31098,0.0,-1,0.0,,
u_31099,0.0,-1,0.0,,
u_31100,0.0,-1,0.0,,
u_31101,0.0,-1,0.0,,
u_31102,0.0,-1,0.0,,
u_31103,0.03988835670812523,3766,0.0,0.787,0.0
u_31104,0.0,-1,0.0,,
u_31105,0.0010764429567673127,22,0.0,0.021,0.0
u_31106,0.043034914056465874,3325,0.0,0.787,0.0
u_31107,0.0,-1,0.0,,
u_31108,0.0,-1,0.0,,
u_31109,0.040572264655656,468,0.0,0.787,0.0
u_31110,0.04100959899612961,1179,0.0,0.787,0.0
u_31111,0.0,-1,0.0,,
u_31112,0.0,-1,0.0,,
u_31113,0.0,-1,0.0,,
u_31114,0.0,-1,0.0,,
u_31115,0.043034914056465874,6266,0.0,0.787,0.0
u_31116,0.0,-1,0.0,,
u_31117,0.0,-1,0.0,,
u_31118,0.0,-1,0.0,,
u_31119,0.0,-1,0.0,,
u_31120,0.0,-1,0.0,,
u_31121,0.00010070498250047408,302,0.0,0.001,0.0
u_31122,0.0,-1,0.0,,
u_31123,0.0,-1,0.0,,
u_31124,0.0,-1,0.0,,
u_31125,0.0,-1,0.0,,
u_31126,0.00022064449191481868,1144,0.0,0.002,0.0
u_31127,0.0,-1,0.0,,
u_31128,0.004027978043586131,2656,0.0,0.039,0.0
u_31129,0.045444384607055,333,0.0,0.787,0.0
u_31130,0.0,-1,0.0,,
u_31131,0.0,-1,0.0,,
u_31132,0.0,-1,0.0,,
u_31133,0.0828580758056216,2893,0.0,0.787,0.0
u_31134,0.0,-1,0.0,,
u_31135,0.009263174922348166,3948,0.0,0.169,0.0
u_31136,4.900496949961721e-05,241,0.0,0.001,0.0
u_31137,0.0,-1,0.0,,
u_31138,0.04143549455061115,1922,0.0,0.787,0.0
u_31139,0.0,-1,0.0,,
u_31140,0.0,-1,0.0,,
u_31141,0.025926983439656822,4409,0.0,0.474,0.0
u_31142,0.0,-1,0.0,,
u_31143,0.0,-1,0.0,,
u_31144,0.0,-1,0.0,,
u_31145,0.0,-1,0.0,,
u_31146,0.039887827965990504,2998,0.0,0.787,0.0
u_31147,0.0,-1,0.0,,
u_31148,0.0,-1,0.0,,
u_31149,0.0,-1,0.0,,
u_31150,0.0,-1,0.0,,
u_31151,0.0,-1,0.0,,
u_31152,0.0,-1,0.0,,
u_31153,0.0,-1,0.0,,
u_31154,0.043034914056465874,4877,0.0,0.787,0.0
u_31155,0.0,-1,0.0,,
u_31156,0.0,-1,0.0,,
u_31157,0.0,-1,0.0,,
u_31158,0.0,-1,0.0,,
u_31159,0.1923630583231923,178,0.0,0.739,0.0
u_31160,0.042130407716432006,5630,0.0,0.787,0.0
u_31161,0.03989004666644113,77,0.0,0.787,0.0
u_31162,0.0,-1,0.0,,
u_31163,0.043034914056465874,4841,0.0,0.787,0.0
u_31164,0.043034914056465874,6099,0.0,0.787,0.0
u_31165,0.0,-1,0.0,,
u_31166,9.243012399444313e-05,939,0.0,0.002,0.0
u_31167,0.08230581136137691,5331,0.0,0.787,0.0
u_31168,0.0002124423334820851,1590,0.0,0.004,0.0
u_31169,0.0,-1,0.0,,
u_31170,0.07963231271873314,4342,0.0,0.787,0.0
u_31171,0.008398677211927611,161,0.0,0.157,0.0
u_31172,0.0,-1,0.0,,
u_31173,0.012716118757450809,2881,0.0,0.241,0.0
u_31174,0.043034914056465874,3315,0.0,0.787,0.0
u_31175,0.0,-1,0.0,,
u_31176,0.0,-1,0.0,,
u_31177,0.0009731523042750849,55,0.0,0.009,0.0
u_31178,0.0002679070948495881,1785,0.0,0.005,0.0
u_31179,0.043034914056465874,5064,0.0,0.787,0.0
u_31180,0.0398900884586433,2678,0.0,0.787,0.0
u_31181,0.01679333144158295,4200,0.0,0.307,0.0
u_31182,0.0,-1,0.0,,
u_31183,0.0,-1,0.0,,
u_31184,0.0037226716352970267,3460,0.0,0.068,0.0
u_31185,0.0,-1,0.0,,
u_31186,0.0,-1,0.0,,
u_31187,0.043034914056465874,3815,0.0,0.787,0.0
u_31188,0.0,-1,0.0,,
u_31189,0.0,-1,0.0,,
u_31190,0.0,-1,0.0,,
u_31191,0.0,-1,0.0,,
u_31192,0.044368783814022636,2327,0.0,0.787,0.0
u_31193,0.03988935136603052,1458,0.0,0.787,0.0
u_31194,0.0,-1,0.0,,
u_31195,6.134981636860547e-05,538,0.0,0.001,0.0
u_31196,0.0,-1,0.0,,
u_31197,0.026678158974773217,4424,0.0,0.488,0.0
u_31198,0.0,-1,0.0,,
u_31199,0.0,-1,0.0,,
u_31200,0.0,-1,0.0,,
u_31201,0.043034914056465874,5984,0.0,0.787,0.0
u_31202,0.0,-1,0.0,,
u_31203,0.0,-1,0.0,,
u_31204,0.0,-1,0.0,,
u_31205,0.0,-1,0.0,,
u_31206,0.0,-1,0.0,,
u_31207,0.0,-1,0.0,,
u_31208,0.0,-1,0.0,,
u_31209,0.0018965678100130983,1542,0.0,0.018,0.0
u_31210,0.0,-1,0.0,,
u_31211,0.0,-1,0.0,,
u_31212,0.0,-1,0.0,,
u_31213,0.0017608165918827116,2606,0.0,0.016,0.0
u_31214,0.0,-1,0.0,,
u_31215,0.0,-1,0.0,,
u_31216,0.10370799267136271,547,0.0,0.972,0.0
u_31217,0.0,-1,0.0,,
u_31218,0.0,-1,0.0,,
u_31219,9.583861034403031e-05,987,0.0,0.002,0.0
u_31220,0.0,-1,0.0,,
u_31221,0.0,-1,0.0,,
u_31222,0.0,-1,0.0,,
u_31223,0.0,-1,0.0,,
u_31224,0.043034914056465874,4748,0.0,0.787,0.0
u_31225,0.0,-1,0.0,,
u_31226,0.0,-1,0.0,,
u_31227,0.043034914056465874,5958,0.0,0.787,0.0
u_31228,0.008223577586982798,3880,0.0,0.15,0.0
u_31229,0.043034914056465874,3230,0.0,0.787,0.0
u_31230,0.00045837678606260734,2155,0.0,0.008,0.0
u_31231,0.04057339858501665,1169,0.0,0.787,0.0
u_31232,0.0,-1,0.0,,
u_31233,7.606693807494074e-05,749,0.0,0.001,0.0
u_31234,0.08216423331612456,3168,0.0,0.787,0.0
u_31235,0.0,-1,0.0,,
u_31236,0.043034914056465874,5305,0.0,0.787,0.0
u_31237,0.0,-1,0.0,,
u_31238,0.0,-1,0.0,,
u_31239,0.043034914056465874,6059,0.0,0.787,0.0
u_31240,0.025889001697714513,1343,0.0,0.242,0.0
u_31241,0.03988834080829015,213,0.0,0.787,0.0
u_31242,0.0,-1,0.0,,
u_31243,0.0,-1,0.0,,
u_31244,0.0,-1,0.0,,
u_31245,0.0,-1,0.0,,
u_31246,0.0,-1,0.0,,
u_31247,0.0,-1,0.0,,
u_31248,0.0,-1,0.0,,
u_31249,0.0,-1,0.0,,
u_31250,0.043034914056465874,2202,0.0,0.787,0.0
u_31251,0.0,-1,0.0,,
u_31252,0.0,-1,0.0,,
u_31253,0.0,-1,0.0,,
u_31254,0.045013586786560186,269,0.0,0.787,0.0
u_31255,0.0,-1,0.0,,
u_31256,0.041521299726699545,2988,0.0,0.787,0.0
u_31257,0.0,-1,0.0,,
u_31258,0.0,-1,0.0,,
u_31259,0.043034914056465874,2815,0.0,0.787,0.0
u_31260,0.0,-1,0.0,,
u_31261,0.0,-1,0.0,,
u_31262,0.0,-1,0.0,,
u_31263,0.0,-1,0.0,,
u_31264,0.0,-1,0.0,,
u_31265,0.0,-1,0.0,,
u_31266,0.0,-1,0.0,,
u_31267,0.0,-1,0.0,,
u_31268,0.0,-1,0.0,,
u_31269,0.0,-1,0.0,,
u_31270,0.03988980631566274,4265,0.0,0.787,0.0
u_31271,0.0,-1,0.0,,
u_31272,0.04093407273836504,266,0.0,0.787,0.0
u_31273,0.00012157639418786959,1175,0.0,0.002,0.0
u_31274,0.0012900334247752674,2417,0.0,0.012,0.0
u_31275,0.0,-1,0.0,,
u_31276,0.0,-1,0.0,,
u_31277,0.0,-1,0.0,,
u_31278,0.0,-1,0.0,,
u_31279,0.0,-1,0.0,,
u_31280,0.0,-1,0.0,,
u_31281,0.0,-1,0.0,,
u_31282,0.0,-1,0.0,,
u_31283,0.0,-1,0.0,,
u_31284,0.0,-1,0.0,,
u_31285,0.043034914056465874,6267,0.0,0.787,0.0
u_31286,0.029934317154792937,4486,0.0,0.547,0.0
u_31287,0.0044237987026744825,2098,0.0,0.084,0.0
u_31288,0.0,-1,0.0,,
u_31289,0.001274770117900998,1200,0.0,0.012,0.0
u_31290,0.0,-1,0.0,,
u_31291,0.0,-1,0.0,,
u_31292,0.0,-1,0.0,,
u_31293,0.043034914056465874,5631,0.0,0.787,0.0
u_31294,0.0,-1,0.0,,
u_31295,0.0002578488021920445,104,0.0,0.003,0.0
u_31296,0.0,-1,0.0,,
u_31297,0.0,-1,0.0,,
u_31298,0.0,-1,0.0,,
u_31299,0.0,-1,0.0,,
u_31300,0.0,-1,0.0,,
u_31301,0.043034914056465874,503,0.0,0.787,0.0
u_31302,0.0,-1,0.0,,
u_31303,0.0,-1,0.0,,
u_31304,0.03988921014166071,351,0.0,0.787,0.0
u_31305,0.0398878601551581,608,0.0,0.787,0.0
u_31306,0.0001260897548135523,174,0.0,0.002,0.0
u_31307,0.0,-1,0.0,,
u_31308,0.00021930013456080124,176,0.0,0.004,0.0
u_31309,0.043034914056465874,5632,0.0,0.787,0.0
u_31310,0.0,-1,0.0,,
u_31311,0.00026646092418353216,1284,0.0,0.003,0.0
u_31312,0.039888309052212086,168,0.0,0.787,0.0
u_31313,0.0,-1,0.0,,
u_31314,0.0,-1,0.0,,
u_31315,0.0,-1,0.0,,
u_31316,0.0,-1,0.0,,
u_31317,0.0,-1,0.0,,
u_31318,0.030513257700383066,2133,0.0,0.591,0.0
u_31319,0.0,-1,0.0,,
u_31320,0.00012266175195354125,557,0.0,0.001,0.0
u_31321,0.0,-1,0.0,,
u_31322,0.0,-1,0.0,,
u_31323,0.043034914056465874,5633,0.0,0.787,0.0
u_31324,0.04414575285832764,2303,0.0,0.787,0.0
u_31325,0.0,-1,0.0,,
u_31326,0.0,-1,0.0,,
u_31327,0.0,-1,0.0,,
u_31328,0.0,-1,0.0,,
u_31329,0.0,-1,0.0,,
u_31330,0.0,-1,0.0,,
u_31331,0.0,-1,0.0,,
u_31332,0.0020366263801563237,2717,0.0,0.02,0.0
u_31333,0.0009567461483676645,2652,0.0,0.017,0.0
u_31334,0.0,-1,0.0,,
u_31335,0.0,-1,0.0,,
u_31336,0.0,-1,0.0,,
u_31337,0.0,-1,0.0,,
u_31338,0.0,-1,0.0,,
u_31339,0.00103048025694335,2689,0.0,0.019,0.0
u_31340,0.0,-1,0.0,,
u_31341,0.0,-1,0.0,,
u_31342,0.0,-1,0.0,,
u_31343,0.043034914056465874,5634,0.0,0.787,0.0
u_31344,0.0,-1,0.0,,
u_31345,0.0,-1,0.0,,
u_31346,0.0,-1,0.0,,
u_31347,0.0,-1,0.0,,
u_31348,0.043034914056465874,6268,0.0,0.787,0.0
u_31349,0.0,-1,0.0,,
u_31350,0.0,-1,0.0,,
u_31351,0.0005177243843340422,2234,0.0,0.009,0.0
u_31352,0.0,-1,0.0,,
u_31353,0.043034914056465874,5558,0.0,0.787,0.0
u_31354,0.0,-1,0.0,,
u_31355,0.0,-1,0.0,,
u_31356,0.0,-1,0.0,,
u_31357,0.0,-1,0.0,,
u_31358,0.0,-1,0.0,,
u_31359,0.043034914056465874,5635,0.0,0.787,0.0
u_31360,0.0,-1,0.0,,
u_31361,0.0,-1,0.0,,
u_31362,0.0,-1,0.0,,
u_31363,0.0,-1,0.0,,
u_31364,0.0,-1,0.0,,
u_31365,0.043034914056465874,5321,0.0,0.787,0.0
u_31366,0.043034914056465874,5954,0.0,0.787,0.0
u_31367,0.043034914056465874,5636,0.0,0.787,0.0
u_31368,0.039892170914903755,4281,0.0,0.787,0.0
u_31369,0.0,-1,0.0,,
u_31370,0.0,-1,0.0,,
u_31371,0.0,-1,0.0,,
u_31372,0.0,-1,0.0,,
u_31373,0.042130407716432006,5752,0.0,0.787,0.0
u_31374,0.0,-1,0.0,,
u_31375,0.0004498596648431676,2137,0.0,0.008,0.0
u_31376,0.0,-1,0.0,,
u_31377,0.0,-1,0.0,,
u_31378,0.0,-1,0.0,,
u_31379,0.0,-1,0.0,,
u_31380,0.0,-1,0.0,,
u_31381,0.00207986971796972,3110,0.0,0.038,0.0
u_31382,0.0,-1,0.0,,
u_31383,0.0,-1,0.0,,
u_31384,0.0,-1,0.0,,
u_31385,0.0,-1,0.0,,
u_31386,0.0005740856982156279,2305,0.0,0.01,0.0
u_31387,0.00024998138189790656,1122,0.0,0.005,0.0
u_31388,0.0,-1,0.0,,
u_31389,0.0,-1,0.0,,
u_31390,0.03989393077195757,4225,0.0,0.787,0.0
u_31391,0.00012882685152725956,77,0.0,0.002,0.0
u_31392,0.043180732046446665,1108,0.0,0.787,0.0
u_31393,0.0,-1,0.0,,
u_31394,0.0,-1,0.0,,
u_31395,0.04257433219282858,2752,0.0,0.787,0.0
u_31396,0.0006448784349691954,2400,0.0,0.012,0.0
u_31397,0.04268053767630417,796,0.0,0.787,0.0
u_31398,0.03988793621637446,1787,0.0,0.787,0.0
u_31399,0.0,-1,0.0,,
u_31400,0.004076430160769455,3521,0.0,0.076,0.0
u_31401,0.0011138650001281806,2722,0.0,0.02,0.0
u_31402,0.0,-1,0.0,,
u_31403,0.0,-1,0.0,,
u_31404,0.0,-1,0.0,,
u_31405,0.08239820861438604,3552,0.0,0.787,0.0
u_31406,0.0,-1,0.0,,
u_31407,0.039889531222917884,334,0.0,0.787,0.0
u_31408,0.012832024504140583,1210,0.0,0.121,0.0
u_31409,0.03988858410354506,4207,0.0,0.787,0.0
u_31410,0.0,-1,0.0,,
u_31411,0.0,-1,0.0,,
u_31412,0.0,-1,0.0,,
u_31413,0.0,-1,0.0,,
u_31414,0.04122134063977877,2733,0.0,0.787,0.0
u_31415,0.0,-1,0.0,,
u_31416,0.0,-1,0.0,,
u_31417,0.0,-1,0.0,,
u_31418,0.043034914056465874,5637,0.0,0.787,0.0
u_31419,0.0,-1,0.0,,
u_31420,0.043034914056465874,4512,0.0,0.787,0.0
u_31421,0.016879402133826316,1126,0.0,0.11,0.0
u_31422,0.0,-1,0.0,,
u_31423,0.0,-1,0.0,,
u_31424,0.0,-1,0.0,,
u_31425,0.0,-1,0.0,,
u_31426,0.0,-1,0.0,,
u_31427,0.0,-1,0.0,,
u_31428,0.0,-1,0.0,,
u_31429,0.0,-1,0.0,,
u_31430,0.0,-1,0.0,,
u_31431,0.0,-1,0.0,,
u_31432,0.043034914056465874,6269,0.0,0.787,0.0
u_31433,0.043034914056465874,4783,0.0,0.787,0.0
u_31434,0.0,-1,0.0,,
u_31435,0.043034914056465874,4806,0.0,0.787,0.0
u_31436,0.0,-1,0.0,,
u_31437,0.0,-1,0.0,,
u_31438,9.539784121390563e-05,979,0.0,0.002,0.0
u_31439,0.0,-1,0.0,,
u_31440,0.0,-1,0.0,,
u_31441,0.043034914056465874,5638,0.0,0.787,0.0
u_31442,0.0,-1,0.0,,
u_31443,0.0,-1,0.0,,
u_31444,0.08481896644997747,1405,0.0,0.787,0.0
u_31445,0.0,-1,0.0,,
u_31446,0.0,-1,0.0,,
u_31447,0.08417531978986129,5639,0.0,0.787,0.0
u_31448,0.0,-1,0.0,,
u_31449,0.0,-1,0.0,,
u_31450,0.043034914056465874,1175,0.0,0.787,0.0
u_31451,0.0,-1,0.0,,
u_31452,0.002870411196830711,2407,0.0,0.055,0.0
u_31453,0.0,-1,0.0,,
u_31454,0.0,-1,0.0,,
u_31455,0.0,-1,0.0,,
u_31456,0.0,-1,0.0,,
u_31457,0.04255618946404312,24,0.0,0.787,0.0
u_31458,0.0,-1,0.0,,
u_31459,0.0,-1,0.0,,
u_31460,0.0,-1,0.0,,
u_31461,0.0,-1,0.0,,
u_31462,0.0,-1,0.0,,
u_31463,0.0,-1,0.0,,
u_31464,0.08236983409371966,2089,0.0,0.787,0.0
u_31465,0.0796356975126153,3118,0.0,0.787,0.0
u_31466,0.0,-1,0.0,,
u_31467,0.03988732592197803,1986,0.0,0.787,0.0
u_31468,0.042130407716432006,5194,0.0,0.787,0.0
u_31469,0.0,-1,0.0,,
u_31470,0.043034914056465874,5640,0.0,0.787,0.0
u_31471,0.0,-1,0.0,,
u_31472,0.0,-1,0.0,,
u_31473,0.08229431874113328,670,0.0,0.787,0.0
u_31474,0.0,-1,0.0,,
u_31475,0.04282532088225286,1922,0.0,0.787,0.0
u_31476,0.0,-1,0.0,,
u_31477,0.00011211160614314667,811,0.0,0.002,0.0
u_31478,0.0,-1,0.0,,
u_31479,0.0437014393793553,3609,0.0,0.787,0.0
u_31480,0.0,-1,0.0,,
u_31481,0.0,-1,0.0,,
u_31482,0.0,-1,0.0,,
u_31483,0.0,-1,0.0,,
u_31484,0.0,-1,0.0,,
u_31485,0.0,-1,0.0,,
u_31486,0.11998087216903226,2721,0.0,0.787,0.0
u_31487,0.0,-1,0.0,,
u_31488,0.0,-1,0.0,,
u_31489,0.0,-1,0.0,,
u_31490,0.04245422175511558,258,0.0,0.787,0.0
u_31491,0.0,-1,0.0,,
u_31492,0.0,-1,0.0,,
u_31493,0.0,-1,0.0,,
u_31494,0.013868852037255162,161,0.0,0.271,0.0
u_31495,0.0,-1,0.0,,
u_31496,0.0,-1,0.0,,
u_31497,0.0,-1,0.0,,
u_31498,0.0020605570911612944,619,0.0,0.04,0.0
u_31499,0.0,-1,0.0,,
u_31500,0.0,-1,0.0,,
u_31501,0.043034914056465874,5641,0.0,0.787,0.0
u_31502,0.0,-1,0.0,,
u_31503,0.04303551104438178,2111,0.0,0.787,0.0
u_31504,0.0,-1,0.0,,
u_31505,0.0,-1,0.0,,
u_31506,0.0,-1,0.0,,
u_31507,0.0,-1,0.0,,
u_31508,0.0,-1,0.0,,
u_31509,0.043034914056465874,6203,0.0,0.787,0.0
u_31510,0.0,-1,0.0,,
u_31511,0.0,-1,0.0,,
u_31512,0.0,-1,0.0,,
u_31513,0.022142504637475743,4324,0.0,0.393,0.0
u_31514,0.0,-1,0.0,,
u_31515,0.0,-1,0.0,,
u_31516,0.0,-1,0.0,,
u_31517,0.0,-1,0.0,,
u_31518,0.07978428565866987,2721,0.0,0.787,0.0
u_31519,0.0,-1,0.0,,
u_31520,0.0,-1,0.0,,
u_31521,0.0,-1,0.0,,
u_31522,0.00044933678232942953,968,0.0,0.004,0.0
u_31523,0.00879499068501693,2839,0.0,0.082,0.0
u_31524,0.0,-1,0.0,,
u_31525,0.0,-1,0.0,,
u_31526,0.08169034746938865,468,0.0,0.787,0.0
u_31527,0.0,-1,0.0,,
u_31528,0.0,-1,0.0,,
u_31529,0.0,-1,0.0,,
u_31530,0.0,-1,0.0,,
u_31531,0.0,-1,0.0,,
u_31532,0.0,-1,0.0,,
u_31533,0.03988861357394581,2337,0.0,0.787,0.0
u_31534,0.08204849960518171,1758,0.0,0.787,0.0
u_31535,0.0,-1,0.0,,
u_31536,0.0,-1,0.0,,
u_31537,0.043034914056465874,5642,0.0,0.787,0.0
u_31538,0.0,-1,0.0,,
u_31539,0.0,-1,0.0,,
u_31540,0.0,-1,0.0,,
u_31541,0.041643590953676264,3750,0.0,0.787,0.0
u_31542,0.043034914056465874,5643,0.0,0.787,0.0
u_31543,4.835482604377931e-05,83,0.0,0.001,0.0
u_31544,0.043034914056465874,5955,0.0,0.787,0.0
u_31545,0.0,-1,0.0,,
u_31546,0.043034914056465874,84,0.0,0.787,0.0
u_31547,0.0,-1,0.0,,
u_31548,0.043034914056465874,6270,0.0,0.787,0.0
u_31549,0.0,-1,0.0,,
u_31550,0.0,-1,0.0,,
u_31551,0.03989084512072789,913,0.0,0.787,0.0
u_31552,0.0,-1,0.0,,
u_31553,0.0,-1,0.0,,
u_31554,0.0,-1,0.0,,
u_31555,0.01202005309166421,438,0.0,0.226,0.0
u_31556,0.0,-1,0.0,,
u_31557,0.08685003246225338,1051,0.0,0.787,0.0
u_31558,0.0,-1,0.0,,
u_31559,0.0,-1,0.0,,
u_31560,0.043034914056465874,6271,0.0,0.787,0.0
u_31561,0.043034914056465874,5043,0.0,0.787,0.0
u_31562,0.04546414114823318,2504,0.0,0.787,0.0
u_31563,0.045044139669017706,2992,0.0,0.787,0.0
u_31564,0.0,-1,0.0,,
u_31565,0.0,-1,0.0,,
u_31566,0.0,-1,0.0,,
u_31567,0.04084634879785466,2280,0.0,0.787,0.0
u_31568,0.0,-1,0.0,,
u_31569,0.043034914056465874,5848,0.0,0.787,0.0
u_31570,0.0,-1,0.0,,
u_31571,0.0796372461686876,2475,0.0,0.787,0.0
u_31572,0.08802614872277975,1524,0.0,0.829,0.0
u_31573,0.0,-1,0.0,,
u_31574,0.043034914056465874,5961,0.0,0.787,0.0
u_31575,0.08131076809668243,222,0.0,0.787,0.0
u_31576,0.0076614722919425456,3840,0.0,0.14,0.0
u_31577,0.0,-1,0.0,,
u_31578,0.0,-1,0.0,,
u_31579,0.0,-1,0.0,,
u_31580,0.0,-1,0.0,,
u_31581,0.03989086598732477,1695,0.0,0.787,0.0
u_31582,0.0,-1,0.0,,
u_31583,0.043034914056465874,5644,0.0,0.787,0.0
u_31584,0.0,-1,0.0,,
u_31585,0.00033612672306131917,1942,0.0,0.006,0.0
u_31586,0.0,-1,0.0,,
u_31587,0.0,-1,0.0,,
u_31588,0.0,-1,0.0,,
u_31589,0.0,-1,0.0,,
u_31590,0.0,-1,0.0,,
u_31591,0.043034914056465874,5645,0.0,0.787,0.0
u_31592,0.043034914056465874,1669,0.0,0.787,0.0
u_31593,0.0,-1,0.0,,
u_31594,0.08177437691949878,112,0.0,0.787,0.0
u_31595,0.0,-1,0.0,,
u_31596,4.9120799664007026e-05,214,0.0,0.001,0.0
u_31597,0.04363735666619704,161,0.0,0.841,0.0
u_31598,0.0,-1,0.0,,
u_31599,0.0,-1,0.0,,
u_31600,0.0,-1,0.0,,
u_31601,0.043034914056465874,3404,0.0,0.787,0.0
u_31602,0.043034914056465874,4302,0.0,0.787,0.0
u_31603,0.0,-1,0.0,,
u_31604,0.11714529716343529,4603,0.0,0.728,0.0
u_31605,0.043034914056465874,1156,0.0,0.787,0.0
u_31606,0.0,-1,0.0,,
u_31607,0.043034914056465874,6131,0.0,0.787,0.0
u_31608,0.0,-1,0.0,,
u_31609,0.0,-1,0.0,,
u_31610,0.0,-1,0.0,,
u_31611,0.0,-1,0.0,,
u_31612,0.0,-1,0.0,,
u_31613,0.0,-1,0.0,,
u_31614,0.0,-1,0.0,,
u_31615,0.0,-1,0.0,,
u_31616,0.04212269168540121,1800,0.0,0.787,0.0
u_31617,0.0,-1,0.0,,
u_31618,0.0,-1,0.0,,
u_31619,0.00012427143664032786,1205,0.0,0.002,0.0
u_31620,0.0,-1,0.0,,
u_31621,0.0,-1,0.0,,
u_31622,0.0,-1,0.0,,
u_31623,0.042130407716432006,5098,0.0,0.787,0.0
u_31624,0.0,-1,0.0,,
u_31625,0.0,-1,0.0,,
u_31626,0.0004369515061956908,2141,0.0,0.008,0.0
u_31627,0.043034914056465874,5646,0.0,0.787,0.0
u_31628,0.000661387791736872,2420,0.0,0.012,0.0
u_31629,0.0,-1,0.0,,
u_31630,0.002093222228028142,3112,0.0,0.038,0.0
u_31631,0.043034914056465874,5303,0.0,0.787,0.0
u_31632,0.0,-1,0.0,,
u_31633,0.0,-1,0.0,,
u_31634,0.0,-1,0.0,,
u_31635,0.0,-1,0.0,,
u_31636,0.0,-1,0.0,,
u_31637,0.002530451476553719,3216,0.0,0.046,0.0
u_31638,0.0,-1,0.0,,
u_31639,0.0,-1,0.0,,
u_31640,0.03988955308413972,420,0.0,0.787,0.0
u_31641,0.0,-1,0.0,,
u_31642,0.01112519055246044,3439,0.0,0.199,0.0
u_31643,0.017492288942270468,4215,0.0,0.32,0.0
u_31644,0.0,-1,0.0,,
u_31645,0.0,-1,0.0,,
u_31646,0.0,-1,0.0,,
u_31647,0.0,-1,0.0,,
u_31648,0.0,-1,0.0,,
u_31649,0.0,-1,0.0,,
u_31650,0.0,-1,0.0,,
u_31651,0.043034914056465874,5540,0.0,0.787,0.0
u_31652,0.0,-1,0.0,,
u_31653,0.0,-1,0.0,,
u_31654,0.0,-1,0.0,,
u_31655,0.0,-1,0.0,,
u_31656,0.0,-1,0.0,,
u_31657,0.043034914056465874,5647,0.0,0.787,0.0
u_31658,0.0,-1,0.0,,
u_31659,0.0,-1,0.0,,
u_31660,0.0,-1,0.0,,
u_31661,0.0,-1,0.0,,
u_31662,0.034194327942737454,74,0.0,0.321,0.0
u_31663,0.0,-1,0.0,,
u_31664,0.0,-1,0.0,,
u_31665,0.0,-1,0.0,,
u_31666,0.043034914056465874,6053,0.0,0.787,0.0
u_31667,0.00018194655137207346,976,0.0,0.002,0.0
u_31668,0.0,-1,0.0,,
u_31669,0.00033002311745331827,7,0.0,0.003,0.0
u_31670,0.0,-1,0.0,,
u_31671,0.0,-1,0.0,,
u_31672,0.0,-1,0.0,,
u_31673,0.0,-1,0.0,,
u_31674,0.0,-1,0.0,,
u_31675,0.0019265608999505244,200,0.0,0.012,0.0
u_31676,0.009644444371084585,3972,0.0,0.176,0.0
u_31677,0.0,-1,0.0,,
u_31678,0.04179058091348191,491,0.0,0.787,0.0
u_31679,0.0,-1,0.0,,
u_31680,0.0,-1,0.0,,
u_31681,0.0,-1,0.0,,
u_31682,0.043034914056465874,3462,0.0,0.787,0.0
u_31683,6.139709535763912e-05,516,0.0,0.001,0.0
u_31684,0.0,-1,0.0,,
u_31685,0.005149078574088746,174,0.0,0.097,0.0
u_31686,0.0,-1,0.0,,
u_31687,0.00014480550917327558,168,0.0,0.001,0.0
u_31688,0.0,-1,0.0,,
u_31689,0.0,-1,0.0,,
u_31690,0.0,-1,0.0,,
u_31691,0.043420050934883186,1731,0.0,0.787,0.0
u_31692,0.0,-1,0.0,,
u_31693,0.0,-1,0.0,,
u_31694,0.0,-1,0.0,,
u_31695,0.043073780302288006,1703,0.0,0.787,0.0
u_31696,0.0,-1,0.0,,
u_31697,0.039888188629023325,2258,0.0,0.787,0.0
u_31698,0.043034914056465874,4682,0.0,0.787,0.0
u_31699,0.043034914056465874,5648,0.0,0.787,0.0
u_31700,0.0,-1,0.0,,
u_31701,0.040595786301795105,1983,0.0,0.787,0.0
u_31702,0.0,-1,0.0,,
u_31703,0.0,-1,0.0,,
u_31704,0.0,-1,0.0,,
u_31705,0.043034914056465874,5649,0.0,0.787,0.0
u_31706,0.0,-1,0.0,,
u_31707,0.0,-1,0.0,,
u_31708,0.0,-1,0.0,,
u_31709,0.0,-1,0.0,,
u_31710,0.0,-1,0.0,,
u_31711,0.002809482835649026,22,0.0,0.054,0.0
u_31712,0.040894194172343065,2015,0.0,0.787,0.0
u_31713,0.043034914056465874,2954,0.0,0.787,0.0
u_31714,0.0,-1,0.0,,
u_31715,0.040324215838086014,568,0.0,0.787,0.0
u_31716,0.04038139491832832,2607,0.0,0.787,0.0
u_31717,0.0,-1,0.0,,
u_31718,0.0,-1,0.0,,
u_31719,0.0,-1,0.0,,
u_31720,0.043034914056465874,2735,0.0,0.787,0.0
u_31721,0.0,-1,0.0,,
u_31722,0.0,-1,0.0,,
u_31723,0.0,-1,0.0,,
u_31724,0.0,-1,0.0,,
u_31725,0.00010264323652498867,1044,0.0,0.002,0.0
u_31726,0.043034914056465874,6068,0.0,0.787,0.0
u_31727,0.0,-1,0.0,,
u_31728,0.0,-1,0.0,,
u_31729,0.0,-1,0.0,,
u_31730,0.0,-1,0.0,,
u_31731,0.0010637374049824433,2708,0.0,0.019,0.0
u_31732,0.0008325157861519679,2557,0.0,0.015,0.0
u_31733,0.0,-1,0.0,,
u_31734,0.0,-1,0.0,,
u_31735,0.0,-1,0.0,,
u_31736,0.0,-1,0.0,,
u_31737,0.0,-1,0.0,,
u_31738,0.0,-1,0.0,,
u_31739,0.0002896429484955302,1835,0.0,0.005,0.0
u_31740,0.039899380457038,3704,0.0,0.787,0.0
u_31741,0.043034914056465874,2255,0.0,0.787,0.0
u_31742,0.043034914056465874,6125,0.0,0.787,0.0
u_31743,0.0,-1,0.0,,
u_31744,0.0,-1,0.0,,
u_31745,6.088008181546281e-05,510,0.0,0.001,0.0
u_31746,0.0,-1,0.0,,
u_31747,0.0,-1,0.0,,
u_31748,0.043034914056465874,3171,0.0,0.787,0.0
u_31749,0.0,-1,0.0,,
u_31750,0.0,-1,0.0,,
u_31751,0.08236630710979355,5173,0.0,0.787,0.0
u_31752,0.0,-1,0.0,,
u_31753,0.04303138337766755,1588,0.0,0.787,0.0
u_31754,0.043034914056465874,2228,0.0,0.787,0.0
u_31755,0.0,-1,0.0,,
u_31756,0.0,-1,0.0,,
u_31757,0.0,-1,0.0,,
u_31758,0.039895739522140726,1235,0.0,0.787,0.0
u_31759,0.0,-1,0.0,,
u_31760,0.0,-1,0.0,,
u_31761,0.08417531978986129,4657,0.0,0.787,0.0
u_31762,0.042517981852363135,464,0.0,0.787,0.0
u_31763,0.043034914056465874,5360,0.0,0.787,0.0
u_31764,0.0,-1,0.0,,
u_31765,0.0,-1,0.0,,
u_31766,0.0,-1,0.0,,
u_31767,0.04128669634097242,2693,0.0,0.787,0.0
u_31768,0.0,-1,0.0,,
u_31769,0.043034914056465874,6192,0.0,0.787,0.0
u_31770,0.0,-1,0.0,,
u_31771,0.0,-1,0.0,,
u_31772,0.0,-1,0.0,,
u_31773,0.0,-1,0.0,,
u_31774,0.043034914056465874,944,0.0,0.787,0.0
u_31775,0.0,-1,0.0,,
u_31776,0.0,-1,0.0,,
u_31777,0.043034914056465874,6003,0.0,0.787,0.0
u_31778,0.0,-1,0.0,,
u_31779,0.042130407716432006,5286,0.0,0.787,0.0
u_31780,0.0,-1,0.0,,
u_31781,0.04512830592459553,2040,0.0,0.787,0.0
u_31782,0.0,-1,0.0,,
u_31783,0.0,-1,0.0,,
u_31784,0.0,-1,0.0,,
u_31785,0.0,-1,0.0,,
u_31786,0.0,-1,0.0,,
u_31787,0.0,-1,0.0,,
u_31788,0.04092139359767407,804,0.0,0.787,0.0
u_31789,0.0,-1,0.0,,
u_31790,0.0,-1,0.0,,
u_31791,0.0,-1,0.0,,
u_31792,0.0,-1,0.0,,
u_31793,0.0,-1,0.0,,
u_31794,0.0,-1,0.0,,
u_31795,0.0,-1,0.0,,
u_31796,0.0,-1,0.0,,
u_31797,0.0,-1,0.0,,
u_31798,0.0,-1,0.0,,
u_31799,0.0,-1,0.0,,
u_31800,0.0,-1,0.0,,
u_31801,0.0,-1,0.0,,
u_31802,0.043034914056465874,5588,0.0,0.787,0.0
u_31803,0.0,-1,0.0,,
u_31804,0.0,-1,0.0,,
u_31805,0.0,-1,0.0,,
u_31806,0.0,-1,0.0,,
u_31807,0.010684831621858222,4006,0.0,0.189,0.0
u_31808,0.00017587297235660706,1474,0.0,0.003,0.0
u_31809,0.0,-1,0.0,,
u_31810,0.0,-1,0.0,,
u_31811,0.043034914056465874,5650,0.0,0.787,0.0
u_31812,0.043034914056465874,4863,0.0,0.787,0.0
u_31813,0.0,-1,0.0,,
u_31814,0.01228905243374519,3471,0.0,0.113,0.0
u_31815,0.043034914056465874,4505,0.0,0.787,0.0
u_31816,0.0,-1,0.0,,
u_31817,0.0,-1,0.0,,
u_31818,0.0,-1,0.0,,
u_31819,0.0,-1,0.0,,
u_31820,0.0,-1,0.0,,
u_31821,0.0,-1,0.0,,
u_31822,0.0,-1,0.0,,
u_31823,0.03989405143493308,1329,0.0,0.787,0.0
u_31824,0.08417531978986129,2159,0.0,0.787,0.0
u_31825,0.0,-1,0.0,,
u_31826,0.0001237823643186955,1182,0.0,0.002,0.0
u_31827,0.039888597899488676,61,0.0,0.787,0.0
u_31828,0.039888016253613524,3242,0.0,0.787,0.0
u_31829,0.0,-1,0.0,,
u_31830,0.043034914056465874,5493,0.0,0.787,0.0
u_31831,0.0,-1,0.0,,
u_31832,0.0,-1,0.0,,
u_31833,0.0,-1,0.0,,
u_31834,0.042130407716432006,4908,0.0,0.787,0.0
u_31835,0.00022023290231577725,1118,0.0,0.002,0.0
u_31836,0.0,-1,0.0,,
u_31837,0.0,-1,0.0,,
u_31838,0.0,-1,0.0,,
u_31839,0.03988905525883716,1414,0.0,0.787,0.0
u_31840,0.0,-1,0.0,,
u_31841,0.028670860217422916,2758,0.0,0.539,0.0
u_31842,0.0,-1,0.0,,
u_31843,0.0,-1,0.0,,
u_31844,0.0,-1,0.0,,
u_31845,0.043034914056465874,6272,0.0,0.787,0.0
u_31846,0.0,-1,0.0,,
u_31847,0.0,-1,0.0,,
u_31848,0.0,-1,0.0,,
u_31849,0.0,-1,0.0,,
u_31850,0.0,-1,0.0,,
u_31851,0.0,-1,0.0,,
u_31852,0.08485963643706718,1937,0.0,0.787,0.0
u_31853,0.043034914056465874,5821,0.0,0.787,0.0
u_31854,0.0014015406796827907,2895,0.0,0.026,0.0
u_31855,0.043034914056465874,4472,0.0,0.787,0.0
u_31856,0.043034914056465874,5232,0.0,0.787,0.0
u_31857,0.03988895231524554,519,0.0,0.787,0.0
u_31858,0.0,-1,0.0,,
u_31859,0.0013685254106109636,2859,0.0,0.024,0.0
u_31860,0.0,-1,0.0,,
u_31861,0.019159203900090915,1974,0.0,0.182,0.0
u_31862,0.0,-1,0.0,,
u_31863,0.0,-1,0.0,,
u_31864,0.0,-1,0.0,,
u_31865,0.043036774108929546,3322,0.0,0.787,0.0
u_31866,0.0,-1,0.0,,
u_31867,0.0,-1,0.0,,
u_31868,0.0,-1,0.0,,
u_31869,0.043034914056465874,4752,0.0,0.787,0.0
u_31870,0.043034914056465874,1755,0.0,0.787,0.0
u_31871,0.043034914056465874,2737,0.0,0.787,0.0
u_31872,0.0,-1,0.0,,
u_31873,0.08417531978986129,5092,0.0,0.787,0.0
u_31874,0.043034914056465874,6045,0.0,0.787,0.0
u_31875,0.0,-1,0.0,,
u_31876,0.043034914056465874,3265,0.0,0.787,0.0
u_31877,0.0,-1,0.0,,
u_31878,0.0,-1,0.0,,
u_31879,0.0,-1,0.0,,
u_31880,0.043034914056465874,5651,0.0,0.787,0.0
u_31881,0.043034914056465874,6273,0.0,0.787,0.0
u_31882,0.0,-1,0.0,,
u_31883,0.019388838134373275,804,0.0,0.341,0.0
u_31884,0.036995681301980686,3554,0.0,0.708,0.0
u_31885,0.00020278160113813915,5,0.0,0.003,0.0
u_31886,0.0,-1,0.0,,
u_31887,0.0,-1,0.0,,
u_31888,0.04303382662587563,1096,0.0,0.787,0.0
u_31889,0.043034914056465874,5652,0.0,0.787,0.0
u_31890,0.0,-1,0.0,,
u_31891,0.03020831991008358,4491,0.0,0.552,0.0
u_31892,0.0,-1,0.0,,
u_31893,0.0,-1,0.0,,
u_31894,0.0,-1,0.0,,
u_31895,0.0,-1,0.0,,
u_31896,0.040625683740556286,276,0.0,0.787,0.0
u_31897,0.0,-1,0.0,,
u_31898,0.0,-1,0.0,,
u_31899,0.043034914056465874,3112,0.0,0.787,0.0
u_31900,0.0,-1,0.0,,
u_31901,0.0,-1,0.0,,
u_31902,0.0,-1,0.0,,
u_31903,0.0,-1,0.0,,
u_31904,0.012111773088856357,5,0.0,0.118,0.0
u_31905,0.0,-1,0.0,,
u_31906,0.006443145230540277,2968,0.0,0.119,0.0
u_31907,0.043034914056465874,2629,0.0,0.787,0.0
u_31908,0.043034914056465874,3104,0.0,0.787,0.0
u_31909,0.0,-1,0.0,,
u_31910,0.0,-1,0.0,,
u_31911,0.0,-1,0.0,,
u_31912,0.043034914056465874,5653,0.0,0.787,0.0
u_31913,0.043034914056465874,5654,0.0,0.787,0.0
u_31914,0.0,-1,0.0,,
u_31915,0.043034914056465874,610,0.0,0.787,0.0
u_31916,0.0,-1,0.0,,
u_31917,0.058635435468253144,2944,0.0,0.55,0.0
u_31918,0.0,-1,0.0,,
u_31919,0.0,-1,0.0,,
u_31920,0.0,-1,0.0,,
u_31921,0.0,-1,0.0,,
u_31922,0.0,-1,0.0,,
u_31923,0.08400369027117807,126,0.0,0.787,0.0
u_31924,0.0,-1,0.0,,
u_31925,0.043034914056465874,5655,0.0,0.787,0.0
u_31926,0.043034914056465874,5656,0.0,0.787,0.0
u_31927,0.0,-1,0.0,,
u_31928,0.08360584699056052,2465,0.0,0.787,0.0
u_31929,0.03988765708825206,402,0.0,0.787,0.0
u_31930,0.0,-1,0.0,,
u_31931,0.0,-1,0.0,,
u_31932,0.0,-1,0.0,,
u_31933,0.0,-1,0.0,,
u_31934,0.0,-1,0.0,,
u_31935,0.0,-1,0.0,,
u_31936,0.0001427415643269448,1306,0.0,0.003,0.0
u_31937,0.0,-1,0.0,,
u_31938,0.0,-1,0.0,,
u_31939,0.0,-1,0.0,,
u_31940,0.0,-1,0.0,,
u_31941,0.042130407716432006,4855,0.0,0.787,0.0
u_31942,0.0,-1,0.0,,
u_31943,0.043034914056465874,4000,0.0,0.787,0.0
u_31944,0.0,-1,0.0,,
u_31945,0.0,-1,0.0,,
u_31946,0.08551015315177662,3224,0.0,0.787,0.0
u_31947,0.0,-1,0.0,,
u_31948,0.0,-1,0.0,,
u_31949,0.0,-1,0.0,,
u_31950,0.0,-1,0.0,,
u_31951,8.222498193960091e-05,824,0.0,0.002,0.0
u_31952,0.04747127481768094,274,0.0,0.906,0.0
u_31953,0.0027622156651466207,3272,0.0,0.05,0.0
u_31954,0.0,-1,0.0,,
u_31955,0.0006743264340155864,1976,0.0,0.006,0.0
u_31956,0.04004813251922397,917,0.0,0.787,0.0
u_31957,0.043034914056465874,5657,0.0,0.787,0.0
u_31958,0.0,-1,0.0,,
u_31959,0.0,-1,0.0,,
u_31960,0.0,-1,0.0,,
u_31961,0.0,-1,0.0,,
u_31962,0.00013113636728147293,604,0.0,0.001,0.0
u_31963,0.0,-1,0.0,,
u_31964,0.003976537604956407,3491,0.0,0.073,0.0
u_31965,0.0,-1,0.0,,
u_31966,0.0,-1,0.0,,
u_31967,0.0070631142366802645,2466,0.0,0.128,0.0
u_31968,0.0,-1,0.0,,
u_31969,0.0,-1,0.0,,
u_31970,0.010490953999797815,343,0.0,0.203,0.0
u_31971,0.0,-1,0.0,,
u_31972,0.043034914056465874,6271,0.0,0.787,0.0
u_31973,0.0,-1,0.0,,
u_31974,0.0002709931047222219,1179,0.0,0.005,0.0
u_31975,0.0,-1,0.0,,
u_31976,0.0,-1,0.0,,
u_31977,0.041102032737018526,143,0.0,0.787,0.0
u_31978,0.0802729152416639,2040,0.0,0.787,0.0
u_31979,0.0,-1,0.0,,
u_31980,0.0,-1,0.0,,
u_31981,0.0,-1,0.0,,
u_31982,0.043034914056465874,4704,0.0,0.787,0.0
u_31983,0.0,-1,0.0,,
u_31984,0.0,-1,0.0,,
u_31985,0.0,-1,0.0,,
u_31986,0.00281806225365898,2197,0.0,0.052,0.0
u_31987,0.0,-1,0.0,,
u_31988,0.0,-1,0.0,,
u_31989,0.0,-1,0.0,,
u_31990,0.04501336300835617,380,0.0,0.787,0.0
u_31991,0.0,-1,0.0,,
u_31992,0.0,-1,0.0,,
u_31993,0.0,-1,0.0,,
u_31994,0.043034914056465874,6100,0.0,0.787,0.0
u_31995,0.043034914056465874,6197,0.0,0.787,0.0
u_31996,0.0,-1,0.0,,
u_31997,0.0,-1,0.0,,
u_31998,0.043034914056465874,4851,0.0,0.787,0.0
u_31999,0.0,-1,0.0,,
u_32000,0.0804631065444025,1188,0.0,0.787,0.0
u_32001,0.0,-1,0.0,,
u_32002,0.0,-1,0.0,,
u_32003,0.0,-1,0.0,,
u_32004,0.043224354057649836,2242,0.0,0.787,0.0
u_32005,0.0,-1,0.0,,
u_32006,0.0,-1,0.0,,
u_32007,0.0,-1,0.0,,
u_32008,0.080273095355941,889,0.0,0.787,0.0
u_32009,0.0,-1,0.0,,
u_32010,0.0,-1,0.0,,
u_32011,0.0,-1,0.0,,
u_32012,0.043034914056465874,2420,0.0,0.787,0.0
u_32013,0.04078842919782994,4614,0.0,0.746,0.0
u_32014,0.0,-1,0.0,,
u_32015,0.0,-1,0.0,,
u_32016,0.0,-1,0.0,,
u_32017,0.0,-1,0.0,,
u_32018,0.08390503980180422,799,0.0,0.787,0.0
u_32019,0.043034914056465874,1412,0.0,0.787,0.0
u_32020,0.0,-1,0.0,,
u_32021,0.0,-1,0.0,,
u_32022,0.0,-1,0.0,,
u_32023,0.0,-1,0.0,,
u_32024,0.043034914056465874,5658,0.0,0.787,0.0
u_32025,0.0,-1,0.0,,
u_32026,0.0,-1,0.0,,
u_32027,0.0,-1,0.0,,
u_32028,0.016662866329138618,4197,0.0,0.305,0.0
u_32029,0.0,-1,0.0,,
u_32030,0.0,-1,0.0,,
u_32031,0.0,-1,0.0,,
u_32032,0.0,-1,0.0,,
u_32033,0.0,-1,0.0,,
u_32034,0.0,-1,0.0,,
u_32035,0.0,-1,0.0,,
u_32036,0.043034914056465874,3751,0.0,0.787,0.0
u_32037,0.0,-1,0.0,,
u_32038,0.0,-1,0.0,,
u_32039,0.0,-1,0.0,,
u_32040,0.00020707850321296048,1591,0.0,0.004,0.0
u_32041,0.0,-1,0.0,,
u_32042,0.0,-1,0.0,,
u_32043,0.043034914056465874,5895,0.0,0.787,0.0
u_32044,0.0,-1,0.0,,
u_32045,0.0,-1,0.0,,
u_32046,0.043034914056465874,5652,0.0,0.787,0.0
u_32047,0.005816275016953526,389,0.0,0.055,0.0
u_32048,0.0,-1,0.0,,
u_32049,0.08417531978986129,5581,0.0,0.787,0.0
u_32050,0.0,-1,0.0,,
u_32051,0.0,-1,0.0,,
u_32052,0.0,-1,0.0,,
u_32053,0.04164125852882221,965,0.0,0.787,0.0
u_32054,0.0,-1,0.0,,
u_32055,0.0,-1,0.0,,
u_32056,0.0,-1,0.0,,
u_32057,0.0002139068822276566,1598,0.0,0.004,0.0
u_32058,0.001701559298611286,463,0.0,0.033,0.0
u_32059,0.0,-1,0.0,,
u_32060,0.00016683738494647083,820,0.0,0.003,0.0
u_32061,0.0,-1,0.0,,
u_32062,0.04302345217097226,4418,0.0,0.787,0.0
u_32063,0.0,-1,0.0,,
u_32064,0.00014475677250485686,1323,0.0,0.003,0.0
u_32065,0.0,-1,0.0,,
u_32066,0.040127258355192194,176,0.0,0.787,0.0
u_32067,0.0,-1,0.0,,
u_32068,0.0,-1,0.0,,
u_32069,0.0,-1,0.0,,
u_32070,0.08236630710979355,5905,0.0,0.787,0.0
u_32071,0.0,-1,0.0,,
u_32072,0.008044080260774748,3863,0.0,0.147,0.0
u_32073,0.0,-1,0.0,,
u_32074,0.0,-1,0.0,,
u_32075,0.0,-1,0.0,,
u_32076,0.0009954616085277182,176,0.0,0.01,0.0
u_32077,0.0,-1,0.0,,
u_32078,0.043034914056465874,4538,0.0,0.787,0.0
u_32079,0.043034914056465874,5659,0.0,0.787,0.0
u_32080,0.0,-1,0.0,,
u_32081,0.043034914056465874,437,0.0,0.787,0.0
u_32082,0.0,-1,0.0,,
u_32083,0.043034914056465874,6274,0.0,0.787,0.0
u_32084,0.0,-1,0.0,,
u_32085,0.0,-1,0.0,,
u_32086,0.0,-1,0.0,,
u_32087,0.0,-1,0.0,,
u_32088,0.0,-1,0.0,,
u_32089,0.0,-1,0.0,,
u_32090,0.0,-1,0.0,,
u_32091,0.0,-1,0.0,,
u_32092,0.0,-1,0.0,,
u_32093,0.043034914056465874,3759,0.0,0.787,0.0
u_32094,0.0,-1,0.0,,
u_32095,0.0,-1,0.0,,
u_32096,0.043034914056465874,1509,0.0,0.787,0.0
u_32097,0.0,-1,0.0,,
u_32098,0.0,-1,0.0,,
u_32099,0.0,-1,0.0,,
u_32100,0.0,-1,0.0,,
u_32101,0.0,-1,0.0,,
u_32102,0.122596581418721,466,0.0,0.787,0.0
u_32103,0.0005861454925486994,593,0.0,0.011,0.0
u_32104,0.0,-1,0.0,,
u_32105,0.043034914056465874,602,0.0,0.787,0.0
u_32106,0.044208723901034384,1732,0.0,0.787,0.0
u_32107,0.08417531978986129,4266,0.0,0.787,0.0
u_32108,0.0,-1,0.0,,
u_32109,0.0,-1,0.0,,
u_32110,0.0,-1,0.0,,
u_32111,0.0,-1,0.0,,
u_32112,0.0,-1,0.0,,
u_32113,0.0,-1,0.0,,
u_32114,0.0,-1,0.0,,
u_32115,0.0,-1,0.0,,
u_32116,0.04286367531027403,3406,0.0,0.787,0.0
u_32117,0.0,-1,0.0,,
u_32118,0.0,-1,0.0,,
u_32119,0.0,-1,0.0,,
u_32120,0.043034914056465874,6260,0.0,0.787,0.0
u_32121,0.0,-1,0.0,,
u_32122,0.0,-1,0.0,,
u_32123,0.043034914056465874,5660,0.0,0.787,0.0
u_32124,0.0,-1,0.0,,
u_32125,0.0005380114352398097,564,0.0,0.01,0.0
u_32126,0.0,-1,0.0,,
u_32127,0.0,-1,0.0,,
u_32128,0.043034914056465874,1837,0.0,0.787,0.0
u_32129,0.0,-1,0.0,,
u_32130,0.042130407716432006,5388,0.0,0.787,0.0
u_32131,0.06272903260138499,3179,0.0,0.586,0.0
u_32132,0.0037182158151997024,2271,0.0,0.036,0.0
u_32133,0.0,-1,0.0,,
u_32134,0.039892722957243894,4319,0.0,0.787,0.0
u_32135,0.0,-1,0.0,,
u_32136,0.0,-1,0.0,,
u_32137,0.0,-1,0.0,,
u_32138,0.043034914056465874,6275,0.0,0.787,0.0
u_32139,0.0,-1,0.0,,
u_32140,0.0,-1,0.0,,
u_32141,0.003945126769882067,77,0.0,0.077,0.0
u_32142,0.0,-1,0.0,,
u_32143,0.0,-1,0.0,,
u_32144,0.0,-1,0.0,,
u_32145,0.0,-1,0.0,,
u_32146,0.043034914056465874,5661,0.0,0.787,0.0
u_32147,0.0,-1,0.0,,
u_32148,0.08417531978986129,3674,0.0,0.787,0.0
u_32149,0.0,-1,0.0,,
u_32150,0.0,-1,0.0,,
u_32151,0.007934514000747715,80,0.0,0.051,0.0
u_32152,0.0,-1,0.0,,
u_32153,0.0,-1,0.0,,
u_32154,0.0,-1,0.0,,
u_32155,0.0,-1,0.0,,
u_32156,0.0,-1,0.0,,
u_32157,0.04124990965118236,3162,0.0,0.787,0.0
u_32158,0.0,-1,0.0,,
u_32159,0.043034914056465874,5662,0.0,0.787,0.0
u_32160,0.0,-1,0.0,,
u_32161,0.03292540269092136,4525,0.0,0.602,0.0
u_32162,0.0,-1,0.0,,
u_32163,0.0,-1,0.0,,
u_32164,0.0,-1,0.0,,
u_32165,0.0,-1,0.0,,
u_32166,0.0,-1,0.0,,
u_32167,0.02238322965620247,3050,0.0,0.425,0.0
u_32168,0.043034914056465874,6118,0.0,0.787,0.0
u_32169,0.0,-1,0.0,,
u_32170,0.0,-1,0.0,,
u_32171,0.0,-1,0.0,,
u_32172,0.0,-1,0.0,,
u_32173,0.1251832137772962,438,0.0,0.787,0.0
u_32174,0.0,-1,0.0,,
u_32175,0.0,-1,0.0,,
u_32176,0.039950368577047445,4654,0.0,0.787,0.0
u_32177,0.0,-1,0.0,,
u_32178,0.0,-1,0.0,,
u_32179,0.08236489309398778,1532,0.0,0.787,0.0
u_32180,0.010464340060849788,4010,0.0,0.191,0.0
u_32181,0.0,-1,0.0,,
u_32182,0.0,-1,0.0,,
u_32183,0.04626458644037592,2167,0.0,0.441,0.0
u_32184,0.0,-1,0.0,,
u_32185,0.0,-1,0.0,,
u_32186,0.0,-1,0.0,,
u_32187,0.04201866018417513,1143,0.0,0.787,0.0
u_32188,0.0,-1,0.0,,
u_32189,0.0,-1,0.0,,
u_32190,0.0,-1,0.0,,
u_32191,0.0,-1,0.0,,
u_32192,0.0826089612537509,193,0.0,0.787,0.0
u_32193,0.0,-1,0.0,,
u_32194,0.00034103285599294185,1953,0.0,0.006,0.0
u_32195,0.0,-1,0.0,,
u_32196,0.0,-1,0.0,,
u_32197,0.0,-1,0.0,,
u_32198,0.0,-1,0.0,,
u_32199,0.0,-1,0.0,,
u_32200,0.0,-1,0.0,,
u_32201,0.0,-1,0.0,,
u_32202,0.0,-1,0.0,,
u_32203,0.0,-1,0.0,,
u_32204,0.00019365974645919241,1030,0.0,0.002,0.0
u_32205,0.0507679678283668,3740,0.0,0.922,0.0
u_32206,0.0,-1,0.0,,
u_32207,0.0,-1,0.0,,
u_32208,0.0,-1,0.0,,
u_32209,0.0,-1,0.0,,
u_32210,0.0,-1,0.0,,
u_32211,0.0,-1,0.0,,
u_32212,0.0,-1,0.0,,
u_32213,0.04436818580851986,4353,0.0,0.787,0.0
u_32214,0.04030899612735839,1221,0.0,0.787,0.0
u_32215,0.043034914056465874,5663,0.0,0.787,0.0
u_32216,0.0,-1,0.0,,
u_32217,0.04147119560575595,886,0.0,0.787,0.0
u_32218,0.0,-1,0.0,,
u_32219,0.0,-1,0.0,,
u_32220,0.0,-1,0.0,,
u_32221,0.0,-1,0.0,,
u_32222,0.0,-1,0.0,,
u_32223,0.0,-1,0.0,,
u_32224,0.0,-1,0.0,,
u_32225,0.0,-1,0.0,,
u_32226,0.0,-1,0.0,,
u_32227,0.043034914056465874,5664,0.0,0.787,0.0
u_32228,0.0,-1,0.0,,
u_32229,0.0,-1,0.0,,
u_32230,0.0,-1,0.0,,
u_32231,0.0013101675969793022,168,0.0,0.013,0.0
u_32232,0.0,-1,0.0,,
u_32233,0.043034914056465874,3485,0.0,0.787,0.0
u_32234,0.043034914056465874,5088,0.0,0.787,0.0
u_32235,0.0,-1,0.0,,
u_32236,0.04512487898791822,3208,0.0,0.787,0.0
u_32237,0.0,-1,0.0,,
u_32238,0.0,-1,0.0,,
u_32239,0.0,-1,0.0,,
u_32240,0.0,-1,0.0,,
u_32241,0.043034914056465874,4391,0.0,0.787,0.0
u_32242,0.0,-1,0.0,,
u_32243,0.0,-1,0.0,,
u_32244,0.04335520618589815,191,0.0,0.787,0.0
u_32245,0.029326537935917073,1519,0.0,0.562,0.0
u_32246,0.0,-1,0.0,,
u_32247,0.0,-1,0.0,,
u_32248,0.0004315581727967325,2127,0.0,0.008,0.0
u_32249,0.0,-1,0.0,,
u_32250,0.04436994275356741,2310,0.0,0.787,0.0
u_32251,0.0,-1,0.0,,
u_32252,0.0,-1,0.0,,
u_32253,0.0,-1,0.0,,
u_32254,0.0,-1,0.0,,
u_32255,0.03989005678190596,2456,0.0,0.787,0.0
u_32256,0.0,-1,0.0,,
u_32257,0.0,-1,0.0,,
u_32258,0.0,-1,0.0,,
u_32259,0.0,-1,0.0,,
u_32260,0.0,-1,0.0,,
u_32261,0.0,-1,0.0,,
u_32262,0.0,-1,0.0,,
u_32263,0.0,-1,0.0,,
u_32264,0.043034914056465874,6276,0.0,0.787,0.0
u_32265,0.04083685593028983,1348,0.0,0.787,0.0
u_32266,0.0,-1,0.0,,
u_32267,0.0,-1,0.0,,
u_32268,0.043034914056465874,3421,0.0,0.787,0.0
u_32269,0.0,-1,0.0,,
u_32270,0.0,-1,0.0,,
u_32271,0.006402341543736162,3741,0.0,0.117,0.0
u_32272,0.009436316661158056,473,0.0,0.06,0.0
u_32273,0.0,-1,0.0,,
u_32274,0.0,-1,0.0,,
u_32275,0.043034914056465874,1123,0.0,0.787,0.0
u_32276,0.0,-1,0.0,,
u_32277,0.0031834404989740128,3320,0.0,0.055,0.0
u_32278,0.0,-1,0.0,,
u_32279,0.00017253408988875487,1457,0.0,0.003,0.0
u_32280,0.0,-1,0.0,,
u_32281,0.002062188703937389,3106,0.0,0.038,0.0
u_32282,0.0,-1,0.0,,
u_32283,0.0,-1,0.0,,
u_32284,0.0,-1,0.0,,
u_32285,0.0,-1,0.0,,
u_32286,0.08300312865821435,547,0.0,0.787,0.0
u_32287,0.0,-1,0.0,,
u_32288,0.07964067896574657,87,0.0,0.787,0.0
u_32289,0.08230581136137691,5255,0.0,0.787,0.0
u_32290,0.043034914056465874,2392,0.0,0.787,0.0
u_32291,0.0,-1,0.0,,
u_32292,0.0,-1,0.0,,
u_32293,0.0,-1,0.0,,
u_32294,8.64589952614865e-05,940,0.0,0.002,0.0
u_32295,0.0,-1,0.0,,
u_32296,0.0,-1,0.0,,
u_32297,0.043034914056465874,2653,0.0,0.787,0.0
u_32298,0.0,-1,0.0,,
u_32299,0.013112871848823498,4122,0.0,0.256,0.0
u_32300,0.0,-1,0.0,,
u_32301,0.0,-1,0.0,,
u_32302,0.0,-1,0.0,,
u_32303,0.0,-1,0.0,,
u_32304,0.04533188763408573,1794,0.0,0.787,0.0
u_32305,0.00440239267007666,3140,0.0,0.041,0.0
u_32306,0.0,-1,0.0,,
u_32307,0.043034914056465874,4922,0.0,0.787,0.0
u_32308,0.0,-1,0.0,,
u_32309,0.0,-1,0.0,,
u_32310,0.0,-1,0.0,,
u_32311,0.0,-1,0.0,,
u_32312,0.0,-1,0.0,,
u_32313,0.0,-1,0.0,,
u_32314,0.0,-1,0.0,,
u_32315,0.0,-1,0.0,,
u_32316,0.043034914056465874,5665,0.0,0.787,0.0
u_32317,6.448161214955656e-05,560,0.0,0.001,0.0
u_32318,0.043034914056465874,6277,0.0,0.787,0.0
u_32319,0.039900218455592176,1718,0.0,0.787,0.0
u_32320,0.0,-1,0.0,,
u_32321,0.0,-1,0.0,,
u_32322,0.0,-1,0.0,,
u_32323,0.0,-1,0.0,,
u_32324,0.0,-1,0.0,,
u_32325,0.0,-1,0.0,,
u_32326,0.043034914056465874,3903,0.0,0.787,0.0
u_32327,0.01886955293193008,332,0.0,0.18,0.0
u_32328,0.0,-1,0.0,,
u_32329,0.0,-1,0.0,,
u_32330,0.0,-1,0.0,,
u_32331,0.0,-1,0.0,,
u_32332,0.0,-1,0.0,,
u_32333,0.044359250341114584,1341,0.0,0.787,0.0
u_32334,0.04206091133206194,1735,0.0,0.787,0.0
u_32335,0.0,-1,0.0,,
u_32336,0.043034914056465874,4126,0.0,0.787,0.0
u_32337,0.0,-1,0.0,,
u_32338,0.0,-1,0.0,,
u_32339,0.0,-1,0.0,,
u_32340,0.0,-1,0.0,,
u_32341,0.0,-1,0.0,,
u_32342,0.0,-1,0.0,,
u_32343,0.0,-1,0.0,,
u_32344,0.0,-1,0.0,,
u_32345,0.004151323696548414,1588,0.0,0.076,0.0
u_32346,0.0,-1,0.0,,
u_32347,0.0,-1,0.0,,
u_32348,0.0,-1,0.0,,
u_32349,0.0,-1,0.0,,
u_32350,0.014586916677926918,3824,0.0,0.136,0.0
u_32351,0.0,-1,0.0,,
u_32352,0.043034914056465874,4633,0.0,0.787,0.0
u_32353,0.0,-1,0.0,,
u_32354,0.0,-1,0.0,,
u_32355,0.0,-1,0.0,,
u_32356,0.0,-1,0.0,,
u_32357,0.0,-1,0.0,,
u_32358,0.0,-1,0.0,,
u_32359,0.043034914056465874,4465,0.0,0.787,0.0
u_32360,0.039891824092443115,4295,0.0,0.787,0.0
u_32361,0.0,-1,0.0,,
u_32362,0.0,-1,0.0,,
u_32363,0.0,-1,0.0,,
u_32364,0.0,-1,0.0,,
u_32365,0.04029914343669704,1868,0.0,0.787,0.0
u_32366,0.0,-1,0.0,,
u_32367,0.043034914056465874,6179,0.0,0.787,0.0
u_32368,0.0,-1,0.0,,
u_32369,0.08236630710979355,5249,0.0,0.787,0.0
u_32370,0.0,-1,0.0,,
u_32371,0.0,-1,0.0,,
u_32372,0.041171746825979016,4616,0.0,0.753,0.0
u_32373,0.0,-1,0.0,,
u_32374,0.0,-1,0.0,,
u_32375,0.004341221660475898,3539,0.0,0.079,0.0
u_32376,0.0,-1,0.0,,
u_32377,0.0,-1,0.0,,
u_32378,0.0,-1,0.0,,
u_32379,0.0,-1,0.0,,
u_32380,0.0027255685182401715,2900,0.0,0.026,0.0
u_32381,0.0,-1,0.0,,
u_32382,0.05449398732098446,2513,0.0,0.525,0.0
u_32383,0.043034914056465874,5965,0.0,0.787,0.0
u_32384,0.0,-1,0.0,,
u_32385,0.0,-1,0.0,,
u_32386,0.08417531978986129,2783,0.0,0.787,0.0
u_32387,0.043034914056465874,3492,0.0,0.787,0.0
u_32388,0.043034914056465874,5472,0.0,0.787,0.0
u_32389,0.0,-1,0.0,,
u_32390,0.043034914056465874,6167,0.0,0.787,0.0
u_32391,4.89001967295739e-05,194,0.0,0.001,0.0
u_32392,0.043034914056465874,5535,0.0,0.787,0.0
u_32393,0.0,-1,0.0,,
u_32394,0.0,-1,0.0,,
u_32395,0.0,-1,0.0,,
u_32396,0.04298173251532046,3179,0.0,0.787,0.0
u_32397,0.00017601664008272877,633,0.0,0.003,0.0
u_32398,0.00531427073923063,2064,0.0,0.051,0.0
u_32399,0.03988790379116278,1760,0.0,0.787,0.0
u_32400,8.498853434987962e-05,909,0.0,0.002,0.0
u_32401,0.0,-1,0.0,,
u_32402,0.0,-1,0.0,,
u_32403,0.0,-1,0.0,,
u_32404,0.0006324055910037459,2383,0.0,0.012,0.0
u_32405,0.0,-1,0.0,,
u_32406,0.0001360954005763849,1247,0.0,0.002,0.0
u_32407,0.0,-1,0.0,,
u_32408,0.0,-1,0.0,,
u_32409,0.0,-1,0.0,,
u_32410,0.0,-1,0.0,,
u_32411,0.0,-1,0.0,,
u_32412,0.0,-1,0.0,,
u_32413,0.0005521462422578253,2325,0.0,0.011,0.0
u_32414,0.04220260414358592,4327,0.0,0.394,0.0
u_32415,0.0,-1,0.0,,
u_32416,0.01679371499411275,3584,0.0,0.314,0.0
u_32417,0.0,-1,0.0,,
u_32418,0.043034914056465874,4663,0.0,0.787,0.0
u_32419,0.0,-1,0.0,,
u_32420,0.0,-1,0.0,,
u_32421,0.0015721834496189462,600,0.0,0.015,0.0
u_32422,0.0,-1,0.0,,
u_32423,0.0,-1,0.0,,
u_32424,0.0,-1,0.0,,
u_32425,0.0,-1,0.0,,
u_32426,0.0,-1,0.0,,
u_32427,0.03988876755161337,2233,0.0,0.787,0.0
u_32428,0.0,-1,0.0,,
u_32429,0.0,-1,0.0,,
u_32430,0.0,-1,0.0,,
u_32431,0.0,-1,0.0,,
u_32432,0.0,-1,0.0,,
u_32433,0.12350875064111663,329,0.0,0.787,0.0
u_32434,0.0,-1,0.0,,
u_32435,0.04077763867821649,2049,0.0,0.787,0.0
u_32436,0.043034914056465874,5560,0.0,0.787,0.0
u_32437,0.0,-1,0.0,,
u_32438,0.0,-1,0.0,,
u_32439,0.0,-1,0.0,,
u_32440,0.0,-1,0.0,,
u_32441,0.0,-1,0.0,,
u_32442,0.0,-1,0.0,,
u_32443,0.0,-1,0.0,,
u_32444,0.043034914056465874,2377,0.0,0.787,0.0
u_32445,0.03988771006322237,1371,0.0,0.787,0.0
u_32446,0.0,-1,0.0,,
u_32447,0.043034914056465874,401,0.0,0.787,0.0
u_32448,0.0,-1,0.0,,
u_32449,0.043034914056465874,6278,0.0,0.787,0.0
u_32450,0.0,-1,0.0,,
u_32451,0.0,-1,0.0,,
u_32452,0.0,-1,0.0,,
u_32453,0.006849021569455966,85,0.0,0.131,0.0
u_32454,0.0430363260429478,744,0.0,0.787,0.0
u_32455,0.0,-1,0.0,,
u_32456,0.0,-1,0.0,,
u_32457,0.0004045318490145305,2089,0.0,0.007,0.0
u_32458,0.0,-1,0.0,,
u_32459,0.0,-1,0.0,,
u_32460,0.0,-1,0.0,,
u_32461,0.043034914056465874,6172,0.0,0.787,0.0
u_32462,0.0,-1,0.0,,
u_32463,0.043034914056465874,5364,0.0,0.787,0.0
u_32464,0.0,-1,0.0,,
u_32465,0.0,-1,0.0,,
u_32466,0.0,-1,0.0,,
u_32467,0.0,-1,0.0,,
u_32468,0.0,-1,0.0,,
u_32469,0.005410936697808955,719,0.0,0.1,0.0
u_32470,0.0,-1,0.0,,
u_32471,0.0,-1,0.0,,
u_32472,0.08417531978986129,5630,0.0,0.787,0.0
u_32473,0.0,-1,0.0,,
u_32474,0.0,-1,0.0,,
u_32475,0.0,-1,0.0,,
u_32476,0.043034914056465874,6123,0.0,0.787,0.0
u_32477,0.0014287356419106923,178,0.0,0.014,0.0
u_32478,0.0,-1,0.0,,
u_32479,0.043034914056465874,5666,0.0,0.787,0.0
u_32480,0.0796302576011083,3045,0.0,0.787,0.0
u_32481,0.0,-1,0.0,,
u_32482,0.0,-1,0.0,,
u_32483,0.0,-1,0.0,,
u_32484,0.0,-1,0.0,,
u_32485,0.0,-1,0.0,,
u_32486,0.0,-1,0.0,,
u_32487,0.0,-1,0.0,,
u_32488,0.0005383883583376382,1814,0.0,0.005,0.0
u_32489,0.0,-1,0.0,,
u_32490,0.043034914056465874,2940,0.0,0.787,0.0
u_32491,0.04308498962545326,1616,0.0,0.787,0.0
u_32492,0.043034914056465874,5962,0.0,0.787,0.0
u_32493,0.0,-1,0.0,,
u_32494,0.0,-1,0.0,,
u_32495,0.0,-1,0.0,,
u_32496,0.0,-1,0.0,,
u_32497,0.0,-1,0.0,,
u_32498,0.004822576048009576,3601,0.0,0.088,0.0
u_32499,0.0,-1,0.0,,
u_32500,0.01279299864442848,3754,0.0,0.12,0.0
u_32501,0.0,-1,0.0,,
u_32502,0.0,-1,0.0,,
u_32503,0.0,-1,0.0,,
u_32504,0.0,-1,0.0,,
u_32505,0.043034914056465874,607,0.0,0.787,0.0
u_32506,0.0,-1,0.0,,
u_32507,0.043034914056465874,3867,0.0,0.787,0.0
u_32508,0.040797654220911056,1855,0.0,0.787,0.0
u_32509,0.0,-1,0.0,,
u_32510,0.0,-1,0.0,,
u_32511,0.043034914056465874,4817,0.0,0.787,0.0
u_32512,0.0,-1,0.0,,
u_32513,0.0,-1,0.0,,
u_32514,0.0,-1,0.0,,
u_32515,0.043034914056465874,5667,0.0,0.787,0.0
u_32516,0.0,-1,0.0,,
u_32517,0.04250704234237675,2559,0.0,0.787,0.0
u_32518,0.0,-1,0.0,,
u_32519,0.03757366534918832,1786,0.0,0.673,0.0
u_32520,0.0,-1,0.0,,
u_32521,0.043034914056465874,1789,0.0,0.787,0.0
u_32522,0.0,-1,0.0,,
u_32523,0.043034914056465874,4566,0.0,0.787,0.0
u_32524,0.0,-1,0.0,,
u_32525,0.0,-1,0.0,,
u_32526,0.0,-1,0.0,,
u_32527,0.0,-1,0.0,,
u_32528,0.043034914056465874,5336,0.0,0.787,0.0
u_32529,0.0,-1,0.0,,
u_32530,0.0,-1,0.0,,
u_32531,0.0,-1,0.0,,
u_32532,0.0,-1,0.0,,
u_32533,0.0,-1,0.0,,
u_32534,0.0,-1,0.0,,
u_32535,0.0002688079925355849,1820,0.0,0.005,0.0
u_32536,0.08250383784483702,3176,0.0,0.787,0.0
u_32537,0.0,-1,0.0,,
u_32538,0.015536134925878672,3018,0.0,0.292,0.0
u_32539,0.0,-1,0.0,,
u_32540,0.0,-1,0.0,,
u_32541,0.08417531978986129,206,0.0,0.787,0.0
u_32542,0.0,-1,0.0,,
u_32543,0.0,-1,0.0,,
u_32544,0.039889772688857864,4241,0.0,0.787,0.0
u_32545,0.0,-1,0.0,,
u_32546,0.0,-1,0.0,,
u_32547,0.0,-1,0.0,,
u_32548,7.873471803170025e-05,782,0.0,0.001,0.0
u_32549,0.0,-1,0.0,,
u_32550,0.0,-1,0.0,,
u_32551,0.0,-1,0.0,,
u_32552,0.0,-1,0.0,,
u_32553,0.04074408577491329,222,0.0,0.787,0.0
u_32554,0.0,-1,0.0,,
u_32555,0.0,-1,0.0,,
u_32556,0.08417531978986129,4645,0.0,0.787,0.0
u_32557,0.07954278671907124,2374,0.0,0.787,0.0
u_32558,0.0,-1,0.0,,
u_32559,0.043034914056465874,4017,0.0,0.787,0.0
u_32560,0.0,-1,0.0,,
u_32561,0.0,-1,0.0,,
u_32562,0.0,-1,0.0,,
u_32563,0.0,-1,0.0,,
u_32564,0.0,-1,0.0,,
u_32565,0.0,-1,0.0,,
u_32566,0.043034914056465874,3203,0.0,0.787,0.0
u_32567,0.01196421456587427,4064,0.0,0.219,0.0
u_32568,0.04300534383643024,2898,0.0,0.787,0.0
u_32569,0.002372934577102764,3173,0.0,0.043,0.0
u_32570,0.00012742298005270544,570,0.0,0.001,0.0
u_32571,0.0,-1,0.0,,
u_32572,0.03989883497375515,4544,0.0,0.787,0.0
u_32573,0.0,-1,0.0,,
u_32574,0.0,-1,0.0,,
u_32575,0.0,-1,0.0,,
u_32576,0.033533097157229144,392,0.0,0.641,0.0
u_32577,0.0,-1,0.0,,
u_32578,0.0,-1,0.0,,
u_32579,0.0,-1,0.0,,
u_32580,0.0,-1,0.0,,
u_32581,0.0,-1,0.0,,
u_32582,0.043034914056465874,1833,0.0,0.787,0.0
u_32583,0.0,-1,0.0,,
u_32584,0.0,-1,0.0,,
u_32585,0.0,-1,0.0,,
u_32586,0.0007129926063000049,2467,0.0,0.013,0.0
u_32587,0.0,-1,0.0,,
u_32588,0.043034914056465874,5627,0.0,0.787,0.0
u_32589,0.043034914056465874,5507,0.0,0.787,0.0
u_32590,0.0,-1,0.0,,
u_32591,0.04031833496033935,1224,0.0,0.787,0.0
u_32592,0.044370523158561076,1675,0.0,0.787,0.0
u_32593,0.0,-1,0.0,,
u_32594,0.0,-1,0.0,,
u_32595,0.0,-1,0.0,,
u_32596,0.043034914056465874,6154,0.0,0.787,0.0
u_32597,0.0,-1,0.0,,
u_32598,0.04436990403703048,3881,0.0,0.787,0.0
u_32599,0.00020507095070483228,1571,0.0,0.004,0.0
u_32600,0.0,-1,0.0,,
u_32601,0.0,-1,0.0,,
u_32602,0.0,-1,0.0,,
u_32603,0.040577642061248496,729,0.0,0.787,0.0
u_32604,0.046762410925741967,1125,0.0,0.437,0.0
u_32605,0.0,-1,0.0,,
u_32606,0.0,-1,0.0,,
u_32607,0.0,-1,0.0,,
u_32608,0.043034914056465874,6279,0.0,0.787,0.0
u_32609,0.0,-1,0.0,,
u_32610,0.0,-1,0.0,,
u_32611,0.0,-1,0.0,,
u_32612,0.0,-1,0.0,,
u_32613,0.0,-1,0.0,,
u_32614,0.0,-1,0.0,,
u_32615,0.043034914056465874,6151,0.0,0.787,0.0
u_32616,0.0,-1,0.0,,
u_32617,0.0,-1,0.0,,
u_32618,0.0,-1,0.0,,
u_32619,0.0,-1,0.0,,
u_32620,0.0,-1,0.0,,
u_32621,0.0,-1,0.0,,
u_32622,0.0,-1,0.0,,
u_32623,0.0,-1,0.0,,
u_32624,0.0,-1,0.0,,
u_32625,0.0,-1,0.0,,
u_32626,0.0034170665346771162,3392,0.0,0.061,0.0
u_32627,0.044364936342794134,2129,0.0,0.787,0.0
u_32628,0.0,-1,0.0,,
u_32629,0.0,-1,0.0,,
u_32630,0.00012788541045782308,1208,0.0,0.002,0.0
u_32631,0.0,-1,0.0,,
u_32632,0.08547751059282108,1235,0.0,0.787,0.0
u_32633,0.043034914056465874,5618,0.0,0.787,0.0
u_32634,0.0,-1,0.0,,
u_32635,0.0,-1,0.0,,
u_32636,0.0,-1,0.0,,
u_32637,0.043034914056465874,6280,0.0,0.787,0.0
u_32638,0.0,-1,0.0,,
u_32639,0.0,-1,0.0,,
u_32640,0.0,-1,0.0,,
u_32641,0.0,-1,0.0,,
u_32642,0.0,-1,0.0,,
u_32643,0.0,-1,0.0,,
u_32644,0.0,-1,0.0,,
u_32645,0.0,-1,0.0,,
u_32646,0.04254737618207843,3257,0.0,0.787,0.0
u_32647,0.0,-1,0.0,,
u_32648,0.008485283529643683,3467,0.0,0.078,0.0
u_32649,0.0,-1,0.0,,
u_32650,0.0,-1,0.0,,
u_32651,0.0,-1,0.0,,
u_32652,0.0,-1,0.0,,
u_32653,0.0,-1,0.0,,
u_32654,0.03988960436575036,640,0.0,0.787,0.0
u_32655,0.0,-1,0.0,,
u_32656,0.0,-1,0.0,,
u_32657,0.0,-1,0.0,,
u_32658,0.0,-1,0.0,,
u_32659,0.0,-1,0.0,,
u_32660,0.0,-1,0.0,,
u_32661,0.0,-1,0.0,,
u_32662,0.041449760015128956,1767,0.0,0.787,0.0
u_32663,0.0,-1,0.0,,
u_32664,0.0,-1,0.0,,
u_32665,0.0,-1,0.0,,
u_32666,0.0006457375626887293,2403,0.0,0.012,0.0
u_32667,0.0,-1,0.0,,
u_32668,0.003552759537522829,3436,0.0,0.065,0.0
u_32669,0.0,-1,0.0,,
u_32670,0.04590948942326875,3138,0.0,0.844,0.0
u_32671,0.0,-1,0.0,,
u_32672,0.0,-1,0.0,,
u_32673,0.0,-1,0.0,,
u_32674,0.0,-1,0.0,,
u_32675,0.0,-1,0.0,,
u_32676,5.537778313862907e-05,33,0.0,0.001,0.0
u_32677,0.0,-1,0.0,,
u_32678,0.0,-1,0.0,,
u_32679,0.03989051946378149,1681,0.0,0.787,0.0
u_32680,0.04010809260493202,243,0.0,0.787,0.0
u_32681,0.04052931753760093,904,0.0,0.787,0.0
u_32682,0.043034914056465874,5668,0.0,0.787,0.0
u_32683,0.0,-1,0.0,,
u_32684,0.07963114061199385,645,0.0,0.787,0.0
u_32685,0.0,-1,0.0,,
u_32686,0.03988878254676704,447,0.0,0.787,0.0
u_32687,0.0,-1,0.0,,
u_32688,0.06791307632515278,2750,0.0,0.653,0.0
u_32689,0.0,-1,0.0,,
u_32690,0.0417364614139695,3374,0.0,0.787,0.0
u_32691,0.0,-1,0.0,,
u_32692,0.0,-1,0.0,,
u_32693,0.0,-1,0.0,,
u_32694,0.0,-1,0.0,,
u_32695,0.0,-1,0.0,,
u_32696,0.0,-1,0.0,,
u_32697,0.0,-1,0.0,,
u_32698,0.0,-1,0.0,,
u_32699,0.0,-1,0.0,,
u_32700,0.0,-1,0.0,,
u_32701,0.0,-1,0.0,,
u_32702,0.043034914056465874,1581,0.0,0.787,0.0
u_32703,0.0,-1,0.0,,
u_32704,0.0,-1,0.0,,
u_32705,0.0,-1,0.0,,
u_32706,0.0,-1,0.0,,
u_32707,0.043034914056465874,6281,0.0,0.787,0.0
u_32708,0.0,-1,0.0,,
u_32709,0.0,-1,0.0,,
u_32710,0.043034914056465874,5163,0.0,0.787,0.0
u_32711,0.0,-1,0.0,,
u_32712,0.0856840488387719,351,0.0,0.787,0.0
u_32713,0.057797271733677644,1126,0.0,0.366,0.0
u_32714,0.0,-1,0.0,,
u_32715,0.052461389560566375,12,0.0,0.494,0.0
u_32716,0.0,-1,0.0,,
u_32717,0.0,-1,0.0,,
u_32718,0.0,-1,0.0,,
u_32719,0.0,-1,0.0,,
u_32720,0.0,-1,0.0,,
u_32721,0.04748195135296654,568,0.0,0.862,0.0
u_32722,0.0,-1,0.0,,
u_32723,0.08387619073340076,21,0.0,0.787,0.0
u_32724,0.0,-1,0.0,,
u_32725,0.041062877091758036,1155,0.0,0.787,0.0
u_32726,0.0,-1,0.0,,
u_32727,0.00028496689620291363,1823,0.0,0.005,0.0
u_32728,0.0,-1,0.0,,
u_32729,0.0,-1,0.0,,
u_32730,0.007239465274578431,1691,0.0,0.137,0.0
u_32731,0.0,-1,0.0,,
u_32732,0.0,-1,0.0,,
u_32733,0.0,-1,0.0,,
u_32734,0.0,-1,0.0,,
u_32735,0.00012549458562956814,63,0.0,0.001,0.0
u_32736,0.043034914056465874,1176,0.0,0.787,0.0
u_32737,0.08236630710979355,5310,0.0,0.787,0.0
u_32738,0.043034914056465874,6023,0.0,0.787,0.0
u_32739,0.08088244519026296,1180,0.0,0.787,0.0
u_32740,0.00499831525758598,3236,0.0,0.048,0.0
u_32741,0.0,-1,0.0,,
u_32742,0.0,-1,0.0,,
u_32743,0.0,-1,0.0,,
u_32744,0.0,-1,0.0,,
u_32745,0.0,-1,0.0,,
u_32746,0.0,-1,0.0,,
u_32747,0.03989107169442647,1568,0.0,0.787,0.0
u_32748,0.0,-1,0.0,,
u_32749,0.0,-1,0.0,,
u_32750,0.043034914056465874,1613,0.0,0.787,0.0
u_32751,0.043034914056465874,5669,0.0,0.787,0.0
u_32752,0.0,-1,0.0,,
u_32753,0.0,-1,0.0,,
u_32754,0.0,-1,0.0,,
u_32755,0.014058418258803001,4124,0.0,0.257,0.0
u_32756,0.0,-1,0.0,,
u_32757,0.0177779923438348,3940,0.0,0.166,0.0
u_32758,0.0,-1,0.0,,
u_32759,0.043034914056465874,5089,0.0,0.787,0.0
u_32760,0.00015326066306507272,1141,0.0,0.003,0.0
u_32761,0.0,-1,0.0,,
u_32762,0.0,-1,0.0,,
u_32763,0.0,-1,0.0,,
u_32764,0.0007357853503766756,2018,0.0,0.007,0.0
u_32765,0.0,-1,0.0,,
u_32766,0.0,-1,0.0,,
u_32767,0.043034914056465874,5110,0.0,0.787,0.0
u_32768,0.0,-1,0.0,,
u_32769,0.0,-1,0.0,,
u_32770,0.0,-1,0.0,,
u_32771,0.0,-1,0.0,,
u_32772,0.04546842697471277,3894,0.0,0.787,0.0
u_32773,0.0,-1,0.0,,
u_32774,0.043034914056465874,3198,0.0,0.787,0.0
u_32775,0.0,-1,0.0,,
u_32776,0.0,-1,0.0,,
u_32777,0.0,-1,0.0,,
u_32778,0.0,-1,0.0,,
u_32779,0.0,-1,0.0,,
u_32780,0.0,-1,0.0,,
u_32781,0.0,-1,0.0,,
u_32782,0.0,-1,0.0,,
u_32783,0.0,-1,0.0,,
u_32784,0.0,-1,0.0,,
u_32785,0.0,-1,0.0,,
u_32786,0.0009229761362127284,484,0.0,0.018,0.0
u_32787,0.0,-1,0.0,,
u_32788,0.001162591605668053,2776,0.0,0.021,0.0
u_32789,0.00016412389139234187,1420,0.0,0.003,0.0
u_32790,0.0,-1,0.0,,
u_32791,0.0,-1,0.0,,
u_32792,0.007225442481008767,178,0.0,0.125,0.0
u_32793,0.042130407716432006,4997,0.0,0.787,0.0
u_32794,0.04340382675953544,860,0.0,0.793,0.0
u_32795,0.0,-1,0.0,,
u_32796,0.0,-1,0.0,,
u_32797,0.0,-1,0.0,,
u_32798,0.0,-1,0.0,,
u_32799,0.043026275923714455,223,0.0,0.787,0.0
u_32800,0.00663097628647725,3764,0.0,0.121,0.0
u_32801,0.043034914056465874,5371,0.0,0.787,0.0
u_32802,0.043034914056465874,803,0.0,0.787,0.0
u_32803,0.08027707616340622,1704,0.0,0.787,0.0
u_32804,0.04362383361051371,1543,0.0,0.787,0.0
u_32805,0.015848156681954932,4179,0.0,0.29,0.0
u_32806,0.043034914056465874,44,0.0,0.787,0.0
u_32807,0.04012026203433491,71,0.0,0.787,0.0
u_32808,0.08417531978986129,3486,0.0,0.787,0.0
u_32809,0.043034914056465874,5496,0.0,0.787,0.0
u_32810,0.0,-1,0.0,,
u_32811,0.043034914056465874,5670,0.0,0.787,0.0
u_32812,0.043034914056465874,5671,0.0,0.787,0.0
u_32813,0.0,-1,0.0,,
u_32814,0.043034914056465874,4031,0.0,0.787,0.0
u_32815,0.0,-1,0.0,,
u_32816,0.0,-1,0.0,,
u_32817,0.0,-1,0.0,,
u_32818,0.0,-1,0.0,,
u_32819,0.043034914056465874,4370,0.0,0.787,0.0
u_32820,0.12332013021774438,2730,0.0,0.787,0.0
u_32821,0.0,-1,0.0,,
u_32822,0.042867999716272885,1107,0.0,0.787,0.0
u_32823,0.0,-1,0.0,,
u_32824,0.043034914056465874,1142,0.0,0.787,0.0
u_32825,0.0,-1,0.0,,
u_32826,0.04204297927890297,305,0.0,0.787,0.0
u_32827,0.0,-1,0.0,,
u_32828,0.0,-1,0.0,,
u_32829,0.0,-1,0.0,,
u_32830,0.03988766398125788,736,0.0,0.787,0.0
u_32831,0.0,-1,0.0,,
u_32832,0.08236630710979355,5583,0.0,0.787,0.0
u_32833,0.0,-1,0.0,,
u_32834,0.0,-1,0.0,,
u_32835,0.04030780963535433,485,0.0,0.787,0.0
u_32836,0.0,-1,0.0,,
u_32837,0.0,-1,0.0,,
u_32838,0.043034914056465874,4482,0.0,0.787,0.0
u_32839,0.0,-1,0.0,,
u_32840,0.0,-1,0.0,,
u_32841,0.0,-1,0.0,,
u_32842,0.0,-1,0.0,,
u_32843,0.0,-1,0.0,,
u_32844,0.0,-1,0.0,,
u_32845,0.0,-1,0.0,,
u_32846,0.0,-1,0.0,,
u_32847,0.0,-1,0.0,,
u_32848,0.03988913934837007,1006,0.0,0.787,0.0
u_32849,0.0,-1,0.0,,
u_32850,0.0,-1,0.0,,
u_32851,0.0,-1,0.0,,
u_32852,0.0,-1,0.0,,
u_32853,0.0,-1,0.0,,
u_32854,0.0,-1,0.0,,
u_32855,0.0,-1,0.0,,
u_32856,0.04182896102222942,140,0.0,0.787,0.0
u_32857,0.043034914056465874,6282,0.0,0.787,0.0
u_32858,0.0,-1,0.0,,
u_32859,0.0,-1,0.0,,
u_32860,0.0,-1,0.0,,
u_32861,0.040057529126233934,168,0.0,0.768,0.0
u_32862,0.0,-1,0.0,,
u_32863,0.0,-1,0.0,,
u_32864,0.008035376655943446,3861,0.0,0.147,0.0
u_32865,0.0,-1,0.0,,
u_32866,0.08447602347797742,1418,0.0,0.787,0.0
u_32867,0.0,-1,0.0,,
u_32868,0.0,-1,0.0,,
u_32869,0.0,-1,0.0,,
u_32870,0.0,-1,0.0,,
u_32871,0.04181259213794156,2597,0.0,0.787,0.0
u_32872,0.03990039705368399,2331,0.0,0.787,0.0
u_32873,0.0,-1,0.0,,
u_32874,0.0,-1,0.0,,
u_32875,0.0,-1,0.0,,
u_32876,0.01831760812167004,2734,0.0,0.356,0.0
u_32877,0.0,-1,0.0,,
u_32878,0.0,-1,0.0,,
u_32879,0.00039476747337967896,1524,0.0,0.008,0.0
u_32880,0.0,-1,0.0,,
u_32881,0.0,-1,0.0,,
u_32882,0.042206662317616016,2146,0.0,0.787,0.0
u_32883,0.043034914056465874,2809,0.0,0.787,0.0
u_32884,0.0,-1,0.0,,
u_32885,0.07963342141413178,2886,0.0,0.787,0.0
u_32886,0.08320400333116898,2233,0.0,0.787,0.0
u_32887,0.0,-1,0.0,,
u_32888,0.0008510616293818169,7,0.0,0.016,0.0
u_32889,0.0,-1,0.0,,
u_32890,0.0,-1,0.0,,
u_32891,0.0,-1,0.0,,
u_32892,0.0,-1,0.0,,
u_32893,0.0,-1,0.0,,
u_32894,0.0,-1,0.0,,
u_32895,0.04158746263399108,1039,0.0,0.787,0.0
u_32896,0.008299726005861296,1903,0.0,0.152,0.0
u_32897,0.0,-1,0.0,,
u_32898,4.1386773091205256e-05,19,0.0,0.001,0.0
u_32899,0.0,-1,0.0,,
u_32900,0.0,-1,0.0,,
u_32901,0.00017892800185199235,1485,0.0,0.003,0.0
u_32902,0.04074156399862719,207,0.0,0.787,0.0
u_32903,0.0,-1,0.0,,
u_32904,0.0,-1,0.0,,
u_32905,0.0,-1,0.0,,
u_32906,0.04258590920962189,255,0.0,0.787,0.0
u_32907,0.0,-1,0.0,,
u_32908,0.043034914056465874,1941,0.0,0.787,0.0
u_32909,0.0,-1,0.0,,
u_32910,0.0,-1,0.0,,
u_32911,0.00014314696513586744,1311,0.0,0.003,0.0
u_32912,0.03988806899483813,717,0.0,0.787,0.0
u_32913,0.0,-1,0.0,,
u_32914,0.0,-1,0.0,,
u_32915,0.043034914056465874,2599,0.0,0.787,0.0
u_32916,0.0,-1,0.0,,
u_32917,0.0,-1,0.0,,
u_32918,0.0,-1,0.0,,
u_32919,0.0,-1,0.0,,
u_32920,0.043034914056465874,6283,0.0,0.787,0.0
u_32921,0.0,-1,0.0,,
u_32922,0.0,-1,0.0,,
u_32923,0.0,-1,0.0,,
u_32924,0.0,-1,0.0,,
u_32925,0.0,-1,0.0,,
u_32926,0.0,-1,0.0,,
u_32927,0.0,-1,0.0,,
u_32928,0.0,-1,0.0,,
u_32929,0.0,-1,0.0,,
u_32930,0.0,-1,0.0,,
u_32931,0.0007482411308893719,2044,0.0,0.007,0.0
u_32932,0.0,-1,0.0,,
u_32933,0.0,-1,0.0,,
u_32934,0.0018049550519612097,256,0.0,0.018,0.0
u_32935,0.0,-1,0.0,,
u_32936,0.043034914056465874,5413,0.0,0.787,0.0
u_32937,0.0,-1,0.0,,
u_32938,0.0,-1,0.0,,
u_32939,0.0,-1,0.0,,
u_32940,0.043034914056465874,4019,0.0,0.787,0.0
u_32941,0.0,-1,0.0,,
u_32942,0.040453876627784435,490,0.0,0.787,0.0
u_32943,0.0,-1,0.0,,
u_32944,0.043034914056465874,677,0.0,0.787,0.0
u_32945,0.0,-1,0.0,,
u_32946,0.0,-1,0.0,,
u_32947,6.53020981645141e-05,644,0.0,0.001,0.0
u_32948,0.0,-1,0.0,,
u_32949,0.0,-1,0.0,,
u_32950,0.0,-1,0.0,,
u_32951,0.0,-1,0.0,,
u_32952,0.0,-1,0.0,,
u_32953,0.043034914056465874,4754,0.0,0.787,0.0
u_32954,0.0,-1,0.0,,
u_32955,0.00021715791158075779,136,0.0,0.004,0.0
u_32956,0.0,-1,0.0,,
u_32957,0.043034914056465874,6284,0.0,0.787,0.0
u_32958,0.039887801850279285,232,0.0,0.787,0.0
u_32959,0.0,-1,0.0,,
u_32960,0.0,-1,0.0,,
u_32961,0.043034914056465874,6218,0.0,0.787,0.0
u_32962,0.0386525050484028,1429,0.0,0.751,0.0
u_32963,0.0,-1,0.0,,
u_32964,0.0,-1,0.0,,
u_32965,0.0,-1,0.0,,
u_32966,0.04057284491243061,3012,0.0,0.787,0.0
u_32967,0.043034914056465874,1393,0.0,0.787,0.0
u_32968,0.0019270876255482968,109,0.0,0.037,0.0
u_32969,0.0,-1,0.0,,
u_32970,0.0,-1,0.0,,
u_32971,0.0,-1,0.0,,
u_32972,0.0,-1,0.0,,
u_32973,0.0,-1,0.0,,
u_32974,0.0,-1,0.0,,
u_32975,0.0,-1,0.0,,
u_32976,0.0,-1,0.0,,
u_32977,0.0,-1,0.0,,
u_32978,0.0,-1,0.0,,
u_32979,0.043034914056465874,5950,0.0,0.787,0.0
u_32980,0.043034914056465874,5672,0.0,0.787,0.0
u_32981,0.0,-1,0.0,,
u_32982,0.0,-1,0.0,,
u_32983,0.0,-1,0.0,,
u_32984,0.0,-1,0.0,,
u_32985,0.043034914056465874,3955,0.0,0.787,0.0
u_32986,0.0,-1,0.0,,
u_32987,0.0,-1,0.0,,
u_32988,0.0,-1,0.0,,
u_32989,0.0,-1,0.0,,
u_32990,0.0,-1,0.0,,
u_32991,0.0,-1,0.0,,
u_32992,0.0,-1,0.0,,
u_32993,0.0,-1,0.0,,
u_32994,0.043034914056465874,6285,0.0,0.787,0.0
u_32995,0.0,-1,0.0,,
u_32996,0.043034914056465874,6101,0.0,0.787,0.0
u_32997,0.0,-1,0.0,,
u_32998,0.0033862663865795815,3404,0.0,0.062,0.0
u_32999,0.0,-1,0.0,,
u_33000,0.0,-1,0.0,,
u_33001,0.043034914056465874,5423,0.0,0.787,0.0
u_33002,0.0,-1,0.0,,
u_33003,0.039887825520956745,168,0.0,0.787,0.0
u_33004,0.043034914056465874,5080,0.0,0.787,0.0
u_33005,0.0,-1,0.0,,
u_33006,0.0,-1,0.0,,
u_33007,0.043034914056465874,3989,0.0,0.787,0.0
u_33008,0.043034914056465874,4388,0.0,0.787,0.0
u_33009,0.043034914056465874,5673,0.0,0.787,0.0
u_33010,0.043034914056465874,4052,0.0,0.787,0.0
u_33011,0.0,-1,0.0,,
u_33012,0.0,-1,0.0,,
u_33013,0.0,-1,0.0,,
u_33014,0.0,-1,0.0,,
u_33015,0.0,-1,0.0,,
u_33016,0.0,-1,0.0,,
u_33017,0.043034914056465874,6201,0.0,0.787,0.0
u_33018,0.0398896387444987,1956,0.0,0.787,0.0
u_33019,0.0,-1,0.0,,
u_33020,0.0,-1,0.0,,
u_33021,0.08235302063140681,736,0.0,0.787,0.0
u_33022,0.0,-1,0.0,,
u_33023,0.043034914056465874,98,0.0,0.787,0.0
u_33024,0.0,-1,0.0,,
u_33025,0.0,-1,0.0,,
u_33026,0.08396093619943303,533,0.0,0.787,0.0
u_33027,0.08417531978986129,2326,0.0,0.787,0.0
u_33028,0.0,-1,0.0,,
u_33029,0.0,-1,0.0,,
u_33030,0.0,-1,0.0,,
u_33031,0.043034914056465874,5674,0.0,0.787,0.0
u_33032,0.0,-1,0.0,,
u_33033,0.043034914056465874,5675,0.0,0.787,0.0
u_33034,0.0,-1,0.0,,
u_33035,0.0,-1,0.0,,
u_33036,0.0,-1,0.0,,
u_33037,0.0,-1,0.0,,
u_33038,0.0,-1,0.0,,
u_33039,0.0,-1,0.0,,
u_33040,0.0,-1,0.0,,
u_33041,0.0,-1,0.0,,
u_33042,0.0,-1,0.0,,
u_33043,0.07963202492073859,801,0.0,0.787,0.0
u_33044,0.0398880133411616,776,0.0,0.787,0.0
u_33045,0.043034914056465874,5504,0.0,0.787,0.0
u_33046,0.0,-1,0.0,,
u_33047,7.522676777513312e-05,740,0.0,0.001,0.0
u_33048,0.0,-1,0.0,,
u_33049,0.0,-1,0.0,,
u_33050,0.0,-1,0.0,,
u_33051,0.0,-1,0.0,,
u_33052,0.0,-1,0.0,,
u_33053,0.04001523816467863,3547,0.0,0.787,0.0
u_33054,0.03989045143859703,1409,0.0,0.787,0.0
u_33055,0.0,-1,0.0,,
u_33056,0.07921967323216202,61,0.0,0.787,0.0
u_33057,0.0,-1,0.0,,
u_33058,0.0,-1,0.0,,
u_33059,0.0,-1,0.0,,
u_33060,0.0,-1,0.0,,
u_33061,0.0,-1,0.0,,
u_33062,0.08417531978986129,514,0.0,0.787,0.0
u_33063,0.043034914056465874,4222,0.0,0.787,0.0
u_33064,0.0,-1,0.0,,
u_33065,0.042019622215410175,222,0.0,0.787,0.0
u_33066,0.0,-1,0.0,,
u_33067,0.0,-1,0.0,,
u_33068,0.0,-1,0.0,,
u_33069,0.006586242742924886,3757,0.0,0.12,0.0
u_33070,0.0,-1,0.0,,
u_33071,0.0,-1,0.0,,
u_33072,0.043034914056465874,5081,0.0,0.787,0.0
u_33073,0.0422697670611614,23,0.0,0.787,0.0
u_33074,0.0,-1,0.0,,
u_33075,0.0,-1,0.0,,
u_33076,0.0,-1,0.0,,
u_33077,0.0,-1,0.0,,
u_33078,0.0,-1,0.0,,
u_33079,0.0,-1,0.0,,
u_33080,0.0,-1,0.0,,
u_33081,0.0,-1,0.0,,
u_33082,0.03988769516612729,1458,0.0,0.787,0.0
u_33083,0.0,-1,0.0,,
u_33084,0.0,-1,0.0,,
u_33085,0.0,-1,0.0,,
u_33086,0.0,-1,0.0,,
u_33087,5.421874350421365e-05,376,0.0,0.001,0.0
u_33088,0.009952795670038055,3634,0.0,0.093,0.0
u_33089,0.0,-1,0.0,,
u_33090,0.0,-1,0.0,,
u_33091,0.0,-1,0.0,,
u_33092,0.0006313759301842998,2380,0.0,0.012,0.0
u_33093,0.0,-1,0.0,,
u_33094,0.0,-1,0.0,,
u_33095,0.0,-1,0.0,,
u_33096,0.0,-1,0.0,,
u_33097,0.005803272725393259,3322,0.0,0.055,0.0
u_33098,0.00016840388328285733,1405,0.0,0.003,0.0
u_33099,0.0,-1,0.0,,
u_33100,0.0,-1,0.0,,
u_33101,0.0,-1,0.0,,
u_33102,0.0,-1,0.0,,
u_33103,0.0,-1,0.0,,
u_33104,0.0,-1,0.0,,
u_33105,0.0,-1,0.0,,
u_33106,0.0,-1,0.0,,
u_33107,0.0,-1,0.0,,
u_33108,0.07963113671598321,1170,0.0,0.787,0.0
u_33109,0.0,-1,0.0,,
u_33110,0.0,-1,0.0,,
u_33111,0.0,-1,0.0,,
u_33112,0.04241283437425777,168,0.0,0.787,0.0
u_33113,0.0003153052324032623,71,0.0,0.002,0.0
u_33114,0.0,-1,0.0,,
u_33115,0.0,-1,0.0,,
u_33116,0.0,-1,0.0,,
u_33117,0.043034914056465874,6177,0.0,0.787,0.0
u_33118,0.0,-1,0.0,,
u_33119,0.03989798757494267,4594,0.0,0.787,0.0
u_33120,0.0,-1,0.0,,
u_33121,0.040669488447525756,80,0.0,0.787,0.0
u_33122,0.0,-1,0.0,,
u_33123,0.0,-1,0.0,,
u_33124,0.0,-1,0.0,,
u_33125,0.042130407716432006,5350,0.0,0.787,0.0
u_33126,0.04062983578036768,1282,0.0,0.787,0.0
u_33127,0.0,-1,0.0,,
u_33128,0.010355051463118282,27,0.0,0.195,0.0
u_33129,0.0,-1,0.0,,
u_33130,0.0,-1,0.0,,
u_33131,0.0,-1,0.0,,
u_33132,0.0025640064530277886,3228,0.0,0.047,0.0
u_33133,0.0,-1,0.0,,
u_33134,0.019890267524432466,3998,0.0,0.186,0.0
u_33135,5.780501450571803e-05,423,0.0,0.001,0.0
u_33136,0.0,-1,0.0,,
u_33137,0.00923343654623359,701,0.0,0.174,0.0
u_33138,0.043034914056465874,3394,0.0,0.787,0.0
u_33139,0.0,-1,0.0,,
u_33140,0.0,-1,0.0,,
u_33141,0.0,-1,0.0,,
u_33142,0.0,-1,0.0,,
u_33143,0.0,-1,0.0,,
u_33144,0.0,-1,0.0,,
u_33145,0.0,-1,0.0,,
u_33146,0.0,-1,0.0,,
u_33147,0.08355152921961037,3051,0.0,0.787,0.0
u_33148,0.07922733613579858,2219,0.0,0.787,0.0
u_33149,0.006642248502237945,3750,0.0,0.119,0.0
u_33150,0.0,-1,0.0,,
u_33151,0.08417531978986129,4149,0.0,0.787,0.0
u_33152,0.0,-1,0.0,,
u_33153,0.0,-1,0.0,,
u_33154,0.04002167374110913,7,0.0,0.787,0.0
u_33155,0.042333086018239686,1763,0.0,0.787,0.0
u_33156,0.00036345154595062156,2014,0.0,0.007,0.0
u_33157,0.0038161266175790677,3473,0.0,0.07,0.0
u_33158,0.0,-1,0.0,,
u_33159,0.043034914056465874,1090,0.0,0.787,0.0
u_33160,5.284553168477243e-05,347,0.0,0.001,0.0
u_33161,0.03988805398780162,1302,0.0,0.787,0.0
u_33162,0.0,-1,0.0,,
u_33163,0.0,-1,0.0,,
u_33164,0.043034914056465874,5148,0.0,0.787,0.0
u_33165,0.0,-1,0.0,,
u_33166,0.03989471062652291,2799,0.0,0.787,0.0
u_33167,0.0,-1,0.0,,
u_33168,0.0,-1,0.0,,
u_33169,0.0,-1,0.0,,
u_33170,0.001501496605283407,176,0.0,0.028,0.0
u_33171,0.0,-1,0.0,,
u_33172,0.0805263573627849,1023,0.0,0.787,0.0
u_33173,0.0796336073723726,4739,0.0,0.787,0.0
u_33174,0.0,-1,0.0,,
u_33175,0.0,-1,0.0,,
u_33176,0.043034914056465874,5662,0.0,0.787,0.0
u_33177,0.005255114288728205,896,0.0,0.096,0.0
u_33178,0.0,-1,0.0,,
u_33179,0.0,-1,0.0,,
u_33180,0.043034914056465874,5676,0.0,0.787,0.0
u_33181,0.043034914056465874,5611,0.0,0.787,0.0
u_33182,0.0,-1,0.0,,
u_33183,0.0443457328950087,2841,0.0,0.787,0.0
u_33184,0.0,-1,0.0,,
u_33185,0.0,-1,0.0,,
u_33186,0.0,-1,0.0,,
u_33187,0.0,-1,0.0,,
u_33188,0.0,-1,0.0,,
u_33189,0.043034914056465874,5450,0.0,0.787,0.0
u_33190,0.0,-1,0.0,,
u_33191,0.043034914056465874,5230,0.0,0.787,0.0
u_33192,0.0,-1,0.0,,
u_33193,0.0,-1,0.0,,
u_33194,0.014498999862293293,3834,0.0,0.138,0.0
u_33195,0.043034914056465874,3454,0.0,0.787,0.0
u_33196,0.04057152986935542,200,0.0,0.787,0.0
u_33197,0.0,-1,0.0,,
u_33198,0.040141588451326204,93,0.0,0.787,0.0
u_33199,0.0,-1,0.0,,
u_33200,0.0,-1,0.0,,
u_33201,0.0,-1,0.0,,
u_33202,0.043034914056465874,4009,0.0,0.787,0.0
u_33203,6.201283084125796e-05,527,0.0,0.001,0.0
u_33204,0.0,-1,0.0,,
u_33205,0.0,-1,0.0,,
u_33206,0.04437166718075967,2957,0.0,0.787,0.0
u_33207,0.0,-1,0.0,,
u_33208,0.0007543705318937691,2061,0.0,0.007,0.0
u_33209,0.043034914056465874,3600,0.0,0.787,0.0
u_33210,0.0,-1,0.0,,
u_33211,0.000331102617011946,611,0.0,0.006,0.0
u_33212,0.0,-1,0.0,,
u_33213,0.0,-1,0.0,,
u_33214,0.0,-1,0.0,,
u_33215,0.040573751204244224,1189,0.0,0.787,0.0
u_33216,0.0,-1,0.0,,
u_33217,0.043034914056465874,5351,0.0,0.787,0.0
u_33218,0.0,-1,0.0,,
u_33219,0.0,-1,0.0,,
u_33220,0.039389725466666324,4595,0.0,0.72,0.0
u_33221,0.03988774651907501,360,0.0,0.787,0.0
u_33222,0.04112854746510575,143,0.0,0.787,0.0
u_33223,0.043034914056465874,5677,0.0,0.787,0.0
u_33224,0.0,-1,0.0,,
u_33225,0.0,-1,0.0,,
u_33226,0.0,-1,0.0,,
u_33227,0.0,-1,0.0,,
u_33228,0.0,-1,0.0,,
u_33229,0.043034914056465874,773,0.0,0.787,0.0
u_33230,0.0,-1,0.0,,
u_33231,0.0008299898931493062,2555,0.0,0.015,0.0
u_33232,0.0,-1,0.0,,
u_33233,0.0,-1,0.0,,
u_33234,0.0,-1,0.0,,
u_33235,0.050933609388418774,222,0.0,0.787,0.0
u_33236,0.08135828969047153,1163,0.0,0.787,0.0
u_33237,0.0,-1,0.0,,
u_33238,0.0,-1,0.0,,
u_33239,0.0398877797506514,2585,0.0,0.787,0.0
u_33240,0.0,-1,0.0,,
u_33241,0.0,-1,0.0,,
u_33242,0.0,-1,0.0,,
u_33243,0.043034914056465874,6286,0.0,0.787,0.0
u_33244,0.0,-1,0.0,,
u_33245,0.0021305010817876152,3138,0.0,0.04,0.0
u_33246,0.0,-1,0.0,,
u_33247,0.0,-1,0.0,,
u_33248,0.0,-1,0.0,,
u_33249,0.0,-1,0.0,,
u_33250,0.0,-1,0.0,,
u_33251,0.0,-1,0.0,,
u_33252,0.007958947695963786,3859,0.0,0.145,0.0
u_33253,0.08462621239739031,356,0.0,0.787,0.0
u_33254,0.0,-1,0.0,,
u_33255,0.0,-1,0.0,,
u_33256,0.0,-1,0.0,,
u_33257,0.00013711167028422868,1270,0.0,0.003,0.0
u_33258,0.0,-1,0.0,,
u_33259,0.0,-1,0.0,,
u_33260,0.006222270966937304,3723,0.0,0.114,0.0
u_33261,0.0,-1,0.0,,
u_33262,0.043034914056465874,2358,0.0,0.787,0.0
u_33263,0.0,-1,0.0,,
u_33264,0.00672169224272992,3411,0.0,0.063,0.0
u_33265,0.0,-1,0.0,,
u_33266,0.0,-1,0.0,,
u_33267,0.05086939771667825,4708,0.0,0.93,0.0
u_33268,0.0,-1,0.0,,
u_33269,0.0,-1,0.0,,
u_33270,0.0,-1,0.0,,
u_33271,0.0,-1,0.0,,
u_33272,0.0,-1,0.0,,
u_33273,0.0,-1,0.0,,
u_33274,0.04437153941267458,2938,0.0,0.787,0.0
u_33275,0.08551143668814823,139,0.0,0.787,0.0
u_33276,0.0,-1,0.0,,
u_33277,0.0,-1,0.0,,
u_33278,0.0,-1,0.0,,
u_33279,0.0,-1,0.0,,
u_33280,0.0,-1,0.0,,
u_33281,0.0,-1,0.0,,
u_33282,0.0,-1,0.0,,
u_33283,0.0,-1,0.0,,
u_33284,0.0,-1,0.0,,
u_33285,0.0,-1,0.0,,
u_33286,0.02077357048731497,4286,0.0,0.368,0.0
u_33287,0.043034914056465874,6041,0.0,0.787,0.0
u_33288,0.0,-1,0.0,,
u_33289,0.0,-1,0.0,,
u_33290,0.0,-1,0.0,,
u_33291,0.0,-1,0.0,,
u_33292,0.0,-1,0.0,,
u_33293,0.0,-1,0.0,,
u_33294,0.08417531978986129,4061,0.0,0.787,0.0
u_33295,0.0,-1,0.0,,
u_33296,0.0,-1,0.0,,
u_33297,0.006520223523384451,3751,0.0,0.119,0.0
u_33298,0.042130407716432006,5678,0.0,0.787,0.0
u_33299,0.0,-1,0.0,,
u_33300,0.0,-1,0.0,,
u_33301,0.0,-1,0.0,,
u_33302,0.0,-1,0.0,,
u_33303,0.03988867416878569,4070,0.0,0.787,0.0
u_33304,0.0,-1,0.0,,
u_33305,0.03988777394360022,1674,0.0,0.787,0.0
u_33306,0.0,-1,0.0,,
u_33307,0.0,-1,0.0,,
u_33308,0.0,-1,0.0,,
u_33309,0.0,-1,0.0,,
u_33310,0.0,-1,0.0,,
u_33311,0.04142426159771537,402,0.0,0.787,0.0
u_33312,0.0,-1,0.0,,
u_33313,0.0,-1,0.0,,
u_33314,0.0,-1,0.0,,
u_33315,0.0,-1,0.0,,
u_33316,0.0,-1,0.0,,
u_33317,0.043034914056465874,4338,0.0,0.787,0.0
u_33318,0.0,-1,0.0,,
u_33319,0.0,-1,0.0,,
u_33320,0.0,-1,0.0,,
u_33321,0.0,-1,0.0,,
u_33322,0.0,-1,0.0,,
u_33323,0.0,-1,0.0,,
u_33324,0.0,-1,0.0,,
u_33325,0.0,-1,0.0,,
u_33326,0.0,-1,0.0,,
u_33327,0.043034914056465874,1255,0.0,0.787,0.0
u_33328,0.045237913076864936,251,0.0,0.787,0.0
u_33329,0.04057135976088045,266,0.0,0.787,0.0
u_33330,0.04142042614014119,4024,0.0,0.381,0.0
u_33331,0.0,-1,0.0,,
u_33332,0.04294132514144008,1694,0.0,0.787,0.0
u_33333,0.0,-1,0.0,,
u_33334,0.0,-1,0.0,,
u_33335,0.043034914056465874,5980,0.0,0.787,0.0
u_33336,0.0,-1,0.0,,
u_33337,0.0,-1,0.0,,
u_33338,0.0008506549838610737,820,0.0,0.017,0.0
u_33339,0.0,-1,0.0,,
u_33340,0.043034914056465874,5488,0.0,0.787,0.0
u_33341,0.044371244363826,1929,0.0,0.787,0.0
u_33342,0.044371942646121404,539,0.0,0.787,0.0
u_33343,0.0,-1,0.0,,
u_33344,0.0,-1,0.0,,
u_33345,0.0,-1,0.0,,
u_33346,0.0,-1,0.0,,
u_33347,0.04014765395910596,66,0.0,0.787,0.0
u_33348,0.005839549196261553,3676,0.0,0.104,0.0
u_33349,0.043034914056465874,6162,0.0,0.787,0.0
u_33350,0.04300566869831863,2009,0.0,0.787,0.0
u_33351,0.0,-1,0.0,,
u_33352,0.0,-1,0.0,,
u_33353,0.00013478749100032106,1254,0.0,0.002,0.0
u_33354,0.0,-1,0.0,,
u_33355,0.0,-1,0.0,,
u_33356,0.0,-1,0.0,,
u_33357,0.08417531978986129,5275,0.0,0.787,0.0
u_33358,0.0,-1,0.0,,
u_33359,0.0,-1,0.0,,
u_33360,0.046451501803509876,4297,0.0,0.787,0.0
u_33361,0.0,-1,0.0,,
u_33362,0.0,-1,0.0,,
u_33363,0.0,-1,0.0,,
u_33364,0.0,-1,0.0,,
u_33365,0.0449141417633895,2773,0.0,0.787,0.0
u_33366,0.0,-1,0.0,,
u_33367,0.019221291353373644,965,0.0,0.356,0.0
u_33368,0.0,-1,0.0,,
u_33369,0.0,-1,0.0,,
u_33370,0.0008604229070501279,1622,0.0,0.016,0.0
u_33371,0.0,-1,0.0,,
u_33372,0.041823480970580314,61,0.0,0.787,0.0
u_33373,0.0,-1,0.0,,
u_33374,0.0,-1,0.0,,
u_33375,0.0,-1,0.0,,
u_33376,0.04056271925946091,7,0.0,0.787,0.0
u_33377,0.04139340983124335,351,0.0,0.787,0.0
u_33378,0.0007453098670301025,350,0.0,0.013,0.0
u_33379,0.0,-1,0.0,,
u_33380,0.0,-1,0.0,,
u_33381,0.0,-1,0.0,,
u_33382,0.008102916916773008,3865,0.0,0.148,0.0
u_33383,0.043034914056465874,4423,0.0,0.787,0.0
u_33384,0.0,-1,0.0,,
u_33385,0.0,-1,0.0,,
u_33386,0.033838180694925626,986,0.0,0.634,0.0
u_33387,0.0,-1,0.0,,
u_33388,0.0,-1,0.0,,
u_33389,0.03988941821038336,2072,0.0,0.787,0.0
u_33390,0.0,-1,0.0,,
u_33391,0.0,-1,0.0,,
u_33392,0.043034914056465874,5899,0.0,0.787,0.0
u_33393,0.043034914056465874,3690,0.0,0.787,0.0
u_33394,0.0,-1,0.0,,
u_33395,0.0,-1,0.0,,
u_33396,0.0,-1,0.0,,
u_33397,0.0,-1,0.0,,
u_33398,0.043034914056465874,4255,0.0,0.787,0.0
u_33399,0.0,-1,0.0,,
u_33400,0.043034914056465874,6287,0.0,0.787,0.0
u_33401,0.0,-1,0.0,,
u_33402,0.0,-1,0.0,,
u_33403,0.0,-1,0.0,,
u_33404,0.0,-1,0.0,,
u_33405,0.00016716313630238825,1456,0.0,0.003,0.0
u_33406,0.04356637713594295,3047,0.0,0.787,0.0
u_33407,0.08551297841009438,3358,0.0,0.787,0.0
u_33408,0.08651619631482159,904,0.0,0.787,0.0
u_33409,0.0,-1,0.0,,
u_33410,0.042130407716432006,5014,0.0,0.787,0.0
u_33411,0.08417531978986129,2249,0.0,0.787,0.0
u_33412,0.0,-1,0.0,,
u_33413,0.00893669488159306,3927,0.0,0.163,0.0
u_33414,0.0,-1,0.0,,
u_33415,0.0,-1,0.0,,
u_33416,0.0,-1,0.0,,
u_33417,0.0,-1,0.0,,
u_33418,0.0,-1,0.0,,
u_33419,0.0,-1,0.0,,
u_33420,0.0,-1,0.0,,
u_33421,0.0,-1,0.0,,
u_33422,0.0,-1,0.0,,
u_33423,0.0,-1,0.0,,
u_33424,0.0,-1,0.0,,
u_33425,0.0,-1,0.0,,
u_33426,0.0,-1,0.0,,
u_33427,0.0,-1,0.0,,
u_33428,0.0,-1,0.0,,
u_33429,0.0,-1,0.0,,
u_33430,0.0,-1,0.0,,
u_33431,0.0,-1,0.0,,
u_33432,0.0,-1,0.0,,
u_33433,0.0,-1,0.0,,
u_33434,0.03988810316601774,2965,0.0,0.787,0.0
u_33435,0.0,-1,0.0,,
u_33436,0.0,-1,0.0,,
u_33437,0.0,-1,0.0,,
u_33438,0.0,-1,0.0,,
u_33439,0.0,-1,0.0,,
u_33440,5.6125252870993576e-05,424,0.0,0.001,0.0
u_33441,0.0,-1,0.0,,
u_33442,0.0,-1,0.0,,
u_33443,0.0005885399016853668,2341,0.0,0.011,0.0
u_33444,0.043034914056465874,6180,0.0,0.787,0.0
u_33445,0.039888579238657705,820,0.0,0.787,0.0
u_33446,0.0,-1,0.0,,
u_33447,0.0,-1,0.0,,
u_33448,0.08235729631791817,2010,0.0,0.787,0.0
u_33449,0.0005665262591761293,2326,0.0,0.011,0.0
u_33450,0.000345260061963018,1968,0.0,0.006,0.0
u_33451,0.0,-1,0.0,,
u_33452,0.0,-1,0.0,,
u_33453,0.0,-1,0.0,,
u_33454,0.043034914056465874,5679,0.0,0.787,0.0
u_33455,0.0,-1,0.0,,
u_33456,0.043034914056465874,1554,0.0,0.787,0.0
u_33457,0.0002220220340184353,292,0.0,0.004,0.0
u_33458,0.0,-1,0.0,,
u_33459,0.0,-1,0.0,,
u_33460,0.04179923391810281,2144,0.0,0.787,0.0
u_33461,0.043034914056465874,3905,0.0,0.787,0.0
u_33462,0.0,-1,0.0,,
u_33463,0.0,-1,0.0,,
u_33464,0.07922131909130604,989,0.0,0.787,0.0
u_33465,0.0,-1,0.0,,
u_33466,0.041845674530928426,599,0.0,0.787,0.0
u_33467,0.0,-1,0.0,,
u_33468,0.0,-1,0.0,,
u_33469,0.0,-1,0.0,,
u_33470,0.03988862927075179,2084,0.0,0.787,0.0
u_33471,0.08071570339177646,131,0.0,0.787,0.0
u_33472,0.043034914056465874,5271,0.0,0.787,0.0
u_33473,0.0,-1,0.0,,
u_33474,0.0,-1,0.0,,
u_33475,0.0,-1,0.0,,
u_33476,0.0,-1,0.0,,
u_33477,0.0,-1,0.0,,
u_33478,0.0,-1,0.0,,
u_33479,0.0,-1,0.0,,
u_33480,0.04020594457945909,377,0.0,0.787,0.0
u_33481,0.0,-1,0.0,,
u_33482,0.0,-1,0.0,,
u_33483,0.0,-1,0.0,,
u_33484,0.0,-1,0.0,,
u_33485,0.00022078915355288876,963,0.0,0.004,0.0
u_33486,0.0,-1,0.0,,
u_33487,0.03988771511708506,2798,0.0,0.787,0.0
u_33488,0.0,-1,0.0,,
u_33489,0.043034914056465874,5673,0.0,0.787,0.0
u_33490,0.0,-1,0.0,,
u_33491,0.0,-1,0.0,,
u_33492,0.0,-1,0.0,,
u_33493,0.00020883311138013402,1605,0.0,0.004,0.0
u_33494,0.03988750501688095,3776,0.0,0.787,0.0
u_33495,0.03988949835061742,2946,0.0,0.787,0.0
u_33496,0.043034914056465874,996,0.0,0.787,0.0
u_33497,0.0,-1,0.0,,
u_33498,0.0,-1,0.0,,
u_33499,0.043034914056465874,1488,0.0,0.787,0.0
u_33500,0.0006966217915937511,972,0.0,0.013,0.0
u_33501,0.0,-1,0.0,,
u_33502,0.0,-1,0.0,,
u_33503,0.0,-1,0.0,,
u_33504,0.0,-1,0.0,,
u_33505,0.0,-1,0.0,,
u_33506,0.07963888240290312,2504,0.0,0.787,0.0
u_33507,0.0,-1,0.0,,
u_33508,0.0,-1,0.0,,
u_33509,0.0,-1,0.0,,
u_33510,0.0,-1,0.0,,
u_33511,0.0,-1,0.0,,
u_33512,0.00037450755978507105,2037,0.0,0.007,0.0
u_33513,0.0,-1,0.0,,
u_33514,0.0,-1,0.0,,
u_33515,0.04198915696854245,2863,0.0,0.787,0.0
u_33516,7.185765592297216e-05,719,0.0,0.001,0.0
u_33517,0.043034914056465874,5506,0.0,0.787,0.0
u_33518,0.043034914056465874,6280,0.0,0.787,0.0
u_33519,0.03988903377732462,358,0.0,0.787,0.0
u_33520,0.08235582979355077,3009,0.0,0.787,0.0
u_33521,0.0,-1,0.0,,
u_33522,0.0,-1,0.0,,
u_33523,0.0,-1,0.0,,
u_33524,0.043034914056465874,5448,0.0,0.787,0.0
u_33525,0.0,-1,0.0,,
u_33526,0.0,-1,0.0,,
u_33527,0.043034914056465874,5680,0.0,0.787,0.0
u_33528,0.0,-1,0.0,,
u_33529,0.0,-1,0.0,,
u_33530,0.0,-1,0.0,,
u_33531,0.0,-1,0.0,,
u_33532,0.0,-1,0.0,,
u_33533,0.043034914056465874,5281,0.0,0.787,0.0
u_33534,0.0,-1,0.0,,
u_33535,0.0,-1,0.0,,
u_33536,0.0,-1,0.0,,
u_33537,0.0,-1,0.0,,
u_33538,0.0,-1,0.0,,
u_33539,0.0,-1,0.0,,
u_33540,0.00012629242190743744,1199,0.0,0.002,0.0
u_33541,0.043034914056465874,5681,0.0,0.787,0.0
u_33542,0.11997878165244401,755,0.0,0.787,0.0
u_33543,0.043034914056465874,5406,0.0,0.787,0.0
u_33544,0.0,-1,0.0,,
u_33545,0.0,-1,0.0,,
u_33546,0.0,-1,0.0,,
u_33547,0.043034914056465874,5682,0.0,0.787,0.0
u_33548,0.0,-1,0.0,,
u_33549,0.0,-1,0.0,,
u_33550,0.0,-1,0.0,,
u_33551,0.0,-1,0.0,,
u_33552,0.04294039569234084,3259,0.0,0.787,0.0
u_33553,0.043034914056465874,6288,0.0,0.787,0.0
u_33554,0.0,-1,0.0,,
u_33555,0.0,-1,0.0,,
u_33556,0.04361700201812057,3240,0.0,0.787,0.0
u_33557,0.0,-1,0.0,,
u_33558,0.0,-1,0.0,,
u_33559,0.0,-1,0.0,,
u_33560,0.043034914056465874,6063,0.0,0.787,0.0
u_33561,0.0,-1,0.0,,
u_33562,0.0,-1,0.0,,
u_33563,0.0,-1,0.0,,
u_33564,0.0,-1,0.0,,
u_33565,0.043034914056465874,6089,0.0,0.787,0.0
u_33566,0.0,-1,0.0,,
u_33567,0.011013096343469354,3147,0.0,0.202,0.0
u_33568,0.0,-1,0.0,,
u_33569,0.0,-1,0.0,,
u_33570,0.0,-1,0.0,,
u_33571,0.041819996831974945,789,0.0,0.787,0.0
u_33572,0.0,-1,0.0,,
u_33573,0.0,-1,0.0,,
u_33574,0.0,-1,0.0,,
u_33575,0.04094533706500423,595,0.0,0.787,0.0
u_33576,0.0,-1,0.0,,
u_33577,0.04334833513129912,1788,0.0,0.787,0.0
u_33578,0.0,-1,0.0,,
u_33579,0.0,-1,0.0,,
u_33580,0.0,-1,0.0,,
u_33581,0.0,-1,0.0,,
u_33582,0.043034914056465874,5035,0.0,0.787,0.0
u_33583,0.04042306796992408,5,0.0,0.787,0.0
u_33584,0.00671567846810932,3773,0.0,0.123,0.0
u_33585,0.00017319542371667927,189,0.0,0.002,0.0
u_33586,0.00015914535749735374,1398,0.0,0.003,0.0
u_33587,0.043034914056465874,563,0.0,0.787,0.0
u_33588,0.0,-1,0.0,,
u_33589,0.043034914056465874,6270,0.0,0.787,0.0
u_33590,0.0,-1,0.0,,
u_33591,0.0,-1,0.0,,
u_33592,0.0,-1,0.0,,
u_33593,0.0,-1,0.0,,
u_33594,0.0,-1,0.0,,
u_33595,0.0031186518714288545,3344,0.0,0.057,0.0
u_33596,0.0,-1,0.0,,
u_33597,0.0,-1,0.0,,
u_33598,0.0,-1,0.0,,
u_33599,0.0,-1,0.0,,
u_33600,0.0,-1,0.0,,
u_33601,0.08307980814808014,2488,0.0,0.787,0.0
u_33602,0.0,-1,0.0,,
u_33603,0.039893616003926165,2909,0.0,0.787,0.0
u_33604,0.03988717738060798,985,0.0,0.787,0.0
u_33605,0.043034914056465874,6289,0.0,0.787,0.0
u_33606,0.039888697614011516,799,0.0,0.787,0.0
u_33607,0.043034914056465874,5203,0.0,0.787,0.0
u_33608,0.08445243185176463,1189,0.0,0.787,0.0
u_33609,0.0,-1,0.0,,
u_33610,0.0,-1,0.0,,
u_33611,0.0,-1,0.0,,
u_33612,0.0,-1,0.0,,
u_33613,0.0,-1,0.0,,
u_33614,0.0,-1,0.0,,
u_33615,0.0,-1,0.0,,
u_33616,0.043034914056465874,6267,0.0,0.787,0.0
u_33617,0.0,-1,0.0,,
u_33618,0.04044472036835463,739,0.0,0.787,0.0
u_33619,0.0,-1,0.0,,
u_33620,0.00015135036967437403,788,0.0,0.001,0.0
u_33621,0.0,-1,0.0,,
u_33622,0.0,-1,0.0,,
u_33623,0.08027423113865924,736,0.0,0.787,0.0
u_33624,0.043034914056465874,6066,0.0,0.787,0.0
u_33625,0.03988760477680548,2498,0.0,0.787,0.0
u_33626,0.0,-1,0.0,,
u_33627,0.0,-1,0.0,,
u_33628,0.0,-1,0.0,,
u_33629,0.0,-1,0.0,,
u_33630,0.0,-1,0.0,,
u_33631,0.0,-1,0.0,,
u_33632,0.0,-1,0.0,,
u_33633,0.0,-1,0.0,,
u_33634,0.004989227790643426,3620,0.0,0.091,0.0
u_33635,0.0,-1,0.0,,
u_33636,0.043034914056465874,6290,0.0,0.787,0.0
u_33637,0.0,-1,0.0,,
u_33638,0.0,-1,0.0,,
u_33639,0.03988893696209127,3486,0.0,0.787,0.0
u_33640,0.0010976832614499213,2726,0.0,0.02,0.0
u_33641,0.0,-1,0.0,,
u_33642,0.0,-1,0.0,,
u_33643,0.0,-1,0.0,,
u_33644,0.013617736008784461,166,0.0,0.126,0.0
u_33645,0.0,-1,0.0,,
u_33646,0.043034914056465874,3539,0.0,0.787,0.0
u_33647,0.0,-1,0.0,,
u_33648,0.0,-1,0.0,,
u_33649,0.003145141194224657,682,0.0,0.062,0.0
u_33650,0.039902194822866506,1551,0.0,0.787,0.0
u_33651,0.043034914056465874,5683,0.0,0.787,0.0
u_33652,0.0,-1,0.0,,
u_33653,0.0,-1,0.0,,
u_33654,0.0,-1,0.0,,
u_33655,0.0,-1,0.0,,
u_33656,0.011949698303534135,4063,0.0,0.218,0.0
u_33657,0.0,-1,0.0,,
u_33658,0.0,-1,0.0,,
u_33659,0.04423331144137392,100,0.0,0.787,0.0
u_33660,0.043034914056465874,5684,0.0,0.787,0.0
u_33661,0.0,-1,0.0,,
u_33662,0.0009253882943130536,2628,0.0,0.017,0.0
u_33663,0.08417531978986129,2456,0.0,0.787,0.0
u_33664,0.0,-1,0.0,,
u_33665,0.043034914056465874,3738,0.0,0.787,0.0
u_33666,0.0,-1,0.0,,
u_33667,0.0,-1,0.0,,
u_33668,0.0,-1,0.0,,
u_33669,0.0,-1,0.0,,
u_33670,0.03988765514671406,49,0.0,0.787,0.0
u_33671,0.0,-1,0.0,,
u_33672,0.043034914056465874,2590,0.0,0.787,0.0
u_33673,0.0,-1,0.0,,
u_33674,0.0,-1,0.0,,
u_33675,0.0,-1,0.0,,
u_33676,0.0,-1,0.0,,
u_33677,4.728012767484725e-05,190,0.0,0.001,0.0
u_33678,0.043034914056465874,5828,0.0,0.787,0.0
u_33679,0.0829556817680673,1271,0.0,0.787,0.0
u_33680,0.0,-1,0.0,,
u_33681,0.0,-1,0.0,,
u_33682,0.0,-1,0.0,,
u_33683,0.0,-1,0.0,,
u_33684,0.0,-1,0.0,,
u_33685,0.0,-1,0.0,,
u_33686,0.0,-1,0.0,,
u_33687,0.0,-1,0.0,,
u_33688,0.0002575364520577647,1237,0.0,0.002,0.0
u_33689,6.254213988500869e-05,535,0.0,0.001,0.0
u_33690,0.0,-1,0.0,,
u_33691,0.0,-1,0.0,,
u_33692,0.043034914056465874,2558,0.0,0.787,0.0
u_33693,0.08417531978986129,209,0.0,0.787,0.0
u_33694,0.0,-1,0.0,,
u_33695,0.0,-1,0.0,,
u_33696,0.0035624486828774544,890,0.0,0.034,0.0
u_33697,0.0,-1,0.0,,
u_33698,0.0,-1,0.0,,
u_33699,0.0001464456388477588,168,0.0,0.003,0.0
u_33700,0.0,-1,0.0,,
u_33701,0.043034914056465874,5839,0.0,0.787,0.0
u_33702,0.043034914056465874,1306,0.0,0.787,0.0
u_33703,0.0,-1,0.0,,
u_33704,0.0,-1,0.0,,
u_33705,0.0,-1,0.0,,
u_33706,0.04372580406741279,1071,0.0,0.787,0.0
u_33707,0.0,-1,0.0,,
u_33708,0.043034914056465874,2323,0.0,0.787,0.0
u_33709,0.043034914056465874,3108,0.0,0.787,0.0
u_33710,0.043034914056465874,2204,0.0,0.787,0.0
u_33711,0.040719601513052456,603,0.0,0.787,0.0
u_33712,0.0,-1,0.0,,
u_33713,0.0,-1,0.0,,
u_33714,0.043034914056465874,5685,0.0,0.787,0.0
u_33715,0.0,-1,0.0,,
u_33716,0.0,-1,0.0,,
u_33717,0.0,-1,0.0,,
u_33718,0.0,-1,0.0,,
u_33719,0.002196071178904289,2743,0.0,0.021,0.0
u_33720,0.0,-1,0.0,,
u_33721,0.0,-1,0.0,,
u_33722,0.0,-1,0.0,,
u_33723,0.0,-1,0.0,,
u_33724,0.0,-1,0.0,,
u_33725,0.0,-1,0.0,,
u_33726,0.0,-1,0.0,,
u_33727,0.0,-1,0.0,,
u_33728,0.043034914056465874,2217,0.0,0.787,0.0
u_33729,0.043034914056465874,4879,0.0,0.787,0.0
u_33730,0.0,-1,0.0,,
u_33731,7.874776051599317e-05,783,0.0,0.001,0.0
u_33732,0.0,-1,0.0,,
u_33733,0.0,-1,0.0,,
u_33734,0.0,-1,0.0,,
u_33735,0.0,-1,0.0,,
u_33736,0.0,-1,0.0,,
u_33737,0.0,-1,0.0,,
u_33738,0.0,-1,0.0,,
u_33739,0.0,-1,0.0,,
u_33740,0.0,-1,0.0,,
u_33741,0.0,-1,0.0,,
u_33742,0.0,-1,0.0,,
u_33743,0.039889482241296105,1748,0.0,0.787,0.0
u_33744,0.0,-1,0.0,,
u_33745,0.0,-1,0.0,,
u_33746,0.043034914056465874,5686,0.0,0.787,0.0
u_33747,0.0,-1,0.0,,
u_33748,0.0,-1,0.0,,
u_33749,0.0,-1,0.0,,
u_33750,0.043034914056465874,5072,0.0,0.787,0.0
u_33751,0.0,-1,0.0,,
u_33752,0.0,-1,0.0,,
u_33753,0.0,-1,0.0,,
u_33754,0.0,-1,0.0,,
u_33755,0.0,-1,0.0,,
u_33756,0.0,-1,0.0,,
u_33757,0.0,-1,0.0,,
u_33758,0.0,-1,0.0,,
u_33759,0.0,-1,0.0,,
u_33760,0.0,-1,0.0,,
u_33761,0.0006789586581313139,2437,0.0,0.012,0.0
u_33762,0.0,-1,0.0,,
u_33763,0.014513709208214187,322,0.0,0.272,0.0
u_33764,0.0,-1,0.0,,
u_33765,0.0,-1,0.0,,
u_33766,0.03988752454976325,277,0.0,0.787,0.0
u_33767,0.0,-1,0.0,,
u_33768,0.0,-1,0.0,,
u_33769,0.0,-1,0.0,,
u_33770,0.0,-1,0.0,,
u_33771,0.0,-1,0.0,,
u_33772,0.0,-1,0.0,,
u_33773,0.04203280855645837,1500,0.0,0.787,0.0
u_33774,0.0,-1,0.0,,
u_33775,0.0018046420457228114,2626,0.0,0.017,0.0
u_33776,0.0,-1,0.0,,
u_33777,0.0,-1,0.0,,
u_33778,0.0,-1,0.0,,
u_33779,0.0,-1,0.0,,
u_33780,0.004552974408941696,3567,0.0,0.083,0.0
u_33781,0.0,-1,0.0,,
u_33782,0.04437176224946839,2390,0.0,0.787,0.0
u_33783,0.043034914056465874,612,0.0,0.787,0.0
u_33784,0.043035365157606705,2124,0.0,0.787,0.0
u_33785,0.0,-1,0.0,,
u_33786,0.040430851667253756,87,0.0,0.787,0.0
u_33787,0.0,-1,0.0,,
u_33788,0.0,-1,0.0,,
u_33789,0.043034914056465874,5352,0.0,0.787,0.0
u_33790,0.039887883522095026,3212,0.0,0.787,0.0
u_33791,0.0,-1,0.0,,
u_33792,0.0,-1,0.0,,
u_33793,0.043034914056465874,4148,0.0,0.787,0.0
u_33794,0.0,-1,0.0,,
u_33795,0.043034914056465874,5826,0.0,0.787,0.0
u_33796,0.043034914056465874,5687,0.0,0.787,0.0
u_33797,0.0,-1,0.0,,
u_33798,0.0,-1,0.0,,
u_33799,0.0,-1,0.0,,
u_33800,0.0,-1,0.0,,
u_33801,0.0,-1,0.0,,
u_33802,0.0,-1,0.0,,
u_33803,0.0,-1,0.0,,
u_33804,0.00025708052823111594,1775,0.0,0.005,0.0
u_33805,0.027180377844803903,4431,0.0,0.497,0.0
u_33806,0.03988839297805301,3467,0.0,0.787,0.0
u_33807,0.0,-1,0.0,,
u_33808,0.0,-1,0.0,,
u_33809,0.0,-1,0.0,,
u_33810,0.0,-1,0.0,,
u_33811,0.0,-1,0.0,,
u_33812,0.12472659698444541,4347,0.0,0.787,0.0
u_33813,0.0,-1,0.0,,
u_33814,0.0,-1,0.0,,
u_33815,0.0020503709304062925,1763,0.0,0.01,0.0
u_33816,0.00010605031740280596,1064,0.0,0.002,0.0
u_33817,0.043034914056465874,3123,0.0,0.787,0.0
u_33818,0.026929622806733368,690,0.0,0.498,0.0
u_33819,0.043034914056465874,6291,0.0,0.787,0.0
u_33820,0.0,-1,0.0,,
u_33821,0.00017691991417236264,267,0.0,0.003,0.0
u_33822,0.0,-1,0.0,,
u_33823,0.0,-1,0.0,,
u_33824,0.0,-1,0.0,,
u_33825,0.0,-1,0.0,,
u_33826,0.04043938643835983,1593,0.0,0.787,0.0
u_33827,0.0,-1,0.0,,
u_33828,0.043034914056465874,5579,0.0,0.787,0.0
u_33829,0.006115162720224308,3712,0.0,0.112,0.0
u_33830,0.043034914056465874,5601,0.0,0.787,0.0
u_33831,0.0,-1,0.0,,
u_33832,0.08029730085118181,1455,0.0,0.787,0.0
u_33833,0.0,-1,0.0,,
u_33834,0.0,-1,0.0,,
u_33835,0.0,-1,0.0,,
u_33836,0.0,-1,0.0,,
u_33837,0.08093863141024023,87,0.0,0.787,0.0
u_33838,0.0,-1,0.0,,
u_33839,0.0,-1,0.0,,
u_33840,0.0,-1,0.0,,
u_33841,0.0,-1,0.0,,
u_33842,0.0018760146940114632,2680,0.0,0.019,0.0
u_33843,0.0195391551456729,295,0.0,0.365,0.0
u_33844,0.0,-1,0.0,,
u_33845,0.0,-1,0.0,,
u_33846,0.0,-1,0.0,,
u_33847,5.985018511977271e-05,453,0.0,0.001,0.0
u_33848,0.043034914056465874,5041,0.0,0.787,0.0
u_33849,0.0018117877656474973,3036,0.0,0.033,0.0
u_33850,0.0,-1,0.0,,
u_33851,0.0,-1,0.0,,
u_33852,0.002020667065533455,2486,0.0,0.036,0.0
u_33853,0.0,-1,0.0,,
u_33854,0.0,-1,0.0,,
u_33855,0.0,-1,0.0,,
u_33856,0.0,-1,0.0,,
u_33857,0.0,-1,0.0,,
u_33858,0.0,-1,0.0,,
u_33859,0.0,-1,0.0,,
u_33860,0.043034914056465874,5688,0.0,0.787,0.0
u_33861,0.043034914056465874,2397,0.0,0.787,0.0
u_33862,0.0,-1,0.0,,
u_33863,0.0,-1,0.0,,
u_33864,0.043034914056465874,5456,0.0,0.787,0.0
u_33865,0.0,-1,0.0,,
u_33866,0.0,-1,0.0,,
u_33867,0.00022010064349580505,981,0.0,0.004,0.0
u_33868,0.0,-1,0.0,,
u_33869,0.0,-1,0.0,,
u_33870,0.0,-1,0.0,,
u_33871,0.0,-1,0.0,,
u_33872,0.0,-1,0.0,,
u_33873,0.0,-1,0.0,,
u_33874,0.0,-1,0.0,,
u_33875,0.0398881213722586,1104,0.0,0.787,0.0
u_33876,0.0,-1,0.0,,
u_33877,0.08236802325962483,797,0.0,0.787,0.0
u_33878,0.0,-1,0.0,,
u_33879,0.0,-1,0.0,,
u_33880,0.0,-1,0.0,,
u_33881,0.0,-1,0.0,,
u_33882,0.0,-1,0.0,,
u_33883,0.0005880828239730235,587,0.0,0.005,0.0
u_33884,0.043034914056465874,2298,0.0,0.787,0.0
u_33885,0.0,-1,0.0,,
u_33886,0.019913556192885887,2752,0.0,0.376,0.0
u_33887,8.56872988330172e-05,100,0.0,0.001,0.0
u_33888,0.0,-1,0.0,,
u_33889,0.0,-1,0.0,,
u_33890,0.0,-1,0.0,,
u_33891,0.0,-1,0.0,,
u_33892,0.04023588151929395,2691,0.0,0.787,0.0
u_33893,0.0,-1,0.0,,
u_33894,0.004010344568383928,860,0.0,0.039,0.0
u_33895,0.0,-1,0.0,,
u_33896,0.03988829615761642,174,0.0,0.787,0.0
u_33897,0.04393150933463424,528,0.0,0.787,0.0
u_33898,0.043034914056465874,5086,0.0,0.787,0.0
u_33899,0.0,-1,0.0,,
u_33900,0.0,-1,0.0,,
u_33901,0.0,-1,0.0,,
u_33902,0.03990018167566775,1761,0.0,0.787,0.0
u_33903,0.0,-1,0.0,,
u_33904,6.419320231470149e-05,625,0.0,0.001,0.0
u_33905,0.0,-1,0.0,,
u_33906,0.0,-1,0.0,,
u_33907,0.0,-1,0.0,,
u_33908,0.0,-1,0.0,,
u_33909,0.041549254060843935,404,0.0,0.787,0.0
u_33910,0.0,-1,0.0,,
u_33911,0.03915853029589179,4593,0.0,0.716,0.0
u_33912,0.043034914056465874,4492,0.0,0.787,0.0
u_33913,0.0,-1,0.0,,
u_33914,0.0,-1,0.0,,
u_33915,0.0,-1,0.0,,
u_33916,0.0,-1,0.0,,
u_33917,0.00010645043734641856,1067,0.0,0.002,0.0
u_33918,0.0,-1,0.0,,
u_33919,0.043034914056465874,2577,0.0,0.787,0.0
u_33920,0.043034914056465874,6224,0.0,0.787,0.0
u_33921,0.0,-1,0.0,,
u_33922,0.0,-1,0.0,,
u_33923,0.0,-1,0.0,,
u_33924,0.0,-1,0.0,,
u_33925,0.0,-1,0.0,,
u_33926,0.0,-1,0.0,,
u_33927,0.004006194497352777,3496,0.0,0.073,0.0
u_33928,0.08236630710979355,5070,0.0,0.787,0.0
u_33929,0.0,-1,0.0,,
u_33930,0.0,-1,0.0,,
u_33931,0.04053633915199951,645,0.0,0.787,0.0
u_33932,0.0,-1,0.0,,
u_33933,0.0,-1,0.0,,
u_33934,0.032986398260916504,4526,0.0,0.603,0.0
u_33935,0.0,-1,0.0,,
u_33936,0.0,-1,0.0,,
u_33937,4.930493837739724e-05,248,0.0,0.001,0.0
u_33938,0.0003243809343555008,22,0.0,0.003,0.0
u_33939,0.0,-1,0.0,,
u_33940,0.0,-1,0.0,,
u_33941,0.0,-1,0.0,,
u_33942,0.04541755611526428,76,0.0,0.787,0.0
u_33943,0.0,-1,0.0,,
u_33944,0.0,-1,0.0,,
u_33945,0.0,-1,0.0,,
u_33946,0.0,-1,0.0,,
u_33947,0.0,-1,0.0,,
u_33948,0.043034914056465874,5554,0.0,0.787,0.0
u_33949,0.08236630710979355,5936,0.0,0.787,0.0
u_33950,0.0,-1,0.0,,
u_33951,0.0,-1,0.0,,
u_33952,0.0,-1,0.0,,
u_33953,0.0,-1,0.0,,
u_33954,0.0,-1,0.0,,
u_33955,0.043034914056465874,5068,0.0,0.787,0.0
u_33956,0.0,-1,0.0,,
u_33957,0.0,-1,0.0,,
u_33958,0.0,-1,0.0,,
u_33959,0.0,-1,0.0,,
u_33960,0.0,-1,0.0,,
u_33961,0.0,-1,0.0,,
u_33962,0.039887886521249874,533,0.0,0.787,0.0
u_33963,0.043034914056465874,2083,0.0,0.787,0.0
u_33964,0.043034914056465874,5682,0.0,0.787,0.0
u_33965,0.0,-1,0.0,,
u_33966,0.003071317423430128,460,0.0,0.029,0.0
u_33967,0.0796294637234158,998,0.0,0.787,0.0
u_33968,0.0,-1,0.0,,
u_33969,0.0003472118986274655,1113,0.0,0.006,0.0
u_33970,0.039887235835805446,3503,0.0,0.787,0.0
u_33971,0.04134984561221873,4618,0.0,0.756,0.0
u_33972,0.0,-1,0.0,,
u_33973,0.0013497994870027615,2869,0.0,0.025,0.0
u_33974,0.04399772106772158,1642,0.0,0.787,0.0
u_33975,0.001161787211827895,22,0.0,0.022,0.0
u_33976,0.0,-1,0.0,,
u_33977,0.0,-1,0.0,,
u_33978,4.2721011396259024e-05,72,0.0,0.001,0.0
u_33979,0.0008449402089205902,2129,0.0,0.008,0.0
u_33980,0.0,-1,0.0,,
u_33981,0.0,-1,0.0,,
u_33982,0.0,-1,0.0,,
u_33983,0.04037778067070034,77,0.0,0.787,0.0
u_33984,0.0,-1,0.0,,
u_33985,0.0,-1,0.0,,
u_33986,0.0,-1,0.0,,
u_33987,0.0,-1,0.0,,
u_33988,0.0,-1,0.0,,
u_33989,0.0,-1,0.0,,
u_33990,0.0,-1,0.0,,
u_33991,0.0421899080252117,1288,0.0,0.787,0.0
u_33992,0.0,-1,0.0,,
u_33993,0.001826797491192997,22,0.0,0.018,0.0
u_33994,0.0,-1,0.0,,
u_33995,0.0,-1,0.0,,
u_33996,0.0,-1,0.0,,
u_33997,0.0,-1,0.0,,
u_33998,0.0006338631440033751,2385,0.0,0.012,0.0
u_33999,0.043034914056465874,1835,0.0,0.787,0.0
u_34000,0.0,-1,0.0,,
u_34001,0.0,-1,0.0,,
u_34002,0.034243107373003366,4547,0.0,0.626,0.0
u_34003,0.043034914056465874,2366,0.0,0.787,0.0
u_34004,0.0,-1,0.0,,
u_34005,0.0,-1,0.0,,
u_34006,0.0,-1,0.0,,
u_34007,0.0,-1,0.0,,
u_34008,0.0,-1,0.0,,
u_34009,0.03988797268355774,2681,0.0,0.787,0.0
u_34010,0.0,-1,0.0,,
u_34011,0.0,-1,0.0,,
u_34012,0.0,-1,0.0,,
u_34013,0.0,-1,0.0,,
u_34014,0.0,-1,0.0,,
u_34015,0.0,-1,0.0,,
u_34016,0.0,-1,0.0,,
u_34017,0.0,-1,0.0,,
u_34018,0.0,-1,0.0,,
u_34019,0.002085581441205688,3128,0.0,0.04,0.0
u_34020,0.0,-1,0.0,,
u_34021,0.01927154483393027,4262,0.0,0.352,0.0
u_34022,0.043034914056465874,62,0.0,0.787,0.0
u_34023,0.0,-1,0.0,,
u_34024,0.0,-1,0.0,,
u_34025,0.043034914056465874,5689,0.0,0.787,0.0
u_34026,0.0,-1,0.0,,
u_34027,0.0,-1,0.0,,
u_34028,0.0016441599321437425,671,0.0,0.016,0.0
u_34029,0.043034914056465874,92,0.0,0.787,0.0
u_34030,0.0,-1,0.0,,
u_34031,0.0,-1,0.0,,
u_34032,0.0,-1,0.0,,
u_34033,0.0,-1,0.0,,
u_34034,0.0,-1,0.0,,
u_34035,0.0,-1,0.0,,
u_34036,0.0,-1,0.0,,
u_34037,0.0,-1,0.0,,
u_34038,0.0,-1,0.0,,
u_34039,0.0,-1,0.0,,
u_34040,0.0,-1,0.0,,
u_34041,0.0,-1,0.0,,
u_34042,0.0,-1,0.0,,
u_34043,0.0,-1,0.0,,
u_34044,0.0,-1,0.0,,
u_34045,0.0,-1,0.0,,
u_34046,0.0,-1,0.0,,
u_34047,0.0,-1,0.0,,
u_34048,0.0,-1,0.0,,
u_34049,0.043034914056465874,5553,0.0,0.787,0.0
u_34050,0.0,-1,0.0,,
u_34051,0.0,-1,0.0,,
u_34052,5.99561822478021e-05,495,0.0,0.001,0.0
u_34053,0.0,-1,0.0,,
u_34054,0.0,-1,0.0,,
u_34055,0.043034914056465874,4974,0.0,0.787,0.0
u_34056,0.043034914056465874,5004,0.0,0.787,0.0
u_34057,0.0,-1,0.0,,
u_34058,0.043034914056465874,5417,0.0,0.787,0.0
u_34059,0.0,-1,0.0,,
u_34060,0.0,-1,0.0,,
u_34061,0.0,-1,0.0,,
u_34062,0.0,-1,0.0,,
u_34063,0.043034914056465874,5908,0.0,0.787,0.0
u_34064,0.0,-1,0.0,,
u_34065,0.0,-1,0.0,,
u_34066,0.0,-1,0.0,,
u_34067,0.0,-1,0.0,,
u_34068,0.0,-1,0.0,,
u_34069,0.0,-1,0.0,,
u_34070,0.0,-1,0.0,,
u_34071,0.0,-1,0.0,,
u_34072,0.0003500231615226367,1985,0.0,0.006,0.0
u_34073,0.0,-1,0.0,,
u_34074,0.0,-1,0.0,,
u_34075,0.0,-1,0.0,,
u_34076,0.0,-1,0.0,,
u_34077,0.0,-1,0.0,,
u_34078,0.0,-1,0.0,,
u_34079,0.0,-1,0.0,,
u_34080,0.0,-1,0.0,,
u_34081,0.0,-1,0.0,,
u_34082,0.03988945406543946,1791,0.0,0.787,0.0
u_34083,0.043034914056465874,4118,0.0,0.787,0.0
u_34084,7.981404756967833e-05,168,0.0,0.001,0.0
u_34085,0.0,-1,0.0,,
u_34086,0.008800464747189346,3922,0.0,0.161,0.0
u_34087,0.0,-1,0.0,,
u_34088,0.0,-1,0.0,,
u_34089,0.0,-1,0.0,,
u_34090,0.043034914056465874,4880,0.0,0.787,0.0
u_34091,0.0,-1,0.0,,
u_34092,0.0,-1,0.0,,
u_34093,0.0,-1,0.0,,
u_34094,0.043034914056465874,1951,0.0,0.787,0.0
u_34095,0.0,-1,0.0,,
u_34096,0.0,-1,0.0,,
u_34097,0.043034914056465874,4912,0.0,0.787,0.0
u_34098,0.0,-1,0.0,,
u_34099,0.04150781099144256,4620,0.0,0.759,0.0
u_34100,0.0,-1,0.0,,
u_34101,0.0,-1,0.0,,
u_34102,0.04238298978804827,2741,0.0,0.787,0.0
u_34103,0.043034914056465874,5471,0.0,0.787,0.0
u_34104,0.043034914056465874,3036,0.0,0.787,0.0
u_34105,0.0,-1,0.0,,
u_34106,0.0402075071360393,419,0.0,0.787,0.0
u_34107,0.0,-1,0.0,,
u_34108,0.0,-1,0.0,,
u_34109,4.088792198093789e-05,2,0.0,0.001,0.0
u_34110,0.021380750193219857,161,0.0,0.414,0.0
u_34111,0.0,-1,0.0,,
u_34112,0.0,-1,0.0,,
u_34113,0.041397615377668166,1480,0.0,0.787,0.0
u_34114,0.0,-1,0.0,,
u_34115,0.0,-1,0.0,,
u_34116,0.0,-1,0.0,,
u_34117,0.0,-1,0.0,,
u_34118,0.043034914056465874,4621,0.0,0.787,0.0
u_34119,0.0,-1,0.0,,
u_34120,0.0,-1,0.0,,
u_34121,0.0,-1,0.0,,
u_34122,0.043034914056465874,5690,0.0,0.787,0.0
u_34123,0.0,-1,0.0,,
u_34124,0.0,-1,0.0,,
u_34125,4.353665601301634e-05,166,0.0,0.001,0.0
u_34126,0.041217116479520796,797,0.0,0.787,0.0
u_34127,0.03988774527791255,797,0.0,0.787,0.0
u_34128,0.0,-1,0.0,,
u_34129,0.003545843989785517,2163,0.0,0.033,0.0
u_34130,0.0,-1,0.0,,
u_34131,0.0,-1,0.0,,
u_34132,0.039887878898973425,625,0.0,0.787,0.0
u_34133,0.0,-1,0.0,,
u_34134,0.0,-1,0.0,,
u_34135,0.0002652857454867972,1299,0.0,0.003,0.0
u_34136,0.0,-1,0.0,,
u_34137,0.0,-1,0.0,,
u_34138,0.0,-1,0.0,,
u_34139,0.0,-1,0.0,,
u_34140,0.0,-1,0.0,,
u_34141,0.0,-1,0.0,,
u_34142,0.0,-1,0.0,,
u_34143,0.0,-1,0.0,,
u_34144,0.0398875870851418,371,0.0,0.787,0.0
u_34145,0.0,-1,0.0,,
u_34146,0.0,-1,0.0,,
u_34147,0.0,-1,0.0,,
u_34148,0.0823618648298169,137,0.0,0.787,0.0
u_34149,0.0,-1,0.0,,
u_34150,0.0,-1,0.0,,
u_34151,0.00028168191230471717,1097,0.0,0.005,0.0
u_34152,0.006064510195834855,118,0.0,0.118,0.0
u_34153,0.00029396887127721344,1842,0.0,0.005,0.0
u_34154,0.000373965885056103,2034,0.0,0.007,0.0
u_34155,0.04295250511085206,1351,0.0,0.787,0.0
u_34156,0.04332643789741924,1065,0.0,0.787,0.0
u_34157,0.0058264802757067875,1628,0.0,0.036,0.0
u_34158,0.007409673493619758,118,0.0,0.072,0.0
u_34159,0.0,-1,0.0,,
u_34160,0.0,-1,0.0,,
u_34161,0.043034914056465874,4273,0.0,0.787,0.0
u_34162,0.0030245162119413175,103,0.0,0.054,0.0
u_34163,0.043034914056465874,6076,0.0,0.787,0.0
u_34164,0.0,-1,0.0,,
u_34165,0.0,-1,0.0,,
u_34166,0.0,-1,0.0,,
u_34167,0.0,-1,0.0,,
u_34168,0.0,-1,0.0,,
u_34169,0.0,-1,0.0,,
u_34170,0.0,-1,0.0,,
u_34171,0.0,-1,0.0,,
u_34172,0.0,-1,0.0,,
u_34173,0.03988759555625037,2627,0.0,0.787,0.0
u_34174,0.0,-1,0.0,,
u_34175,0.0,-1,0.0,,
u_34176,0.0,-1,0.0,,
u_34177,0.0,-1,0.0,,
u_34178,0.0,-1,0.0,,
u_34179,0.0,-1,0.0,,
u_34180,0.0,-1,0.0,,
u_34181,0.0,-1,0.0,,
u_34182,0.0,-1,0.0,,
u_34183,0.0,-1,0.0,,
u_34184,0.034537487167524444,4552,0.0,0.631,0.0
u_34185,0.0,-1,0.0,,
u_34186,0.0,-1,0.0,,
u_34187,0.0,-1,0.0,,
u_34188,0.03994317559285985,345,0.0,0.787,0.0
u_34189,0.043034914056465874,5243,0.0,0.787,0.0
u_34190,0.039887735491796514,1908,0.0,0.787,0.0
u_34191,0.0,-1,0.0,,
u_34192,0.00012168155036381362,1176,0.0,0.002,0.0
u_34193,0.08028137952296022,2470,0.0,0.787,0.0
u_34194,0.08236630710979355,5509,0.0,0.787,0.0
u_34195,0.0,-1,0.0,,
u_34196,0.0,-1,0.0,,
u_34197,0.0,-1,0.0,,
u_34198,0.0,-1,0.0,,
u_34199,0.08417531978986129,2407,0.0,0.787,0.0
u_34200,0.0018367034408424284,1161,0.0,0.034,0.0
u_34201,0.0,-1,0.0,,
u_34202,0.01801634490298588,4234,0.0,0.329,0.0
u_34203,0.0,-1,0.0,,
u_34204,0.0019235524522957619,3065,0.0,0.035,0.0
u_34205,0.043034914056465874,6292,0.0,0.787,0.0
u_34206,0.043034914056465874,1677,0.0,0.787,0.0
u_34207,0.0,-1,0.0,,
u_34208,0.0,-1,0.0,,
u_34209,0.0,-1,0.0,,
u_34210,0.04095236615641476,1042,0.0,0.787,0.0
u_34211,0.04303588954428369,1934,0.0,0.787,0.0
u_34212,0.0,-1,0.0,,
u_34213,0.0,-1,0.0,,
u_34214,0.0,-1,0.0,,
u_34215,0.043034914056465874,5570,0.0,0.787,0.0
u_34216,0.0,-1,0.0,,
u_34217,0.0,-1,0.0,,
u_34218,0.0006358565277822175,797,0.0,0.012,0.0
u_34219,0.0,-1,0.0,,
u_34220,5.514307148467231e-05,401,0.0,0.001,0.0
u_34221,0.0,-1,0.0,,
u_34222,0.0,-1,0.0,,
u_34223,0.0,-1,0.0,,
u_34224,0.0,-1,0.0,,
u_34225,0.043034914056465874,5191,0.0,0.787,0.0
u_34226,0.04304834602288951,2745,0.0,0.787,0.0
u_34227,0.042130407716432006,5139,0.0,0.787,0.0
u_34228,0.0,-1,0.0,,
u_34229,0.043034914056465874,5691,0.0,0.787,0.0
u_34230,0.043034914056465874,6293,0.0,0.787,0.0
u_34231,0.0,-1,0.0,,
u_34232,0.0,-1,0.0,,
u_34233,0.0,-1,0.0,,
u_34234,0.0,-1,0.0,,
u_34235,0.0002169301118619389,1584,0.0,0.004,0.0
u_34236,0.0,-1,0.0,,
u_34237,0.00016852742605503679,1417,0.0,0.003,0.0
u_34238,0.0,-1,0.0,,
u_34239,0.007373983041618396,3817,0.0,0.135,0.0
u_34240,0.0014133391840003599,1332,0.0,0.014,0.0
u_34241,0.0,-1,0.0,,
u_34242,0.0,-1,0.0,,
u_34243,0.0,-1,0.0,,
u_34244,0.0,-1,0.0,,
u_34245,0.0,-1,0.0,,
u_34246,0.0026846515445653786,849,0.0,0.026,0.0
u_34247,0.0,-1,0.0,,
u_34248,0.0,-1,0.0,,
u_34249,0.00789975590327517,3849,0.0,0.142,0.0
u_34250,0.0,-1,0.0,,
u_34251,0.0,-1,0.0,,
u_34252,0.043034914056465874,4581,0.0,0.787,0.0
u_34253,0.0,-1,0.0,,
u_34254,0.043034914056465874,1701,0.0,0.787,0.0
u_34255,0.0,-1,0.0,,
u_34256,0.043034914056465874,6106,0.0,0.787,0.0
u_34257,0.0,-1,0.0,,
u_34258,6.214665829382906e-05,543,0.0,0.001,0.0
u_34259,0.043034914056465874,4729,0.0,0.787,0.0
u_34260,0.0,-1,0.0,,
u_34261,0.043034914056465874,6088,0.0,0.787,0.0
u_34262,0.043034914056465874,5692,0.0,0.787,0.0
u_34263,0.004327783982789243,3536,0.0,0.079,0.0
u_34264,0.039887610621099696,74,0.0,0.787,0.0
u_34265,0.0,-1,0.0,,
u_34266,0.0,-1,0.0,,
u_34267,0.0,-1,0.0,,
u_34268,0.0,-1,0.0,,
u_34269,0.0433983241141052,1193,0.0,0.787,0.0
u_34270,0.00043678508055536135,2139,0.0,0.008,0.0
u_34271,0.0,-1,0.0,,
u_34272,0.0405716172590131,1021,0.0,0.787,0.0
u_34273,0.08417531978986129,2137,0.0,0.787,0.0
u_34274,4.0145087551531566e-05,35,0.0,0.001,0.0
u_34275,0.0,-1,0.0,,
u_34276,0.0,-1,0.0,,
u_34277,0.0866185367765135,4071,0.0,0.787,0.0
u_34278,0.0,-1,0.0,,
u_34279,0.0,-1,0.0,,
u_34280,0.0,-1,0.0,,
u_34281,0.0,-1,0.0,,
u_34282,0.0,-1,0.0,,
u_34283,0.0,-1,0.0,,
u_34284,0.0,-1,0.0,,
u_34285,0.0,-1,0.0,,
u_34286,0.0,-1,0.0,,
u_34287,0.0,-1,0.0,,
u_34288,0.03988727394711367,87,0.0,0.787,0.0
u_34289,0.0,-1,0.0,,
u_34290,0.0,-1,0.0,,
u_34291,0.0,-1,0.0,,
u_34292,0.0,-1,0.0,,
u_34293,0.0,-1,0.0,,
u_34294,0.0,-1,0.0,,
u_34295,0.0,-1,0.0,,
u_34296,0.0,-1,0.0,,
u_34297,0.0,-1,0.0,,
u_34298,9.820106337281812e-05,1009,0.0,0.002,0.0
u_34299,0.0,-1,0.0,,
u_34300,0.0,-1,0.0,,
u_34301,0.0,-1,0.0,,
u_34302,0.0,-1,0.0,,
u_34303,0.006194833507961311,2790,0.0,0.115,0.0
u_34304,0.0,-1,0.0,,
u_34305,0.0,-1,0.0,,
u_34306,0.0036984652795963107,2350,0.0,0.072,0.0
u_34307,0.0,-1,0.0,,
u_34308,0.0,-1,0.0,,
u_34309,0.043034914056465874,6073,0.0,0.787,0.0
u_34310,0.04065033473536974,61,0.0,0.787,0.0
u_34311,0.0,-1,0.0,,
u_34312,0.0,-1,0.0,,
u_34313,0.0,-1,0.0,,
u_34314,0.0,-1,0.0,,
u_34315,0.043034914056465874,5290,0.0,0.787,0.0
u_34316,0.08071708246807215,419,0.0,0.787,0.0
u_34317,0.0,-1,0.0,,
u_34318,0.0,-1,0.0,,
u_34319,0.0,-1,0.0,,
u_34320,0.0,-1,0.0,,
u_34321,0.0,-1,0.0,,
u_34322,0.0,-1,0.0,,
u_34323,0.0,-1,0.0,,
u_34324,0.043034914056465874,5551,0.0,0.787,0.0
u_34325,0.0,-1,0.0,,
u_34326,0.0,-1,0.0,,
u_34327,0.0,-1,0.0,,
u_34328,0.0,-1,0.0,,
u_34329,0.0,-1,0.0,,
u_34330,0.043034914056465874,2393,0.0,0.787,0.0
u_34331,0.0023951070490111394,490,0.0,0.046,0.0
u_34332,0.0,-1,0.0,,
u_34333,0.0,-1,0.0,,
u_34334,0.0,-1,0.0,,
u_34335,0.0092279787210308,3947,0.0,0.169,0.0
u_34336,0.04323821994039891,405,0.0,0.787,0.0
u_34337,0.043034914056465874,4173,0.0,0.787,0.0
u_34338,0.0,-1,0.0,,
u_34339,0.0,-1,0.0,,
u_34340,0.043034914056465874,5693,0.0,0.787,0.0
u_34341,0.0,-1,0.0,,
u_34342,0.043034914056465874,3805,0.0,0.787,0.0
u_34343,0.0,-1,0.0,,
u_34344,0.0,-1,0.0,,
u_34345,0.0,-1,0.0,,
u_34346,0.0,-1,0.0,,
u_34347,0.0,-1,0.0,,
u_34348,0.0009572604525021336,75,0.0,0.017,0.0
u_34349,0.039887382761520714,425,0.0,0.787,0.0
u_34350,0.043034914056465874,4069,0.0,0.787,0.0
u_34351,9.082858793949661e-05,77,0.0,0.002,0.0
u_34352,0.0,-1,0.0,,
u_34353,0.043034914056465874,102,0.0,0.787,0.0
u_34354,0.0,-1,0.0,,
u_34355,0.0,-1,0.0,,
u_34356,0.0,-1,0.0,,
u_34357,0.00017581506657554378,1515,0.0,0.003,0.0
u_34358,0.043034914056465874,6294,0.0,0.787,0.0
u_34359,0.0,-1,0.0,,
u_34360,0.0,-1,0.0,,
u_34361,0.0,-1,0.0,,
u_34362,0.022758478470990162,285,0.0,0.433,0.0
u_34363,0.043034914056465874,6233,0.0,0.787,0.0
u_34364,0.0,-1,0.0,,
u_34365,0.0,-1,0.0,,
u_34366,0.03989207336575738,2162,0.0,0.787,0.0
u_34367,0.0,-1,0.0,,
u_34368,0.0,-1,0.0,,
u_34369,0.0,-1,0.0,,
u_34370,0.0,-1,0.0,,
u_34371,0.0,-1,0.0,,
u_34372,0.0,-1,0.0,,
u_34373,0.0,-1,0.0,,
u_34374,0.0,-1,0.0,,
u_34375,0.0,-1,0.0,,
u_34376,0.0,-1,0.0,,
u_34377,0.0,-1,0.0,,
u_34378,0.0,-1,0.0,,
u_34379,0.0,-1,0.0,,
u_34380,0.043034914056465874,1292,0.0,0.787,0.0
u_34381,0.00023603593469702768,5,0.0,0.002,0.0
u_34382,0.043034914056465874,5694,0.0,0.787,0.0
u_34383,0.0012697088261409974,1996,0.0,0.023,0.0
u_34384,0.0,-1,0.0,,
u_34385,0.0,-1,0.0,,
u_34386,0.0,-1,0.0,,
u_34387,0.03280500836460212,438,0.0,0.212,0.0
u_34388,0.0,-1,0.0,,
u_34389,0.0,-1,0.0,,
u_34390,0.0,-1,0.0,,
u_34391,0.043034914056465874,5695,0.0,0.787,0.0
u_34392,0.0,-1,0.0,,
u_34393,0.0,-1,0.0,,
u_34394,0.0,-1,0.0,,
u_34395,0.0,-1,0.0,,
u_34396,0.030856110889152917,4178,0.0,0.288,0.0
u_34397,0.05495802160872946,497,0.0,0.514,0.0
u_34398,0.019898055815083186,89,0.0,0.188,0.0
u_34399,0.0,-1,0.0,,
u_34400,0.0,-1,0.0,,
u_34401,0.0,-1,0.0,,
u_34402,0.0,-1,0.0,,
u_34403,0.0,-1,0.0,,
u_34404,0.0007824291969622464,2521,0.0,0.014,0.0
u_34405,0.07159757132649372,4230,0.0,0.669,0.0
u_34406,0.0,-1,0.0,,
u_34407,0.0,-1,0.0,,
u_34408,0.0,-1,0.0,,
u_34409,0.0,-1,0.0,,
u_34410,0.00022200500609599816,547,0.0,0.004,0.0
u_34411,0.0033055610599246727,3389,0.0,0.06,0.0
u_34412,0.0,-1,0.0,,
u_34413,0.0,-1,0.0,,
u_34414,0.0,-1,0.0,,
u_34415,0.0,-1,0.0,,
u_34416,0.0,-1,0.0,,
u_34417,0.008408908933354923,89,0.0,0.164,0.0
u_34418,0.04466130880093323,798,0.0,0.787,0.0
u_34419,0.0,-1,0.0,,
u_34420,0.043034914056465874,5696,0.0,0.787,0.0
u_34421,0.0,-1,0.0,,
u_34422,0.0,-1,0.0,,
u_34423,0.043034914056465874,5204,0.0,0.787,0.0
u_34424,0.0,-1,0.0,,
u_34425,0.0,-1,0.0,,
u_34426,0.0,-1,0.0,,
u_34427,0.0,-1,0.0,,
u_34428,0.0,-1,0.0,,
u_34429,0.0,-1,0.0,,
u_34430,0.0,-1,0.0,,
u_34431,0.043034914056465874,1625,0.0,0.787,0.0
u_34432,0.0,-1,0.0,,
u_34433,0.0,-1,0.0,,
u_34434,0.0,-1,0.0,,
u_34435,0.0,-1,0.0,,
u_34436,8.061827920335082e-05,254,0.0,0.001,0.0
u_34437,0.0,-1,0.0,,
u_34438,0.0,-1,0.0,,
u_34439,0.0,-1,0.0,,
u_34440,0.03991657999063812,1075,0.0,0.787,0.0
u_34441,0.0810178265047888,222,0.0,0.787,0.0
u_34442,0.0,-1,0.0,,
u_34443,0.04037820020519853,1126,0.0,0.787,0.0
u_34444,0.010077124612678031,3993,0.0,0.184,0.0
u_34445,0.0,-1,0.0,,
u_34446,0.0,-1,0.0,,
u_34447,0.0,-1,0.0,,
u_34448,0.0,-1,0.0,,
u_34449,0.0,-1,0.0,,
u_34450,0.0,-1,0.0,,
u_34451,0.0,-1,0.0,,
u_34452,0.0,-1,0.0,,
u_34453,0.0,-1,0.0,,
u_34454,0.0,-1,0.0,,
u_34455,0.0,-1,0.0,,
u_34456,0.0002855996684282409,1865,0.0,0.006,0.0
u_34457,0.0,-1,0.0,,
u_34458,0.039887870638616076,3135,0.0,0.787,0.0
u_34459,0.0,-1,0.0,,
u_34460,0.0,-1,0.0,,
u_34461,0.0,-1,0.0,,
u_34462,0.0,-1,0.0,,
u_34463,0.0,-1,0.0,,
u_34464,0.040941561388346065,2583,0.0,0.787,0.0
u_34465,0.0,-1,0.0,,
u_34466,0.043034914056465874,5697,0.0,0.787,0.0
u_34467,0.0,-1,0.0,,
u_34468,0.0,-1,0.0,,
u_34469,0.0,-1,0.0,,
u_34470,0.0,-1,0.0,,
u_34471,0.0,-1,0.0,,
u_34472,0.043034914056465874,5610,0.0,0.787,0.0
u_34473,0.0,-1,0.0,,
u_34474,0.043034914056465874,4293,0.0,0.787,0.0
u_34475,0.0,-1,0.0,,
u_34476,0.0,-1,0.0,,
u_34477,0.0,-1,0.0,,
u_34478,0.039897662139258945,2494,0.0,0.787,0.0
u_34479,0.0,-1,0.0,,
u_34480,0.00013974269311961297,1300,0.0,0.003,0.0
u_34481,0.03988853770840177,1330,0.0,0.787,0.0
u_34482,0.043034914056465874,2023,0.0,0.787,0.0
u_34483,5.5806739749167224e-05,417,0.0,0.001,0.0
u_34484,0.0,-1,0.0,,
u_34485,0.0,-1,0.0,,
u_34486,0.0,-1,0.0,,
u_34487,0.0,-1,0.0,,
u_34488,0.0,-1,0.0,,
u_34489,0.04411316147375806,66,0.0,0.787,0.0
u_34490,0.0,-1,0.0,,
u_34491,0.0,-1,0.0,,
u_34492,0.0,-1,0.0,,
u_34493,0.03988851882782705,2168,0.0,0.787,0.0
u_34494,0.07963034712418983,7,0.0,0.787,0.0
u_34495,0.008926472259818045,3926,0.0,0.163,0.0
u_34496,0.02327962832226184,1566,0.0,0.214,0.0
u_34497,0.0,-1,0.0,,
u_34498,0.0,-1,0.0,,
u_34499,0.010114952483753267,2212,0.0,0.196,0.0
u_34500,0.0,-1,0.0,,
u_34501,0.043034914056465874,186,0.0,0.787,0.0
u_34502,0.0,-1,0.0,,
u_34503,0.0,-1,0.0,,
u_34504,0.0,-1,0.0,,
u_34505,0.0,-1,0.0,,
u_34506,0.03988783812978124,87,0.0,0.787,0.0
u_34507,0.0,-1,0.0,,
u_34508,0.040965375514382535,278,0.0,0.787,0.0
u_34509,0.0,-1,0.0,,
u_34510,0.0,-1,0.0,,
u_34511,0.03989902380909914,4570,0.0,0.787,0.0
u_34512,0.0,-1,0.0,,
u_34513,0.00220576285299337,2748,0.0,0.021,0.0
u_34514,0.00011322792738248612,1121,0.0,0.002,0.0
u_34515,0.0,-1,0.0,,
u_34516,0.0,-1,0.0,,
u_34517,0.0,-1,0.0,,
u_34518,0.0,-1,0.0,,
u_34519,0.00024738479818495624,1719,0.0,0.005,0.0
u_34520,0.0,-1,0.0,,
u_34521,0.0007889171779878533,1647,0.0,0.014,0.0
u_34522,0.0,-1,0.0,,
u_34523,0.0,-1,0.0,,
u_34524,0.0,-1,0.0,,
u_34525,0.03988797700114749,3463,0.0,0.787,0.0
u_34526,0.043034914056465874,874,0.0,0.787,0.0
u_34527,0.08027871016545741,3142,0.0,0.787,0.0
u_34528,0.0,-1,0.0,,
u_34529,0.0,-1,0.0,,
u_34530,0.0,-1,0.0,,
u_34531,0.0025284055373541144,154,0.0,0.044,0.0
u_34532,0.0,-1,0.0,,
u_34533,0.0,-1,0.0,,
u_34534,0.0,-1,0.0,,
u_34535,9.466473954173342e-05,963,0.0,0.002,0.0
u_34536,0.0,-1,0.0,,
u_34537,0.0,-1,0.0,,
u_34538,0.043034914056465874,5698,0.0,0.787,0.0
u_34539,6.834781837191047e-05,681,0.0,0.001,0.0
u_34540,0.006467688087676231,3746,0.0,0.118,0.0
u_34541,0.0,-1,0.0,,
u_34542,0.04036024407072545,380,0.0,0.787,0.0
u_34543,0.03988843756265025,161,0.0,0.787,0.0
u_34544,0.040764125381802914,316,0.0,0.787,0.0
u_34545,0.0,-1,0.0,,
u_34546,0.043034914056465874,5500,0.0,0.787,0.0
u_34547,0.0,-1,0.0,,
u_34548,0.0,-1,0.0,,
u_34549,0.0,-1,0.0,,
u_34550,0.0,-1,0.0,,
u_34551,0.0,-1,0.0,,
u_34552,0.0,-1,0.0,,
u_34553,0.043034914056465874,5683,0.0,0.787,0.0
u_34554,0.0,-1,0.0,,
u_34555,0.0,-1,0.0,,
u_34556,0.043034914056465874,6287,0.0,0.787,0.0
u_34557,0.0,-1,0.0,,
u_34558,0.0,-1,0.0,,
u_34559,0.043034914056465874,6295,0.0,0.787,0.0
u_34560,0.0,-1,0.0,,
u_34561,0.0,-1,0.0,,
u_34562,0.0,-1,0.0,,
u_34563,0.0,-1,0.0,,
u_34564,0.0,-1,0.0,,
u_34565,0.0,-1,0.0,,
u_34566,0.0,-1,0.0,,
u_34567,0.0,-1,0.0,,
u_34568,0.0,-1,0.0,,
u_34569,0.0,-1,0.0,,
u_34570,0.0,-1,0.0,,
u_34571,0.0005592448705326605,2307,0.0,0.01,0.0
u_34572,0.043034914056465874,3585,0.0,0.787,0.0
u_34573,0.0,-1,0.0,,
u_34574,0.0,-1,0.0,,
u_34575,0.08417531978986129,1080,0.0,0.787,0.0
u_34576,0.0,-1,0.0,,
u_34577,0.0,-1,0.0,,
u_34578,0.0,-1,0.0,,
u_34579,0.0,-1,0.0,,
u_34580,0.0,-1,0.0,,
u_34581,0.04324679983686607,203,0.0,0.787,0.0
u_34582,0.0,-1,0.0,,
u_34583,0.0,-1,0.0,,
u_34584,0.043034914056465874,5822,0.0,0.787,0.0
u_34585,0.0,-1,0.0,,
u_34586,0.0003344845442789259,1938,0.0,0.006,0.0
u_34587,0.0,-1,0.0,,
u_34588,0.043034914056465874,1445,0.0,0.787,0.0
u_34589,0.04297424536916237,234,0.0,0.787,0.0
u_34590,0.0,-1,0.0,,
u_34591,0.0,-1,0.0,,
u_34592,0.0,-1,0.0,,
u_34593,0.04431763984000416,345,0.0,0.787,0.0
u_34594,0.0,-1,0.0,,
u_34595,0.00013840102436700466,1281,0.0,0.003,0.0
u_34596,0.043034914056465874,4741,0.0,0.787,0.0
u_34597,0.0,-1,0.0,,
u_34598,0.0,-1,0.0,,
u_34599,0.043034914056465874,6031,0.0,0.787,0.0
u_34600,0.0,-1,0.0,,
u_34601,0.040134570147939225,266,0.0,0.787,0.0
u_34602,0.0,-1,0.0,,
u_34603,0.0,-1,0.0,,
u_34604,0.0,-1,0.0,,
u_34605,0.043034914056465874,5699,0.0,0.787,0.0
u_34606,0.043034914056465874,5897,0.0,0.787,0.0
u_34607,0.0,-1,0.0,,
u_34608,0.0,-1,0.0,,
u_34609,0.0,-1,0.0,,
u_34610,0.0,-1,0.0,,
u_34611,0.0,-1,0.0,,
u_34612,0.034958669772393806,56,0.0,0.337,0.0
u_34613,0.0,-1,0.0,,
u_34614,0.0,-1,0.0,,
u_34615,0.0,-1,0.0,,
u_34616,0.08551231300971278,2963,0.0,0.787,0.0
u_34617,0.0,-1,0.0,,
u_34618,0.0,-1,0.0,,
u_34619,0.0,-1,0.0,,
u_34620,0.0,-1,0.0,,
u_34621,0.0,-1,0.0,,
u_34622,0.043034914056465874,2209,0.0,0.787,0.0
u_34623,0.0,-1,0.0,,
u_34624,0.0,-1,0.0,,
u_34625,0.04321697551907888,626,0.0,0.787,0.0
u_34626,0.0,-1,0.0,,
u_34627,0.03989347625635714,1869,0.0,0.787,0.0
u_34628,0.0,-1,0.0,,
u_34629,8.880157261779033e-05,882,0.0,0.002,0.0
u_34630,0.0,-1,0.0,,
u_34631,0.0003838065079165384,2053,0.0,0.007,0.0
u_34632,0.0,-1,0.0,,
u_34633,0.0,-1,0.0,,
u_34634,0.0,-1,0.0,,
u_34635,0.000692089780558031,2450,0.0,0.013,0.0
u_34636,0.0,-1,0.0,,
u_34637,0.0002580241065204478,1755,0.0,0.005,0.0
u_34638,0.0,-1,0.0,,
u_34639,0.03989739113879702,2744,0.0,0.787,0.0
u_34640,0.0,-1,0.0,,
u_34641,0.0,-1,0.0,,
u_34642,0.0,-1,0.0,,
u_34643,0.0,-1,0.0,,
u_34644,0.0,-1,0.0,,
u_34645,0.043034914056465874,5700,0.0,0.787,0.0
u_34646,0.04227209813331256,983,0.0,0.787,0.0
u_34647,0.0,-1,0.0,,
u_34648,0.0,-1,0.0,,
u_34649,0.043034914056465874,5701,0.0,0.787,0.0
u_34650,0.0,-1,0.0,,
u_34651,0.0,-1,0.0,,
u_34652,0.04337818303714745,2531,0.0,0.788,0.0
u_34653,0.0,-1,0.0,,
u_34654,0.0,-1,0.0,,
u_34655,0.0,-1,0.0,,
u_34656,0.0,-1,0.0,,
u_34657,0.0,-1,0.0,,
u_34658,0.08236630710979355,6155,0.0,0.787,0.0
u_34659,0.0,-1,0.0,,
u_34660,0.0,-1,0.0,,
u_34661,0.0,-1,0.0,,
u_34662,0.0,-1,0.0,,
u_34663,0.043034914056465874,424,0.0,0.787,0.0
u_34664,0.0,-1,0.0,,
u_34665,0.0,-1,0.0,,
u_34666,0.0001794031563322983,1488,0.0,0.003,0.0
u_34667,0.0,-1,0.0,,
u_34668,0.00858667859689867,3904,0.0,0.157,0.0
u_34669,0.0,-1,0.0,,
u_34670,0.0,-1,0.0,,
u_34671,0.0,-1,0.0,,
u_34672,0.0038290762764255025,3475,0.0,0.07,0.0
u_34673,0.043034914056465874,5676,0.0,0.787,0.0
u_34674,0.0,-1,0.0,,
u_34675,0.0007406618457430093,473,0.0,0.013,0.0
u_34676,0.03638962975104274,4577,0.0,0.665,0.0
u_34677,0.043034914056465874,6109,0.0,0.787,0.0
u_34678,0.08079699460107312,3364,0.0,0.787,0.0
u_34679,0.0,-1,0.0,,
u_34680,0.0,-1,0.0,,
u_34681,0.0015916530728733195,1409,0.0,0.029,0.0
u_34682,0.0,-1,0.0,,
u_34683,0.0,-1,0.0,,
u_34684,0.04077995087576283,77,0.0,0.787,0.0
u_34685,0.0,-1,0.0,,
u_34686,0.0,-1,0.0,,
u_34687,0.0,-1,0.0,,
u_34688,0.0,-1,0.0,,
u_34689,0.0,-1,0.0,,
u_34690,0.0,-1,0.0,,
u_34691,0.00013865487053911434,1327,0.0,0.003,0.0
u_34692,0.0,-1,0.0,,
u_34693,0.08124748933077822,89,0.0,0.787,0.0
u_34694,0.0,-1,0.0,,
u_34695,0.0,-1,0.0,,
u_34696,0.0,-1,0.0,,
u_34697,0.0,-1,0.0,,
u_34698,0.0,-1,0.0,,
u_34699,0.0,-1,0.0,,
u_34700,0.000639683358603759,2394,0.0,0.012,0.0
u_34701,0.0,-1,0.0,,
u_34702,0.0,-1,0.0,,
u_34703,0.0355995158069228,168,0.0,0.338,0.0
u_34704,0.03989828004815665,3219,0.0,0.787,0.0
u_34705,0.0,-1,0.0,,
u_34706,0.043034914056465874,6296,0.0,0.787,0.0
u_34707,0.04186999510434759,1219,0.0,0.787,0.0
u_34708,0.0,-1,0.0,,
u_34709,0.0,-1,0.0,,
u_34710,0.0,-1,0.0,,
u_34711,0.03988776241422218,101,0.0,0.787,0.0
u_34712,0.043034914056465874,3053,0.0,0.787,0.0
u_34713,0.043034914056465874,6297,0.0,0.787,0.0
u_34714,0.0,-1,0.0,,
u_34715,0.043034914056465874,6298,0.0,0.787,0.0
u_34716,0.0,-1,0.0,,
u_34717,0.0,-1,0.0,,
u_34718,0.0,-1,0.0,,
u_34719,0.0,-1,0.0,,
u_34720,0.04373148004847834,646,0.0,0.787,0.0
u_34721,0.043034914056465874,5702,0.0,0.787,0.0
u_34722,0.04276130986385589,764,0.0,0.787,0.0
u_34723,0.0,-1,0.0,,
u_34724,0.0,-1,0.0,,
u_34725,0.0,-1,0.0,,
u_34726,0.0,-1,0.0,,
u_34727,0.004830643756225187,373,0.0,0.046,0.0
u_34728,0.0,-1,0.0,,
u_34729,0.00038133318378392404,2050,0.0,0.007,0.0
u_34730,0.0,-1,0.0,,
u_34731,0.0,-1,0.0,,
u_34732,0.0,-1,0.0,,
u_34733,0.0,-1,0.0,,
u_34734,0.0415257673790906,3088,0.0,0.787,0.0
u_34735,0.0,-1,0.0,,
u_34736,0.0,-1,0.0,,
u_34737,0.043034914056465874,5703,0.0,0.787,0.0
u_34738,0.043034914056465874,4993,0.0,0.787,0.0
u_34739,0.0,-1,0.0,,
u_34740,0.0,-1,0.0,,
u_34741,0.043034914056465874,4328,0.0,0.787,0.0
u_34742,0.0,-1,0.0,,
u_34743,0.0001348682584015885,1255,0.0,0.002,0.0
u_34744,0.043034914056465874,5704,0.0,0.787,0.0
u_34745,0.0,-1,0.0,,
u_34746,0.0,-1,0.0,,
u_34747,0.0,-1,0.0,,
u_34748,0.0,-1,0.0,,
u_34749,0.0,-1,0.0,,
u_34750,0.04133223245836268,574,0.0,0.787,0.0
u_34751,0.0,-1,0.0,,
u_34752,0.0,-1,0.0,,
u_34753,0.08237522665494863,4597,0.0,0.787,0.0
u_34754,0.0,-1,0.0,,
u_34755,0.006036887252001264,3323,0.0,0.056,0.0
u_34756,0.07923361138908794,2359,0.0,0.787,0.0
u_34757,0.0,-1,0.0,,
u_34758,0.0,-1,0.0,,
u_34759,0.0,-1,0.0,,
u_34760,0.04396041444231862,1379,0.0,0.787,0.0
u_34761,0.043034914056465874,5705,0.0,0.787,0.0
u_34762,0.0,-1,0.0,,
u_34763,0.0,-1,0.0,,
u_34764,0.0,-1,0.0,,
u_34765,0.0,-1,0.0,,
u_34766,0.0,-1,0.0,,
u_34767,0.0005919259536863675,2345,0.0,0.011,0.0
u_34768,0.0,-1,0.0,,
u_34769,0.0,-1,0.0,,
u_34770,0.043034914056465874,5609,0.0,0.787,0.0
u_34771,0.0,-1,0.0,,
u_34772,0.0,-1,0.0,,
u_34773,0.0,-1,0.0,,
u_34774,0.0,-1,0.0,,
u_34775,0.040507463559853296,738,0.0,0.787,0.0
u_34776,0.0,-1,0.0,,
u_34777,0.0,-1,0.0,,
u_34778,0.0,-1,0.0,,
u_34779,0.00020731102770572355,557,0.0,0.002,0.0
u_34780,0.0,-1,0.0,,
u_34781,0.0,-1,0.0,,
u_34782,0.043034914056465874,5706,0.0,0.787,0.0
u_34783,0.03989621227544189,1906,0.0,0.787,0.0
u_34784,0.0,-1,0.0,,
u_34785,0.0,-1,0.0,,
u_34786,0.0,-1,0.0,,
u_34787,0.0,-1,0.0,,
u_34788,0.04437261518565498,3754,0.0,0.787,0.0
u_34789,0.0020452517762692547,3103,0.0,0.037,0.0
u_34790,0.0,-1,0.0,,
u_34791,0.08027454260013145,3443,0.0,0.787,0.0
u_34792,0.008373191282769143,2965,0.0,0.163,0.0
u_34793,0.0,-1,0.0,,
u_34794,0.0,-1,0.0,,
u_34795,0.0001271829715189601,1204,0.0,0.002,0.0
u_34796,0.0,-1,0.0,,
u_34797,0.0,-1,0.0,,
u_34798,0.0,-1,0.0,,
u_34799,0.0,-1,0.0,,
u_34800,0.043034914056465874,822,0.0,0.787,0.0
u_34801,0.0,-1,0.0,,
u_34802,4.806820322980888e-05,222,0.0,0.001,0.0
u_34803,0.0,-1,0.0,,
u_34804,0.0,-1,0.0,,
u_34805,0.0,-1,0.0,,
u_34806,0.04327104689589666,1097,0.0,0.787,0.0
u_34807,0.0,-1,0.0,,
u_34808,0.0,-1,0.0,,
u_34809,0.0,-1,0.0,,
u_34810,0.0,-1,0.0,,
u_34811,0.0,-1,0.0,,
u_34812,0.08196774007080256,1179,0.0,0.787,0.0
u_34813,0.043034914056465874,1899,0.0,0.787,0.0
u_34814,0.0,-1,0.0,,
u_34815,0.0,-1,0.0,,
u_34816,0.0,-1,0.0,,
u_34817,0.043034914056465874,5663,0.0,0.787,0.0
u_34818,0.0,-1,0.0,,
u_34819,0.039887935611405204,168,0.0,0.787,0.0
u_34820,0.0,-1,0.0,,
u_34821,0.043034914056465874,5707,0.0,0.787,0.0
u_34822,0.0,-1,0.0,,
u_34823,0.0,-1,0.0,,
u_34824,0.0,-1,0.0,,
u_34825,0.0,-1,0.0,,
u_34826,0.0,-1,0.0,,
u_34827,0.0,-1,0.0,,
u_34828,0.0,-1,0.0,,
u_34829,0.0,-1,0.0,,
u_34830,0.0,-1,0.0,,
u_34831,0.04161468001237418,189,0.0,0.787,0.0
u_34832,0.0,-1,0.0,,
u_34833,0.01638826674844679,3498,0.0,0.102,0.0
u_34834,0.006898909131537665,2789,0.0,0.135,0.0
u_34835,0.0002488804725754009,447,0.0,0.004,0.0
u_34836,0.00014432148301722256,1318,0.0,0.003,0.0
u_34837,0.0,-1,0.0,,
u_34838,0.0,-1,0.0,,
u_34839,0.0,-1,0.0,,
u_34840,0.0,-1,0.0,,
u_34841,0.0,-1,0.0,,
u_34842,0.0,-1,0.0,,
u_34843,0.0,-1,0.0,,
u_34844,0.0,-1,0.0,,
u_34845,0.0,-1,0.0,,
u_34846,0.0,-1,0.0,,
u_34847,0.0,-1,0.0,,
u_34848,0.0,-1,0.0,,
u_34849,0.0,-1,0.0,,
u_34850,0.0,-1,0.0,,
u_34851,0.00011753107515677688,518,0.0,0.001,0.0
u_34852,0.04207078455431216,3820,0.0,0.787,0.0
u_34853,0.04089415299796796,1048,0.0,0.787,0.0
u_34854,0.03988724510713018,917,0.0,0.787,0.0
u_34855,0.0,-1,0.0,,
u_34856,0.0,-1,0.0,,
u_34857,0.0,-1,0.0,,
u_34858,0.000949422601904548,1191,0.0,0.018,0.0
u_34859,0.0,-1,0.0,,
u_34860,0.0,-1,0.0,,
u_34861,0.0002234206266903849,1657,0.0,0.004,0.0
u_34862,0.0,-1,0.0,,
u_34863,0.043034914056465874,6175,0.0,0.787,0.0
u_34864,0.0,-1,0.0,,
u_34865,0.0,-1,0.0,,
u_34866,0.0,-1,0.0,,
u_34867,0.043034914056465874,4134,0.0,0.787,0.0
u_34868,0.0034144804302348834,297,0.0,0.034,0.0
u_34869,0.0,-1,0.0,,
u_34870,0.0001259741504859398,1197,0.0,0.002,0.0
u_34871,0.0,-1,0.0,,
u_34872,0.0,-1,0.0,,
u_34873,0.043034914056465874,5960,0.0,0.787,0.0
u_34874,0.04437093654157953,2669,0.0,0.787,0.0
u_34875,0.0,-1,0.0,,
u_34876,0.0,-1,0.0,,
u_34877,0.0,-1,0.0,,
u_34878,0.0,-1,0.0,,
u_34879,0.0,-1,0.0,,
u_34880,0.04443891309144,296,0.0,0.787,0.0
u_34881,0.0,-1,0.0,,
u_34882,0.03988802575426596,1880,0.0,0.787,0.0
u_34883,0.043034914056465874,4635,0.0,0.787,0.0
u_34884,0.0,-1,0.0,,
u_34885,0.0017698510676315187,3026,0.0,0.032,0.0
u_34886,0.0,-1,0.0,,
u_34887,0.0,-1,0.0,,
u_34888,0.0,-1,0.0,,
u_34889,0.0,-1,0.0,,
u_34890,0.0,-1,0.0,,
u_34891,0.0,-1,0.0,,
u_34892,0.0,-1,0.0,,
u_34893,0.0,-1,0.0,,
u_34894,0.043034914056465874,5708,0.0,0.787,0.0
u_34895,0.026534221905467992,671,0.0,0.498,0.0
u_34896,0.0,-1,0.0,,
u_34897,0.0,-1,0.0,,
u_34898,0.0,-1,0.0,,
u_34899,0.0,-1,0.0,,
u_34900,0.0,-1,0.0,,
u_34901,0.0,-1,0.0,,
u_34902,4.5457295558670584e-05,146,0.0,0.001,0.0
u_34903,0.0001661191305295452,1432,0.0,0.003,0.0
u_34904,0.0,-1,0.0,,
u_34905,0.08080706485762569,4586,0.0,0.787,0.0
u_34906,0.0398872279417104,1972,0.0,0.787,0.0
u_34907,0.0,-1,0.0,,
u_34908,0.0,-1,0.0,,
u_34909,0.0,-1,0.0,,
u_34910,0.043034914056465874,5642,0.0,0.787,0.0
u_34911,0.0,-1,0.0,,
u_34912,0.043034914056465874,4889,0.0,0.787,0.0
u_34913,0.04011452102373955,4605,0.0,0.733,0.0
u_34914,0.0,-1,0.0,,
u_34915,0.0,-1,0.0,,
u_34916,0.00017896849739325375,952,0.0,0.002,0.0
u_34917,0.04130831032201196,1351,0.0,0.787,0.0
u_34918,0.0,-1,0.0,,
u_34919,0.0,-1,0.0,,
u_34920,0.0,-1,0.0,,
u_34921,0.041057998655467526,3467,0.0,0.787,0.0
u_34922,0.0,-1,0.0,,
u_34923,0.08081793799839106,3563,0.0,0.787,0.0
u_34924,0.0,-1,0.0,,
u_34925,0.018772909470056706,3196,0.0,0.173,0.0
u_34926,0.0,-1,0.0,,
u_34927,0.044368306845267894,2269,0.0,0.787,0.0
u_34928,0.0,-1,0.0,,
u_34929,0.0,-1,0.0,,
u_34930,0.04026368140609209,168,0.0,0.787,0.0
u_34931,0.0,-1,0.0,,
u_34932,0.039888822396875634,1377,0.0,0.787,0.0
u_34933,0.08236630710979355,6258,0.0,0.787,0.0
u_34934,0.0,-1,0.0,,
u_34935,0.0,-1,0.0,,
u_34936,0.0,-1,0.0,,
u_34937,0.006434565556777,649,0.0,0.118,0.0
u_34938,0.0,-1,0.0,,
u_34939,0.0,-1,0.0,,
u_34940,0.0,-1,0.0,,
u_34941,0.043034914056465874,4643,0.0,0.787,0.0
u_34942,0.0,-1,0.0,,
u_34943,0.0,-1,0.0,,
u_34944,0.026623591340698666,592,0.0,0.261,0.0
u_34945,0.019926647405736984,4266,0.0,0.353,0.0
u_34946,0.0,-1,0.0,,
u_34947,0.042106654157446084,254,0.0,0.787,0.0
u_34948,0.0,-1,0.0,,
u_34949,0.04302237137172384,200,0.0,0.787,0.0
u_34950,0.0,-1,0.0,,
u_34951,0.0,-1,0.0,,
u_34952,0.029557589927895176,1147,0.0,0.554,0.0
u_34953,0.0,-1,0.0,,
u_34954,0.0,-1,0.0,,
u_34955,0.043034914056465874,5709,0.0,0.787,0.0
u_34956,0.0,-1,0.0,,
u_34957,0.0,-1,0.0,,
u_34958,0.0,-1,0.0,,
u_34959,0.0,-1,0.0,,
u_34960,0.0,-1,0.0,,
u_34961,0.043034914056465874,6158,0.0,0.787,0.0
u_34962,9.927288266735511e-05,310,0.0,0.001,0.0
u_34963,0.039890687166315796,2424,0.0,0.787,0.0
u_34964,0.0,-1,0.0,,
u_34965,0.0,-1,0.0,,
u_34966,0.0,-1,0.0,,
u_34967,0.0032207764254816506,3373,0.0,0.059,0.0
u_34968,0.00019075796403052585,1000,0.0,0.002,0.0
u_34969,0.013899033767906412,4028,0.0,0.268,0.0
u_34970,0.0,-1,0.0,,
u_34971,0.0,-1,0.0,,
u_34972,0.0,-1,0.0,,
u_34973,0.0,-1,0.0,,
u_34974,0.0,-1,0.0,,
u_34975,0.0,-1,0.0,,
u_34976,0.0,-1,0.0,,
u_34977,0.0,-1,0.0,,
u_34978,0.008657247122465314,77,0.0,0.163,0.0
u_34979,0.0,-1,0.0,,
u_34980,0.0,-1,0.0,,
u_34981,0.0,-1,0.0,,
u_34982,0.0,-1,0.0,,
u_34983,0.0,-1,0.0,,
u_34984,0.0,-1,0.0,,
u_34985,0.0,-1,0.0,,
u_34986,0.0,-1,0.0,,
u_34987,0.0,-1,0.0,,
u_34988,0.0,-1,0.0,,
u_34989,0.04049611206100555,161,0.0,0.787,0.0
u_34990,0.0,-1,0.0,,
u_34991,0.0,-1,0.0,,
u_34992,0.0,-1,0.0,,
u_34993,0.0,-1,0.0,,
u_34994,0.028790097700993354,611,0.0,0.263,0.0
u_34995,0.00024049323061344646,627,0.0,0.005,0.0
u_34996,0.043034914056465874,5569,0.0,0.787,0.0
u_34997,0.0,-1,0.0,,
u_34998,0.039890524840068727,2739,0.0,0.787,0.0
u_34999,0.0,-1,0.0,,
u_35000,0.0,-1,0.0,,
u_35001,0.03989038807867958,2111,0.0,0.787,0.0
u_35002,0.043034914056465874,1912,0.0,0.787,0.0
u_35003,0.043034914056465874,6097,0.0,0.787,0.0
u_35004,0.0,-1,0.0,,
u_35005,0.0,-1,0.0,,
u_35006,6.386179372623864e-05,566,0.0,0.001,0.0
u_35007,0.0,-1,0.0,,
u_35008,0.0,-1,0.0,,
u_35009,0.043034914056465874,4743,0.0,0.787,0.0
u_35010,0.0,-1,0.0,,
u_35011,0.0,-1,0.0,,
u_35012,0.0,-1,0.0,,
u_35013,0.04284722750910622,533,0.0,0.787,0.0
u_35014,0.0,-1,0.0,,
u_35015,0.004114245245363149,3514,0.0,0.075,0.0
u_35016,8.321859340744291e-05,835,0.0,0.002,0.0
u_35017,0.0,-1,0.0,,
u_35018,0.04436914893687533,555,0.0,0.787,0.0
u_35019,0.0,-1,0.0,,
u_35020,0.04057883168006076,4731,0.0,0.787,0.0
u_35021,0.0,-1,0.0,,
u_35022,0.0,-1,0.0,,
u_35023,0.0,-1,0.0,,
u_35024,0.03989087461673464,1750,0.0,0.787,0.0
u_35025,0.0,-1,0.0,,
u_35026,0.0,-1,0.0,,
u_35027,0.041589483969941866,949,0.0,0.787,0.0
u_35028,0.0,-1,0.0,,
u_35029,0.08236630710979355,5583,0.0,0.787,0.0
u_35030,0.04088131312735043,161,0.0,0.787,0.0
u_35031,0.0,-1,0.0,,
u_35032,0.043034914056465874,6188,0.0,0.787,0.0
u_35033,0.0,-1,0.0,,
u_35034,0.0,-1,0.0,,
u_35035,0.0,-1,0.0,,
u_35036,0.043034914056465874,5710,0.0,0.787,0.0
u_35037,0.03988792867612498,1159,0.0,0.787,0.0
u_35038,0.0,-1,0.0,,
u_35039,0.043034914056465874,3194,0.0,0.787,0.0
u_35040,0.0011469148594748487,2760,0.0,0.021,0.0
u_35041,0.0,-1,0.0,,
u_35042,0.0,-1,0.0,,
u_35043,0.0,-1,0.0,,
u_35044,0.045846743752773804,1868,0.0,0.787,0.0
u_35045,6.601705316588042e-05,587,0.0,0.001,0.0
u_35046,0.08417531978986129,4850,0.0,0.787,0.0
u_35047,0.0,-1,0.0,,
u_35048,0.0,-1,0.0,,
u_35049,0.0,-1,0.0,,
u_35050,0.0,-1,0.0,,
u_35051,0.0,-1,0.0,,
u_35052,0.08066031232749861,1069,0.0,0.787,0.0
u_35053,0.0,-1,0.0,,
u_35054,0.0,-1,0.0,,
u_35055,0.0,-1,0.0,,
u_35056,0.0,-1,0.0,,
u_35057,0.0,-1,0.0,,
u_35058,0.0810049135300268,176,0.0,0.787,0.0
u_35059,0.0,-1,0.0,,
u_35060,0.0,-1,0.0,,
u_35061,0.0,-1,0.0,,
u_35062,0.001712425965444135,3016,0.0,0.031,0.0
u_35063,0.05415133048634392,4728,0.0,0.96,0.0
u_35064,0.0,-1,0.0,,
u_35065,0.0015359592039535512,2964,0.0,0.028,0.0
u_35066,0.0,-1,0.0,,
u_35067,0.0,-1,0.0,,
u_35068,0.014448027049581364,4134,0.0,0.264,0.0
u_35069,0.0,-1,0.0,,
u_35070,0.0,-1,0.0,,
u_35071,0.0,-1,0.0,,
u_35072,0.08551321139824837,418,0.0,0.787,0.0
u_35073,0.0,-1,0.0,,
u_35074,0.0443224008613084,4579,0.0,0.787,0.0
u_35075,0.043034914056465874,3141,0.0,0.787,0.0
u_35076,0.03988817164952768,332,0.0,0.787,0.0
u_35077,0.08236524043253045,2719,0.0,0.787,0.0
u_35078,0.0,-1,0.0,,
u_35079,0.0,-1,0.0,,
u_35080,0.0,-1,0.0,,
u_35081,0.0,-1,0.0,,
u_35082,0.0,-1,0.0,,
u_35083,0.0,-1,0.0,,
u_35084,0.0,-1,0.0,,
u_35085,0.0,-1,0.0,,
u_35086,0.0,-1,0.0,,
u_35087,0.0001264225704785886,1201,0.0,0.002,0.0
u_35088,0.0,-1,0.0,,
u_35089,0.0,-1,0.0,,
u_35090,0.0,-1,0.0,,
u_35091,0.0,-1,0.0,,
u_35092,0.0,-1,0.0,,
u_35093,0.0,-1,0.0,,
u_35094,0.0,-1,0.0,,
u_35095,5.154715451396059e-05,282,0.0,0.001,0.0
u_35096,0.0,-1,0.0,,
u_35097,0.0,-1,0.0,,
u_35098,0.0,-1,0.0,,
u_35099,0.0,-1,0.0,,
u_35100,0.0,-1,0.0,,
u_35101,0.0,-1,0.0,,
u_35102,0.0,-1,0.0,,
u_35103,0.0,-1,0.0,,
u_35104,0.0,-1,0.0,,
u_35105,0.0,-1,0.0,,
u_35106,0.0,-1,0.0,,
u_35107,0.0009040505630118103,168,0.0,0.017,0.0
u_35108,0.0,-1,0.0,,
u_35109,0.0,-1,0.0,,
u_35110,0.0,-1,0.0,,
u_35111,0.0,-1,0.0,,
u_35112,0.043034914056465874,4456,0.0,0.787,0.0
u_35113,0.0026914828531574703,2079,0.0,0.025,0.0
u_35114,0.0,-1,0.0,,
u_35115,0.0,-1,0.0,,
u_35116,0.0,-1,0.0,,
u_35117,0.0,-1,0.0,,
u_35118,0.0,-1,0.0,,
u_35119,0.0,-1,0.0,,
u_35120,0.0,-1,0.0,,
u_35121,0.0,-1,0.0,,
u_35122,0.0,-1,0.0,,
u_35123,0.03988987889128449,2669,0.0,0.787,0.0
u_35124,0.0,-1,0.0,,
u_35125,0.042130407716432006,5389,0.0,0.787,0.0
u_35126,0.0,-1,0.0,,
u_35127,0.0,-1,0.0,,
u_35128,0.020307353917982076,4293,0.0,0.371,0.0
u_35129,0.0,-1,0.0,,
u_35130,0.044372069291602374,2743,0.0,0.787,0.0
u_35131,0.0,-1,0.0,,
u_35132,0.0,-1,0.0,,
u_35133,0.0,-1,0.0,,
u_35134,0.0004569182425889048,2169,0.0,0.008,0.0
u_35135,0.043034914056465874,6299,0.0,0.787,0.0
u_35136,0.0,-1,0.0,,
u_35137,0.0,-1,0.0,,
u_35138,0.03988928432408394,402,0.0,0.787,0.0
u_35139,0.043034914056465874,3490,0.0,0.787,0.0
u_35140,0.0,-1,0.0,,
u_35141,0.043034914056465874,6252,0.0,0.787,0.0
u_35142,0.0,-1,0.0,,
u_35143,0.08417531978986129,3944,0.0,0.787,0.0
u_35144,0.0,-1,0.0,,
u_35145,0.01279637509551144,2898,0.0,0.234,0.0
u_35146,0.0,-1,0.0,,
u_35147,0.0,-1,0.0,,
u_35148,0.0,-1,0.0,,
u_35149,0.0,-1,0.0,,
u_35150,0.043034914056465874,4776,0.0,0.787,0.0
u_35151,0.03988761024195126,3336,0.0,0.787,0.0
u_35152,0.0,-1,0.0,,
u_35153,0.0,-1,0.0,,
u_35154,0.0,-1,0.0,,
u_35155,0.0,-1,0.0,,
u_35156,0.0,-1,0.0,,
u_35157,0.0,-1,0.0,,
u_35158,0.0,-1,0.0,,
u_35159,0.043034914056465874,6300,0.0,0.787,0.0
u_35160,0.0,-1,0.0,,
u_35161,0.0,-1,0.0,,
u_35162,0.0,-1,0.0,,
u_35163,0.0,-1,0.0,,
u_35164,0.04024407403065484,646,0.0,0.787,0.0
u_35165,0.0,-1,0.0,,
u_35166,0.0,-1,0.0,,
u_35167,0.0008747377347272283,2592,0.0,0.016,0.0
u_35168,0.0,-1,0.0,,
u_35169,0.0,-1,0.0,,
u_35170,0.0,-1,0.0,,
u_35171,0.0018660670857451843,2647,0.0,0.017,0.0
u_35172,0.00046395267536197376,1458,0.0,0.004,0.0
u_35173,0.0,-1,0.0,,
u_35174,0.0,-1,0.0,,
u_35175,0.0816723386044474,373,0.0,0.787,0.0
u_35176,0.0,-1,0.0,,
u_35177,0.04080676956378121,1512,0.0,0.787,0.0
u_35178,0.0,-1,0.0,,
u_35179,0.04016280965222433,3161,0.0,0.787,0.0
u_35180,0.0,-1,0.0,,
u_35181,0.0,-1,0.0,,
u_35182,0.0,-1,0.0,,
u_35183,0.0,-1,0.0,,
u_35184,0.0,-1,0.0,,
u_35185,0.0,-1,0.0,,
u_35186,0.0,-1,0.0,,
u_35187,0.0,-1,0.0,,
u_35188,0.04272585325998692,606,0.0,0.787,0.0
u_35189,0.0008418759318359654,2563,0.0,0.015,0.0
u_35190,0.0,-1,0.0,,
u_35191,0.040821599140758925,429,0.0,0.787,0.0
u_35192,0.0,-1,0.0,,
u_35193,0.043034914056465874,5623,0.0,0.787,0.0
u_35194,0.0,-1,0.0,,
u_35195,0.0,-1,0.0,,
u_35196,0.0,-1,0.0,,
u_35197,0.0,-1,0.0,,
u_35198,0.0,-1,0.0,,
u_35199,0.0,-1,0.0,,
u_35200,0.0,-1,0.0,,
u_35201,0.0,-1,0.0,,
u_35202,0.08417531978986129,2458,0.0,0.787,0.0
u_35203,0.04012187434568597,547,0.0,0.787,0.0
u_35204,0.0,-1,0.0,,
u_35205,0.0,-1,0.0,,
u_35206,0.1253157255232567,4529,0.0,0.787,0.0
u_35207,0.0,-1,0.0,,
u_35208,0.0,-1,0.0,,
u_35209,0.0,-1,0.0,,
u_35210,0.0001420592223361462,1303,0.0,0.003,0.0
u_35211,0.0,-1,0.0,,
u_35212,0.0,-1,0.0,,
u_35213,0.0,-1,0.0,,
u_35214,0.0,-1,0.0,,
u_35215,0.0,-1,0.0,,
u_35216,0.0,-1,0.0,,
u_35217,0.0,-1,0.0,,
u_35218,0.0,-1,0.0,,
u_35219,0.0,-1,0.0,,
u_35220,0.0,-1,0.0,,
u_35221,0.07758534647846342,724,0.0,0.493,0.0
u_35222,0.0,-1,0.0,,
u_35223,0.0,-1,0.0,,
u_35224,0.0,-1,0.0,,
u_35225,0.0,-1,0.0,,
u_35226,0.03989926909174133,4464,0.0,0.787,0.0
u_35227,0.0,-1,0.0,,
u_35228,0.043034914056465874,5711,0.0,0.787,0.0
u_35229,0.0,-1,0.0,,
u_35230,0.000146042053348794,268,0.0,0.001,0.0
u_35231,0.0,-1,0.0,,
u_35232,0.0,-1,0.0,,
u_35233,0.039888417705010226,709,0.0,0.787,0.0
u_35234,0.0,-1,0.0,,
u_35235,0.042130407716432006,5408,0.0,0.787,0.0
u_35236,0.0,-1,0.0,,
u_35237,0.0,-1,0.0,,
u_35238,0.0,-1,0.0,,
u_35239,0.0,-1,0.0,,
u_35240,0.0,-1,0.0,,
u_35241,0.0,-1,0.0,,
u_35242,0.0,-1,0.0,,
u_35243,0.03988753249489952,2044,0.0,0.787,0.0
u_35244,0.0,-1,0.0,,
u_35245,0.043034914056465874,1428,0.0,0.787,0.0
u_35246,0.0,-1,0.0,,
u_35247,0.0,-1,0.0,,
u_35248,0.0,-1,0.0,,
u_35249,0.0,-1,0.0,,
u_35250,0.0,-1,0.0,,
u_35251,0.0,-1,0.0,,
u_35252,0.0,-1,0.0,,
u_35253,0.0,-1,0.0,,
u_35254,0.0,-1,0.0,,
u_35255,0.0,-1,0.0,,
u_35256,0.0,-1,0.0,,
u_35257,0.0,-1,0.0,,
u_35258,0.041234514606122305,1122,0.0,0.787,0.0
u_35259,0.0,-1,0.0,,
u_35260,0.04711220647789976,358,0.0,0.46,0.0
u_35261,0.041795768198738925,2491,0.0,0.787,0.0
u_35262,0.0,-1,0.0,,
u_35263,0.03988769871865198,2836,0.0,0.787,0.0
u_35264,0.0,-1,0.0,,
u_35265,0.0,-1,0.0,,
u_35266,0.0,-1,0.0,,
u_35267,0.0,-1,0.0,,
u_35268,0.001964828033862906,827,0.0,0.018,0.0
u_35269,0.0,-1,0.0,,
u_35270,0.0,-1,0.0,,
u_35271,0.0,-1,0.0,,
u_35272,0.0,-1,0.0,,
u_35273,0.0,-1,0.0,,
u_35274,0.0007153338788870859,305,0.0,0.014,0.0
u_35275,0.043034914056465874,5489,0.0,0.787,0.0
u_35276,0.0,-1,0.0,,
u_35277,0.043034914056465874,3580,0.0,0.787,0.0
u_35278,0.0,-1,0.0,,
u_35279,0.0,-1,0.0,,
u_35280,0.0,-1,0.0,,
u_35281,0.043034914056465874,1603,0.0,0.787,0.0
u_35282,0.0,-1,0.0,,
u_35283,0.0,-1,0.0,,
u_35284,0.043034914056465874,5457,0.0,0.787,0.0
u_35285,0.0,-1,0.0,,
u_35286,0.0,-1,0.0,,
u_35287,0.08417531978986129,5503,0.0,0.787,0.0
u_35288,0.0,-1,0.0,,
u_35289,0.0,-1,0.0,,
u_35290,4.124342025718221e-05,15,0.0,0.001,0.0
u_35291,0.0,-1,0.0,,
u_35292,0.043034914056465874,5997,0.0,0.787,0.0
u_35293,0.0,-1,0.0,,
u_35294,0.0,-1,0.0,,
u_35295,0.0006594366963376201,155,0.0,0.013,0.0
u_35296,0.0,-1,0.0,,
u_35297,0.0,-1,0.0,,
u_35298,0.0,-1,0.0,,
u_35299,0.0,-1,0.0,,
u_35300,0.0,-1,0.0,,
u_35301,0.0,-1,0.0,,
u_35302,0.043034914056465874,5712,0.0,0.787,0.0
u_35303,0.0,-1,0.0,,
u_35304,0.0,-1,0.0,,
u_35305,0.0,-1,0.0,,
u_35306,0.0,-1,0.0,,
u_35307,0.0,-1,0.0,,
u_35308,0.0,-1,0.0,,
u_35309,0.0,-1,0.0,,
u_35310,0.040307808310288726,4190,0.0,0.787,0.0
u_35311,0.043034914056465874,5443,0.0,0.787,0.0
u_35312,0.0,-1,0.0,,
u_35313,0.043034914056465874,6142,0.0,0.787,0.0
u_35314,0.0,-1,0.0,,
u_35315,0.031191004865025136,1006,0.0,0.564,0.0
u_35316,0.0,-1,0.0,,
u_35317,0.0,-1,0.0,,
u_35318,0.0,-1,0.0,,
u_35319,0.00905379903282324,3938,0.0,0.165,0.0
u_35320,0.0,-1,0.0,,
u_35321,0.0,-1,0.0,,
u_35322,0.0,-1,0.0,,
u_35323,0.0,-1,0.0,,
u_35324,0.0,-1,0.0,,
u_35325,0.0,-1,0.0,,
u_35326,0.0,-1,0.0,,
u_35327,0.0,-1,0.0,,
u_35328,0.03997966238555987,2340,0.0,0.787,0.0
u_35329,0.0,-1,0.0,,
u_35330,0.0,-1,0.0,,
u_35331,0.0,-1,0.0,,
u_35332,0.03988855574553169,7,0.0,0.787,0.0
u_35333,0.0,-1,0.0,,
u_35334,0.0,-1,0.0,,
u_35335,0.0,-1,0.0,,
u_35336,0.0,-1,0.0,,
u_35337,0.0,-1,0.0,,
u_35338,0.043034914056465874,1535,0.0,0.787,0.0
u_35339,0.0,-1,0.0,,
u_35340,0.0,-1,0.0,,
u_35341,0.1211925089598231,548,0.0,0.787,0.0
u_35342,0.0,-1,0.0,,
u_35343,0.0007174874562083033,266,0.0,0.013,0.0
u_35344,0.0,-1,0.0,,
u_35345,0.0,-1,0.0,,
u_35346,0.017589430652969598,4218,0.0,0.322,0.0
u_35347,0.0,-1,0.0,,
u_35348,0.0,-1,0.0,,
u_35349,0.0020124541336200927,3092,0.0,0.037,0.0
u_35350,0.039888173939661035,785,0.0,0.787,0.0
u_35351,0.0,-1,0.0,,
u_35352,0.040871788914512916,904,0.0,0.787,0.0
u_35353,0.0052080983585865,583,0.0,0.102,0.0
u_35354,0.043034914056465874,3632,0.0,0.787,0.0
u_35355,0.0,-1,0.0,,
u_35356,0.0,-1,0.0,,
u_35357,0.042130407716432006,4932,0.0,0.787,0.0
u_35358,0.0,-1,0.0,,
u_35359,0.0,-1,0.0,,
u_35360,0.0,-1,0.0,,
u_35361,0.0,-1,0.0,,
u_35362,0.0,-1,0.0,,
u_35363,0.0,-1,0.0,,
u_35364,0.0,-1,0.0,,
u_35365,0.0,-1,0.0,,
u_35366,0.0,-1,0.0,,
u_35367,0.043034914056465874,5691,0.0,0.787,0.0
u_35368,0.04169931002422592,2064,0.0,0.769,0.0
u_35369,0.0,-1,0.0,,
u_35370,0.0,-1,0.0,,
u_35371,0.0,-1,0.0,,
u_35372,0.043034914056465874,6301,0.0,0.787,0.0
u_35373,0.043034914056465874,5468,0.0,0.787,0.0
u_35374,0.0,-1,0.0,,
u_35375,0.0,-1,0.0,,
u_35376,0.0,-1,0.0,,
u_35377,0.0,-1,0.0,,
u_35378,0.00013476967612625573,797,0.0,0.003,0.0
u_35379,0.042850941370680906,1321,0.0,0.787,0.0
u_35380,0.01824440303523203,468,0.0,0.176,0.0
u_35381,0.0,-1,0.0,,
u_35382,0.0,-1,0.0,,
u_35383,0.0,-1,0.0,,
u_35384,0.0,-1,0.0,,
u_35385,0.0,-1,0.0,,
u_35386,0.039889740393164196,277,0.0,0.787,0.0
u_35387,0.0,-1,0.0,,
u_35388,0.0,-1,0.0,,
u_35389,0.0,-1,0.0,,
u_35390,0.0,-1,0.0,,
u_35391,0.03988791047077037,2486,0.0,0.787,0.0
u_35392,0.0,-1,0.0,,
u_35393,0.0,-1,0.0,,
u_35394,0.043034914056465874,6282,0.0,0.787,0.0
u_35395,0.0,-1,0.0,,
u_35396,0.08236630710979355,5475,0.0,0.787,0.0
u_35397,0.0,-1,0.0,,
u_35398,0.0,-1,0.0,,
u_35399,0.0,-1,0.0,,
u_35400,0.0,-1,0.0,,
u_35401,0.0,-1,0.0,,
u_35402,0.0,-1,0.0,,
u_35403,0.039904332746847626,2802,0.0,0.787,0.0
u_35404,0.04052115648464051,774,0.0,0.787,0.0
u_35405,0.0,-1,0.0,,
u_35406,0.0,-1,0.0,,
u_35407,0.0,-1,0.0,,
u_35408,0.043034914056465874,3113,0.0,0.787,0.0
u_35409,0.0,-1,0.0,,
u_35410,0.0,-1,0.0,,
u_35411,0.043034914056465874,153,0.0,0.787,0.0
u_35412,0.0,-1,0.0,,
u_35413,0.0,-1,0.0,,
u_35414,0.043034914056465874,2613,0.0,0.787,0.0
u_35415,0.043034914056465874,6302,0.0,0.787,0.0
u_35416,0.0,-1,0.0,,
u_35417,0.0,-1,0.0,,
u_35418,0.0411687477876846,3616,0.0,0.787,0.0
u_35419,0.0,-1,0.0,,
u_35420,0.0,-1,0.0,,
u_35421,0.0,-1,0.0,,
u_35422,0.0,-1,0.0,,
u_35423,0.0,-1,0.0,,
u_35424,0.0,-1,0.0,,
u_35425,0.0,-1,0.0,,
u_35426,0.0,-1,0.0,,
u_35427,0.0,-1,0.0,,
u_35428,0.0,-1,0.0,,
u_35429,0.0,-1,0.0,,
u_35430,0.004739905345082873,3589,0.0,0.087,0.0
u_35431,0.0,-1,0.0,,
u_35432,0.0,-1,0.0,,
u_35433,0.0127775997791578,168,0.0,0.124,0.0
u_35434,0.0,-1,0.0,,
u_35435,0.0,-1,0.0,,
u_35436,0.0,-1,0.0,,
u_35437,0.03989788226876205,3714,0.0,0.787,0.0
u_35438,0.08456004390272978,1892,0.0,0.787,0.0
u_35439,0.043034914056465874,5111,0.0,0.787,0.0
u_35440,9.957650819826275e-05,1017,0.0,0.002,0.0
u_35441,0.04081582314888735,316,0.0,0.787,0.0
u_35442,0.0005090553805911894,2224,0.0,0.009,0.0
u_35443,5.12578541178418e-05,298,0.0,0.001,0.0
u_35444,0.0,-1,0.0,,
u_35445,0.043034914056465874,5380,0.0,0.787,0.0
u_35446,0.0,-1,0.0,,
u_35447,0.0,-1,0.0,,
u_35448,0.08227061460357074,1409,0.0,0.787,0.0
u_35449,7.533093053717546e-05,741,0.0,0.001,0.0
u_35450,0.0,-1,0.0,,
u_35451,0.0,-1,0.0,,
u_35452,0.0,-1,0.0,,
u_35453,0.023868208189497944,4352,0.0,0.423,0.0
u_35454,0.0,-1,0.0,,
u_35455,0.043034914056465874,6286,0.0,0.787,0.0
u_35456,0.0,-1,0.0,,
u_35457,0.0,-1,0.0,,
u_35458,0.0,-1,0.0,,
u_35459,0.0,-1,0.0,,
u_35460,0.0,-1,0.0,,
u_35461,0.0,-1,0.0,,
u_35462,0.0,-1,0.0,,
u_35463,0.0,-1,0.0,,
u_35464,0.007345652171478546,3814,0.0,0.134,0.0
u_35465,0.0,-1,0.0,,
u_35466,0.0,-1,0.0,,
u_35467,0.0,-1,0.0,,
u_35468,0.04088144761321708,112,0.0,0.787,0.0
u_35469,0.0,-1,0.0,,
u_35470,0.0,-1,0.0,,
u_35471,0.0,-1,0.0,,
u_35472,0.0,-1,0.0,,
u_35473,0.007426670241025825,3822,0.0,0.136,0.0
u_35474,0.0,-1,0.0,,
u_35475,0.048565151345570545,74,0.0,0.787,0.0
u_35476,0.0,-1,0.0,,
u_35477,0.0,-1,0.0,,
u_35478,0.0,-1,0.0,,
u_35479,0.0,-1,0.0,,
u_35480,0.043034914056465874,4985,0.0,0.787,0.0
u_35481,0.0204242171369914,1715,0.0,0.369,0.0
u_35482,0.0,-1,0.0,,
u_35483,0.0,-1,0.0,,
u_35484,0.0,-1,0.0,,
u_35485,0.0,-1,0.0,,
u_35486,0.0,-1,0.0,,
u_35487,0.0,-1,0.0,,
u_35488,0.0,-1,0.0,,
u_35489,0.039888119889598575,1607,0.0,0.787,0.0
u_35490,0.0,-1,0.0,,
u_35491,0.0,-1,0.0,,
u_35492,0.0,-1,0.0,,
u_35493,0.09229260721740797,133,0.0,0.905,0.0
u_35494,0.0,-1,0.0,,
u_35495,0.0005921945660920131,1891,0.0,0.011,0.0
u_35496,0.0024570877749409406,3197,0.0,0.045,0.0
u_35497,0.0,-1,0.0,,
u_35498,0.0,-1,0.0,,
u_35499,0.0,-1,0.0,,
u_35500,0.005805787738237195,3087,0.0,0.036,0.0
u_35501,0.0,-1,0.0,,
u_35502,0.0,-1,0.0,,
u_35503,0.0,-1,0.0,,
u_35504,0.043034914056465874,5713,0.0,0.787,0.0
u_35505,0.0001945286593973823,1549,0.0,0.004,0.0
u_35506,0.0,-1,0.0,,
u_35507,0.0,-1,0.0,,
u_35508,0.0,-1,0.0,,
u_35509,0.043034914056465874,4950,0.0,0.787,0.0
u_35510,0.0,-1,0.0,,
u_35511,0.0,-1,0.0,,
u_35512,0.043034914056465874,589,0.0,0.787,0.0
u_35513,0.00035242490839815585,1993,0.0,0.006,0.0
u_35514,0.007958832252088809,3858,0.0,0.145,0.0
u_35515,0.0130785746846704,4103,0.0,0.239,0.0
u_35516,0.0,-1,0.0,,
u_35517,0.0824350491278716,235,0.0,0.787,0.0
u_35518,0.0,-1,0.0,,
u_35519,0.0,-1,0.0,,
u_35520,0.0,-1,0.0,,
u_35521,0.0,-1,0.0,,
u_35522,0.0,-1,0.0,,
u_35523,0.08236630710979355,5863,0.0,0.787,0.0
u_35524,5.430548123977871e-05,354,0.0,0.001,0.0
u_35525,0.039888575123083046,1526,0.0,0.787,0.0
u_35526,0.0,-1,0.0,,
u_35527,0.0,-1,0.0,,
u_35528,0.0,-1,0.0,,
u_35529,0.0,-1,0.0,,
u_35530,0.0,-1,0.0,,
u_35531,0.0,-1,0.0,,
u_35532,0.0,-1,0.0,,
u_35533,0.0,-1,0.0,,
u_35534,0.0,-1,0.0,,
u_35535,0.0,-1,0.0,,
u_35536,0.03988780208133346,1210,0.0,0.787,0.0
u_35537,0.0,-1,0.0,,
u_35538,0.039888822396875634,1377,0.0,0.787,0.0
u_35539,0.011459200835754775,33,0.0,0.216,0.0
u_35540,0.0,-1,0.0,,
u_35541,0.0,-1,0.0,,
u_35542,0.07963687395477821,3995,0.0,0.787,0.0
u_35543,0.0,-1,0.0,,
u_35544,0.0,-1,0.0,,
u_35545,0.0,-1,0.0,,
u_35546,0.0,-1,0.0,,
u_35547,0.043034914056465874,5393,0.0,0.787,0.0
u_35548,6.648956637149684e-05,571,0.0,0.001,0.0
u_35549,0.0003063467301759069,1872,0.0,0.006,0.0
u_35550,0.0,-1,0.0,,
u_35551,0.043034914056465874,3388,0.0,0.787,0.0
u_35552,0.0,-1,0.0,,
u_35553,0.0,-1,0.0,,
u_35554,0.0,-1,0.0,,
u_35555,0.0,-1,0.0,,
u_35556,0.0,-1,0.0,,
u_35557,0.0,-1,0.0,,
u_35558,0.0,-1,0.0,,
u_35559,0.043034914056465874,684,0.0,0.787,0.0
u_35560,0.0,-1,0.0,,
u_35561,0.0,-1,0.0,,
u_35562,0.0,-1,0.0,,
u_35563,0.0,-1,0.0,,
u_35564,0.0,-1,0.0,,
u_35565,0.043034914056465874,5714,0.0,0.787,0.0
u_35566,0.0,-1,0.0,,
u_35567,0.0,-1,0.0,,
u_35568,0.043034914056465874,923,0.0,0.787,0.0
u_35569,0.0,-1,0.0,,
u_35570,0.0,-1,0.0,,
u_35571,0.0,-1,0.0,,
u_35572,0.043034914056465874,6303,0.0,0.787,0.0
u_35573,0.0,-1,0.0,,
u_35574,0.043034914056465874,5196,0.0,0.787,0.0
u_35575,0.0,-1,0.0,,
u_35576,0.019091888600609203,136,0.0,0.176,0.0
u_35577,0.0,-1,0.0,,
u_35578,0.03988830976750923,243,0.0,0.787,0.0
u_35579,0.0,-1,0.0,,
u_35580,0.0,-1,0.0,,
u_35581,0.0,-1,0.0,,
u_35582,0.043034914056465874,5668,0.0,0.787,0.0
u_35583,0.0,-1,0.0,,
u_35584,0.0,-1,0.0,,
u_35585,0.0,-1,0.0,,
u_35586,0.0015314951520028228,2961,0.0,0.028,0.0
u_35587,0.0,-1,0.0,,
u_35588,0.0,-1,0.0,,
u_35589,0.0,-1,0.0,,
u_35590,0.0002500955659781854,277,0.0,0.005,0.0
u_35591,0.0,-1,0.0,,
u_35592,0.0,-1,0.0,,
u_35593,0.043034914056465874,6017,0.0,0.787,0.0
u_35594,0.0,-1,0.0,,
u_35595,0.0,-1,0.0,,
u_35596,0.043034914056465874,5625,0.0,0.787,0.0
u_35597,0.0,-1,0.0,,
u_35598,0.0,-1,0.0,,
u_35599,0.0,-1,0.0,,
u_35600,0.0,-1,0.0,,
u_35601,0.0,-1,0.0,,
u_35602,0.0,-1,0.0,,
u_35603,0.04057124616934163,486,0.0,0.787,0.0
u_35604,0.0,-1,0.0,,
u_35605,0.0,-1,0.0,,
u_35606,0.0,-1,0.0,,
u_35607,0.043034914056465874,4705,0.0,0.787,0.0
u_35608,0.0,-1,0.0,,
u_35609,0.0,-1,0.0,,
u_35610,0.0,-1,0.0,,
u_35611,0.0,-1,0.0,,
u_35612,0.043034914056465874,5228,0.0,0.787,0.0
u_35613,0.043034914056465874,5498,0.0,0.787,0.0
u_35614,0.0,-1,0.0,,
u_35615,0.0,-1,0.0,,
u_35616,0.0,-1,0.0,,
u_35617,0.0,-1,0.0,,
u_35618,0.0,-1,0.0,,
u_35619,0.0,-1,0.0,,
u_35620,0.12108893839412378,223,0.0,0.787,0.0
u_35621,0.0003484061731024553,1981,0.0,0.006,0.0
u_35622,0.0,-1,0.0,,
u_35623,0.0,-1,0.0,,
u_35624,0.0,-1,0.0,,
u_35625,0.0,-1,0.0,,
u_35626,0.0,-1,0.0,,
u_35627,0.0,-1,0.0,,
u_35628,0.0,-1,0.0,,
u_35629,0.0,-1,0.0,,
u_35630,0.0,-1,0.0,,
u_35631,0.0,-1,0.0,,
u_35632,0.0,-1,0.0,,
u_35633,0.0,-1,0.0,,
u_35634,0.0,-1,0.0,,
u_35635,0.0,-1,0.0,,
u_35636,0.0,-1,0.0,,
u_35637,0.0,-1,0.0,,
u_35638,0.0,-1,0.0,,
u_35639,0.0,-1,0.0,,
u_35640,0.0,-1,0.0,,
u_35641,0.0,-1,0.0,,
u_35642,0.0,-1,0.0,,
u_35643,0.03989069333725747,4454,0.0,0.787,0.0
u_35644,0.0,-1,0.0,,
u_35645,0.041467504496267335,283,0.0,0.787,0.0
u_35646,0.0,-1,0.0,,
u_35647,0.0,-1,0.0,,
u_35648,0.03988766721476361,297,0.0,0.787,0.0
u_35649,0.0,-1,0.0,,
u_35650,0.0,-1,0.0,,
u_35651,0.03988878653596653,2105,0.0,0.787,0.0
u_35652,0.03988787208619545,292,0.0,0.787,0.0
u_35653,0.039889852411373,3437,0.0,0.787,0.0
u_35654,0.042130407716432006,5098,0.0,0.787,0.0
u_35655,0.0,-1,0.0,,
u_35656,0.0,-1,0.0,,
u_35657,0.043034914056465874,4474,0.0,0.787,0.0
u_35658,0.0,-1,0.0,,
u_35659,0.0,-1,0.0,,
u_35660,0.0,-1,0.0,,
u_35661,0.0,-1,0.0,,
u_35662,0.0,-1,0.0,,
u_35663,0.0,-1,0.0,,
u_35664,0.0,-1,0.0,,
u_35665,9.083669286429175e-05,974,0.0,0.002,0.0
u_35666,0.0,-1,0.0,,
u_35667,0.0,-1,0.0,,
u_35668,0.0,-1,0.0,,
u_35669,0.0,-1,0.0,,
u_35670,0.0,-1,0.0,,
u_35671,0.0,-1,0.0,,
u_35672,0.0,-1,0.0,,
u_35673,0.0,-1,0.0,,
u_35674,0.0,-1,0.0,,
u_35675,0.0,-1,0.0,,
u_35676,0.0,-1,0.0,,
u_35677,0.0,-1,0.0,,
u_35678,0.0,-1,0.0,,
u_35679,0.023447760503457604,4348,0.0,0.416,0.0
u_35680,0.043034914056465874,5527,0.0,0.787,0.0
u_35681,0.0,-1,0.0,,
u_35682,0.0,-1,0.0,,
u_35683,0.0,-1,0.0,,
u_35684,0.043034914056465874,5548,0.0,0.787,0.0
u_35685,0.0,-1,0.0,,
u_35686,0.0,-1,0.0,,
u_35687,0.0,-1,0.0,,
u_35688,0.0,-1,0.0,,
u_35689,0.043034914056465874,4966,0.0,0.787,0.0
u_35690,0.0,-1,0.0,,
u_35691,0.0,-1,0.0,,
u_35692,0.043034914056465874,5715,0.0,0.787,0.0
u_35693,0.0,-1,0.0,,
u_35694,0.0,-1,0.0,,
u_35695,0.043034914056465874,5437,0.0,0.787,0.0
u_35696,0.0,-1,0.0,,
u_35697,0.0,-1,0.0,,
u_35698,0.0,-1,0.0,,
u_35699,0.0,-1,0.0,,
u_35700,0.0,-1,0.0,,
u_35701,0.0,-1,0.0,,
u_35702,0.0,-1,0.0,,
u_35703,0.0,-1,0.0,,
u_35704,0.0,-1,0.0,,
u_35705,0.0,-1,0.0,,
u_35706,0.0,-1,0.0,,
u_35707,0.0,-1,0.0,,
u_35708,0.0,-1,0.0,,
u_35709,0.0,-1,0.0,,
u_35710,0.0,-1,0.0,,
u_35711,0.040158930960880405,87,0.0,0.787,0.0
u_35712,0.043034914056465874,3187,0.0,0.787,0.0
u_35713,0.043034914056465874,5994,0.0,0.787,0.0
u_35714,0.0,-1,0.0,,
u_35715,0.039887746583969014,93,0.0,0.787,0.0
u_35716,0.0,-1,0.0,,
u_35717,0.043034914056465874,5427,0.0,0.787,0.0
u_35718,0.0,-1,0.0,,
u_35719,0.0,-1,0.0,,
u_35720,0.0,-1,0.0,,
u_35721,0.040309325878066196,1765,0.0,0.787,0.0
u_35722,0.0,-1,0.0,,
u_35723,0.043034914056465874,6304,0.0,0.787,0.0
u_35724,0.04057195789613533,222,0.0,0.787,0.0
u_35725,0.0,-1,0.0,,
u_35726,0.04160694231059819,585,0.0,0.787,0.0
u_35727,0.0,-1,0.0,,
u_35728,0.0,-1,0.0,,
u_35729,0.0,-1,0.0,,
u_35730,0.0,-1,0.0,,
u_35731,0.043034914056465874,1112,0.0,0.787,0.0
u_35732,0.043034914056465874,2207,0.0,0.787,0.0
u_35733,0.0,-1,0.0,,
u_35734,0.043034914056465874,5966,0.0,0.787,0.0
u_35735,0.0,-1,0.0,,
u_35736,0.0,-1,0.0,,
u_35737,0.043034914056465874,3659,0.0,0.787,0.0
u_35738,0.0,-1,0.0,,
u_35739,0.013682877889231965,1193,0.0,0.26,0.0
u_35740,0.0,-1,0.0,,
u_35741,0.0,-1,0.0,,
u_35742,0.0,-1,0.0,,
u_35743,0.0,-1,0.0,,
u_35744,0.0,-1,0.0,,
u_35745,0.0,-1,0.0,,
u_35746,0.0,-1,0.0,,
u_35747,0.0,-1,0.0,,
u_35748,0.040121846280881106,926,0.0,0.787,0.0
u_35749,0.040936126461139324,2466,0.0,0.787,0.0
u_35750,0.043034914056465874,2283,0.0,0.787,0.0
u_35751,0.0,-1,0.0,,
u_35752,0.0,-1,0.0,,
u_35753,0.009071215873574298,3939,0.0,0.166,0.0
u_35754,0.043034914056465874,3773,0.0,0.787,0.0
u_35755,9.611798872576453e-05,1005,0.0,0.002,0.0
u_35756,0.0,-1,0.0,,
u_35757,0.0,-1,0.0,,
u_35758,0.0,-1,0.0,,
u_35759,0.043034914056465874,5542,0.0,0.787,0.0
u_35760,0.0,-1,0.0,,
u_35761,0.0,-1,0.0,,
u_35762,0.043034914056465874,6028,0.0,0.787,0.0
u_35763,0.0,-1,0.0,,
u_35764,0.0,-1,0.0,,
u_35765,0.0,-1,0.0,,
u_35766,0.0,-1,0.0,,
u_35767,0.0,-1,0.0,,
u_35768,0.0,-1,0.0,,
u_35769,0.0,-1,0.0,,
u_35770,0.0,-1,0.0,,
u_35771,0.0,-1,0.0,,
u_35772,0.0,-1,0.0,,
u_35773,0.08153051994415896,965,0.0,0.787,0.0
u_35774,0.0,-1,0.0,,
u_35775,0.0,-1,0.0,,
u_35776,0.000863947579430004,25,0.0,0.017,0.0
u_35777,0.0,-1,0.0,,
u_35778,0.0,-1,0.0,,
u_35779,0.0,-1,0.0,,
u_35780,0.0,-1,0.0,,
u_35781,0.0,-1,0.0,,
u_35782,0.0,-1,0.0,,
u_35783,0.0004466738355221597,2133,0.0,0.008,0.0
u_35784,0.0,-1,0.0,,
u_35785,0.0,-1,0.0,,
u_35786,0.0,-1,0.0,,
u_35787,0.0,-1,0.0,,
u_35788,0.0,-1,0.0,,
u_35789,0.0,-1,0.0,,
u_35790,0.0,-1,0.0,,
u_35791,0.043034914056465874,6274,0.0,0.787,0.0
u_35792,0.0,-1,0.0,,
u_35793,0.0,-1,0.0,,
u_35794,0.043034914056465874,6305,0.0,0.787,0.0
u_35795,0.0,-1,0.0,,
u_35796,0.03989193613081359,654,0.0,0.787,0.0
u_35797,0.0,-1,0.0,,
u_35798,0.043034914056465874,5944,0.0,0.787,0.0
u_35799,0.0,-1,0.0,,
u_35800,0.0006584150900328041,606,0.0,0.012,0.0
u_35801,0.0,-1,0.0,,
u_35802,0.0,-1,0.0,,
u_35803,0.043034914056465874,6200,0.0,0.787,0.0
u_35804,0.0,-1,0.0,,
u_35805,0.04058600515776911,3617,0.0,0.388,0.0
u_35806,0.039888914047249494,827,0.0,0.787,0.0
u_35807,0.0,-1,0.0,,
u_35808,0.043034914056465874,5920,0.0,0.787,0.0
u_35809,0.0,-1,0.0,,
u_35810,0.0,-1,0.0,,
u_35811,0.0,-1,0.0,,
u_35812,0.0,-1,0.0,,
u_35813,0.0,-1,0.0,,
u_35814,0.04094562355007382,1855,0.0,0.787,0.0
u_35815,0.043034914056465874,4471,0.0,0.787,0.0
u_35816,0.044373017157408594,1861,0.0,0.787,0.0
u_35817,0.0,-1,0.0,,
u_35818,0.0,-1,0.0,,
u_35819,0.0,-1,0.0,,
u_35820,0.0,-1,0.0,,
u_35821,0.0,-1,0.0,,
u_35822,0.0,-1,0.0,,
u_35823,0.0,-1,0.0,,
u_35824,0.0,-1,0.0,,
u_35825,0.043034914056465874,5699,0.0,0.787,0.0
u_35826,0.043034914056465874,6306,0.0,0.787,0.0
u_35827,0.0,-1,0.0,,
u_35828,0.0006737241847282926,266,0.0,0.013,0.0
u_35829,0.0,-1,0.0,,
u_35830,0.04207175575760726,2893,0.0,0.787,0.0
u_35831,0.00874674494189249,2028,0.0,0.083,0.0
u_35832,0.08367547300512518,168,0.0,0.787,0.0
u_35833,0.0,-1,0.0,,
u_35834,0.0,-1,0.0,,
u_35835,0.0,-1,0.0,,
u_35836,0.0,-1,0.0,,
u_35837,0.0,-1,0.0,,
u_35838,0.04113858905746307,724,0.0,0.787,0.0
u_35839,0.00019397966329140438,1548,0.0,0.004,0.0
u_35840,0.0,-1,0.0,,
u_35841,0.043034914056465874,5640,0.0,0.787,0.0
u_35842,0.0,-1,0.0,,
u_35843,0.0,-1,0.0,,
u_35844,0.006067274481275103,3339,0.0,0.057,0.0
u_35845,0.0,-1,0.0,,
u_35846,0.0,-1,0.0,,
u_35847,0.024717357860487538,3288,0.0,0.44,0.0
u_35848,0.0,-1,0.0,,
u_35849,0.0,-1,0.0,,
u_35850,0.043034914056465874,6307,0.0,0.787,0.0
u_35851,0.0,-1,0.0,,
u_35852,0.0,-1,0.0,,
u_35853,0.0,-1,0.0,,
u_35854,0.0,-1,0.0,,
u_35855,0.0,-1,0.0,,
u_35856,0.04180953839762184,1948,0.0,0.787,0.0
u_35857,0.0,-1,0.0,,
u_35858,0.043034914056465874,5161,0.0,0.787,0.0
u_35859,0.0,-1,0.0,,
u_35860,0.07922005625255198,1362,0.0,0.787,0.0
u_35861,0.0,-1,0.0,,
u_35862,0.08027558332768735,1148,0.0,0.787,0.0
u_35863,0.04436412133530231,3478,0.0,0.787,0.0
u_35864,0.0,-1,0.0,,
u_35865,0.05062708179008973,4706,0.0,0.925,0.0
u_35866,0.0,-1,0.0,,
u_35867,0.043034914056465874,5050,0.0,0.787,0.0
u_35868,0.043034914056465874,4676,0.0,0.787,0.0
u_35869,0.044373435986892286,855,0.0,0.787,0.0
u_35870,0.0,-1,0.0,,
u_35871,0.043034914056465874,5939,0.0,0.787,0.0
u_35872,0.0,-1,0.0,,
u_35873,0.043034914056465874,3403,0.0,0.787,0.0
u_35874,0.0,-1,0.0,,
u_35875,0.0,-1,0.0,,
u_35876,0.0,-1,0.0,,
u_35877,0.0,-1,0.0,,
u_35878,0.0,-1,0.0,,
u_35879,0.0401411436246324,416,0.0,0.787,0.0
u_35880,0.0,-1,0.0,,
u_35881,0.0,-1,0.0,,
u_35882,0.0398891699318835,431,0.0,0.787,0.0
u_35883,0.0,-1,0.0,,
u_35884,0.0,-1,0.0,,
u_35885,0.0,-1,0.0,,
u_35886,0.0,-1,0.0,,
u_35887,0.0,-1,0.0,,
u_35888,0.00033262884550550514,1471,0.0,0.003,0.0
u_35889,0.0,-1,0.0,,
u_35890,0.0,-1,0.0,,
u_35891,0.0,-1,0.0,,
u_35892,0.0,-1,0.0,,
u_35893,0.0,-1,0.0,,
u_35894,0.04057616525256672,2422,0.0,0.787,0.0
u_35895,0.0,-1,0.0,,
u_35896,0.0,-1,0.0,,
u_35897,0.0,-1,0.0,,
u_35898,0.0,-1,0.0,,
u_35899,0.0,-1,0.0,,
u_35900,0.0,-1,0.0,,
u_35901,0.0,-1,0.0,,
u_35902,0.0,-1,0.0,,
u_35903,0.0,-1,0.0,,
u_35904,0.043034914056465874,5716,0.0,0.787,0.0
u_35905,0.0,-1,0.0,,
u_35906,0.040179540688776605,1005,0.0,0.787,0.0
u_35907,0.0,-1,0.0,,
u_35908,0.05195395689151076,4723,0.0,0.95,0.0
u_35909,0.0,-1,0.0,,
u_35910,0.0,-1,0.0,,
u_35911,7.912132174441955e-05,757,0.0,0.001,0.0
u_35912,0.0,-1,0.0,,
u_35913,0.0,-1,0.0,,
u_35914,0.00011834995973872499,161,0.0,0.001,0.0
u_35915,0.043034914056465874,4589,0.0,0.787,0.0
u_35916,0.043034914056465874,5462,0.0,0.787,0.0
u_35917,0.0,-1,0.0,,
u_35918,0.03988824825385538,473,0.0,0.787,0.0
u_35919,0.0,-1,0.0,,
u_35920,0.001815566061016085,3040,0.0,0.034,0.0
u_35921,0.0,-1,0.0,,
u_35922,0.0,-1,0.0,,
u_35923,0.04184862752469909,1130,0.0,0.787,0.0
u_35924,0.0,-1,0.0,,
u_35925,0.043034914056465874,5392,0.0,0.787,0.0
u_35926,0.040918890811337885,4230,0.0,0.787,0.0
u_35927,0.0,-1,0.0,,
u_35928,0.0,-1,0.0,,
u_35929,0.0,-1,0.0,,
u_35930,0.0,-1,0.0,,
u_35931,0.0,-1,0.0,,
u_35932,0.0005779492355105471,2328,0.0,0.011,0.0
u_35933,0.0,-1,0.0,,
u_35934,0.0,-1,0.0,,
u_35935,0.0,-1,0.0,,
u_35936,0.043034914056465874,5717,0.0,0.787,0.0
u_35937,0.0,-1,0.0,,
u_35938,0.0,-1,0.0,,
u_35939,0.0,-1,0.0,,
u_35940,0.0011522692708193863,2763,0.0,0.021,0.0
u_35941,0.0,-1,0.0,,
u_35942,0.12349977694089534,2145,0.0,0.787,0.0
u_35943,0.0,-1,0.0,,
u_35944,0.0,-1,0.0,,
u_35945,0.0,-1,0.0,,
u_35946,0.0,-1,0.0,,
u_35947,0.0,-1,0.0,,
u_35948,0.0,-1,0.0,,
u_35949,0.0,-1,0.0,,
u_35950,0.0007647658149967024,2501,0.0,0.014,0.0
u_35951,0.0,-1,0.0,,
u_35952,0.0,-1,0.0,,
u_35953,0.0,-1,0.0,,
u_35954,0.0,-1,0.0,,
u_35955,0.0,-1,0.0,,
u_35956,0.0,-1,0.0,,
u_35957,0.04025502405811534,118,0.0,0.787,0.0
u_35958,0.043034914056465874,6308,0.0,0.787,0.0
u_35959,0.0,-1,0.0,,
u_35960,0.0021968496032840562,2744,0.0,0.021,0.0
u_35961,0.0,-1,0.0,,
u_35962,0.0,-1,0.0,,
u_35963,0.0005509458081928064,2297,0.0,0.01,0.0
u_35964,0.04309333576433788,168,0.0,0.787,0.0
u_35965,0.0,-1,0.0,,
u_35966,0.0,-1,0.0,,
u_35967,0.0,-1,0.0,,
u_35968,0.0,-1,0.0,,
u_35969,0.04069420086702855,641,0.0,0.787,0.0
u_35970,0.043034914056465874,5718,0.0,0.787,0.0
u_35971,0.0,-1,0.0,,
u_35972,0.0022665062545061745,3154,0.0,0.041,0.0
u_35973,0.043034914056465874,6048,0.0,0.787,0.0
u_35974,0.043034914056465874,973,0.0,0.787,0.0
u_35975,0.0,-1,0.0,,
u_35976,0.039887459580020726,419,0.0,0.787,0.0
u_35977,0.0,-1,0.0,,
u_35978,0.04429076370229892,4646,0.0,0.81,0.0
u_35979,0.0,-1,0.0,,
u_35980,0.0,-1,0.0,,
u_35981,0.04209771219495028,2374,0.0,0.787,0.0
u_35982,0.0,-1,0.0,,
u_35983,0.0,-1,0.0,,
u_35984,0.0,-1,0.0,,
u_35985,0.0,-1,0.0,,
u_35986,0.12037598135284687,4586,0.0,0.787,0.0
u_35987,0.0,-1,0.0,,
u_35988,0.0,-1,0.0,,
u_35989,0.0,-1,0.0,,
u_35990,0.0,-1,0.0,,
u_35991,0.0,-1,0.0,,
u_35992,0.08417531978986129,838,0.0,0.787,0.0
u_35993,0.0,-1,0.0,,
u_35994,0.0,-1,0.0,,
u_35995,0.0,-1,0.0,,
u_35996,0.0,-1,0.0,,
u_35997,0.0,-1,0.0,,
u_35998,0.0,-1,0.0,,
u_35999,0.043034914056465874,3669,0.0,0.787,0.0
u_36000,0.0398966940975617,3478,0.0,0.787,0.0
u_36001,0.0010562245869227631,2704,0.0,0.019,0.0
u_36002,0.039887989570579305,222,0.0,0.787,0.0
u_36003,0.0,-1,0.0,,
u_36004,0.0,-1,0.0,,
u_36005,0.0,-1,0.0,,
u_36006,0.0,-1,0.0,,
u_36007,0.0,-1,0.0,,
u_36008,0.0,-1,0.0,,
u_36009,0.0,-1,0.0,,
u_36010,0.041493771100248114,460,0.0,0.787,0.0
u_36011,0.0,-1,0.0,,
u_36012,0.0,-1,0.0,,
u_36013,0.0,-1,0.0,,
u_36014,0.0014442646118209617,2922,0.0,0.026,0.0
u_36015,0.08417531978986129,3191,0.0,0.787,0.0
u_36016,0.0398879038138668,3435,0.0,0.787,0.0
u_36017,0.03988795464217023,656,0.0,0.787,0.0
u_36018,0.08407797592195772,566,0.0,0.787,0.0
u_36019,0.043034914056465874,5719,0.0,0.787,0.0
u_36020,0.043034914056465874,3267,0.0,0.787,0.0
u_36021,0.08236630710979355,5022,0.0,0.787,0.0
u_36022,0.04391938558113173,1200,0.0,0.787,0.0
u_36023,0.08236906686213583,1931,0.0,0.787,0.0
u_36024,0.043034914056465874,5720,0.0,0.787,0.0
u_36025,0.0,-1,0.0,,
u_36026,0.0,-1,0.0,,
u_36027,0.0,-1,0.0,,
u_36028,0.0,-1,0.0,,
u_36029,5.481922706922056e-05,396,0.0,0.001,0.0
u_36030,0.04129167525341358,797,0.0,0.787,0.0
u_36031,0.0,-1,0.0,,
u_36032,0.08417531978986129,5721,0.0,0.787,0.0
u_36033,0.0,-1,0.0,,
u_36034,0.0,-1,0.0,,
u_36035,0.0,-1,0.0,,
u_36036,0.00014117789994054118,1268,0.0,0.003,0.0
u_36037,0.0,-1,0.0,,
u_36038,0.0,-1,0.0,,
u_36039,0.0,-1,0.0,,
u_36040,0.040322031109213605,1114,0.0,0.787,0.0
u_36041,0.0,-1,0.0,,
u_36042,0.0,-1,0.0,,
u_36043,0.043034914056465874,2284,0.0,0.787,0.0
u_36044,0.0,-1,0.0,,
u_36045,0.04056534710620315,3427,0.0,0.379,0.0
u_36046,0.0,-1,0.0,,
u_36047,0.0,-1,0.0,,
u_36048,0.043034914056465874,5636,0.0,0.787,0.0
u_36049,0.04188540362599774,771,0.0,0.787,0.0
u_36050,0.0,-1,0.0,,
u_36051,0.0,-1,0.0,,
u_36052,0.0,-1,0.0,,
u_36053,0.0,-1,0.0,,
u_36054,0.0,-1,0.0,,
u_36055,0.0,-1,0.0,,
u_36056,0.0,-1,0.0,,
u_36057,0.0,-1,0.0,,
u_36058,0.0,-1,0.0,,
u_36059,6.628629250044428e-05,590,0.0,0.001,0.0
u_36060,0.0,-1,0.0,,
u_36061,0.0,-1,0.0,,
u_36062,0.043034914056465874,5586,0.0,0.787,0.0
u_36063,0.0,-1,0.0,,
u_36064,0.0,-1,0.0,,
u_36065,0.0,-1,0.0,,
u_36066,0.0,-1,0.0,,
u_36067,0.0,-1,0.0,,
u_36068,0.02187136198115864,87,0.0,0.417,0.0
u_36069,0.0,-1,0.0,,
u_36070,0.0,-1,0.0,,
u_36071,0.002067199519418967,1848,0.0,0.039,0.0
u_36072,0.043034914056465874,6104,0.0,0.787,0.0
u_36073,0.043034914056465874,4690,0.0,0.787,0.0
u_36074,0.043034914056465874,5849,0.0,0.787,0.0
u_36075,0.043034914056465874,2413,0.0,0.787,0.0
u_36076,0.0,-1,0.0,,
u_36077,0.08002487908766831,309,0.0,0.787,0.0
u_36078,0.0,-1,0.0,,
u_36079,0.0,-1,0.0,,
u_36080,0.0,-1,0.0,,
u_36081,0.043034914056465874,3630,0.0,0.787,0.0
u_36082,0.08236630710979355,5312,0.0,0.787,0.0
u_36083,0.0,-1,0.0,,
u_36084,0.0,-1,0.0,,
u_36085,0.0,-1,0.0,,
u_36086,0.0,-1,0.0,,
u_36087,0.0,-1,0.0,,
u_36088,0.0,-1,0.0,,
u_36089,0.0,-1,0.0,,
u_36090,0.042724190984935566,89,0.0,0.787,0.0
u_36091,0.0,-1,0.0,,
u_36092,0.043034914056465874,4294,0.0,0.787,0.0
u_36093,0.006060540530842343,3337,0.0,0.057,0.0
u_36094,0.043034914056465874,2701,0.0,0.787,0.0
u_36095,0.0,-1,0.0,,
u_36096,0.0,-1,0.0,,
u_36097,0.04277286756337922,867,0.0,0.787,0.0
u_36098,0.04302879959927072,163,0.0,0.787,0.0
u_36099,0.0,-1,0.0,,
u_36100,0.0,-1,0.0,,
u_36101,0.08199422986854987,1788,0.0,0.787,0.0
u_36102,0.0,-1,0.0,,
u_36103,0.043034914056465874,5722,0.0,0.787,0.0
u_36104,0.0,-1,0.0,,
u_36105,0.0,-1,0.0,,
u_36106,0.043034914056465874,5385,0.0,0.787,0.0
u_36107,0.039887881931171355,118,0.0,0.787,0.0
u_36108,0.0,-1,0.0,,
u_36109,0.0,-1,0.0,,
u_36110,0.0,-1,0.0,,
u_36111,0.0,-1,0.0,,
u_36112,0.0,-1,0.0,,
u_36113,0.043034914056465874,5603,0.0,0.787,0.0
u_36114,0.007343401080711912,3813,0.0,0.134,0.0
u_36115,0.0008604428173711831,2577,0.0,0.016,0.0
u_36116,0.0031450632995431863,3354,0.0,0.057,0.0
u_36117,0.0,-1,0.0,,
u_36118,0.0,-1,0.0,,
u_36119,0.04171255300874462,845,0.0,0.787,0.0
u_36120,0.08417531978986129,5723,0.0,0.787,0.0
u_36121,0.0,-1,0.0,,
u_36122,0.0,-1,0.0,,
u_36123,0.0,-1,0.0,,
u_36124,0.0,-1,0.0,,
u_36125,0.0,-1,0.0,,
u_36126,0.03988920408257232,3343,0.0,0.787,0.0
u_36127,0.0011401710679645463,2334,0.0,0.011,0.0
u_36128,0.0,-1,0.0,,
u_36129,0.044371927756153194,3390,0.0,0.787,0.0
u_36130,0.0,-1,0.0,,
u_36131,0.08236557179105398,1105,0.0,0.787,0.0
u_36132,0.04066837859465258,178,0.0,0.787,0.0
u_36133,0.043034914056465874,5941,0.0,0.787,0.0
u_36134,0.0,-1,0.0,,
u_36135,0.0,-1,0.0,,
u_36136,0.0,-1,0.0,,
u_36137,0.0,-1,0.0,,
u_36138,0.043034914056465874,4715,0.0,0.787,0.0
u_36139,0.0,-1,0.0,,
u_36140,0.0,-1,0.0,,
u_36141,0.043034914056465874,5597,0.0,0.787,0.0
u_36142,0.0,-1,0.0,,
u_36143,0.0,-1,0.0,,
u_36144,0.0,-1,0.0,,
u_36145,0.0,-1,0.0,,
u_36146,0.0,-1,0.0,,
u_36147,0.0,-1,0.0,,
u_36148,0.043034914056465874,3723,0.0,0.787,0.0
u_36149,0.0,-1,0.0,,
u_36150,0.0,-1,0.0,,
u_36151,0.0,-1,0.0,,
u_36152,0.043034914056465874,5670,0.0,0.787,0.0
u_36153,0.011801194089021267,4045,0.0,0.209,0.0
u_36154,0.0,-1,0.0,,
u_36155,0.043034914056465874,5724,0.0,0.787,0.0
u_36156,0.0,-1,0.0,,
u_36157,0.0430235844907211,2096,0.0,0.787,0.0
u_36158,0.0,-1,0.0,,
u_36159,0.0,-1,0.0,,
u_36160,0.0,-1,0.0,,
u_36161,0.0,-1,0.0,,
u_36162,0.0,-1,0.0,,
u_36163,0.0,-1,0.0,,
u_36164,0.0,-1,0.0,,
u_36165,0.0,-1,0.0,,
u_36166,0.0,-1,0.0,,
u_36167,0.08181682481003393,350,0.0,0.787,0.0
u_36168,0.0,-1,0.0,,
u_36169,0.0,-1,0.0,,
u_36170,0.0398879015736198,1097,0.0,0.787,0.0
u_36171,0.0,-1,0.0,,
u_36172,0.0,-1,0.0,,
u_36173,0.03988878254676704,447,0.0,0.787,0.0
u_36174,0.0,-1,0.0,,
u_36175,0.0,-1,0.0,,
u_36176,0.08053267606327269,625,0.0,0.787,0.0
u_36177,0.0,-1,0.0,,
u_36178,0.0,-1,0.0,,
u_36179,0.0,-1,0.0,,
u_36180,0.039887502672900754,4446,0.0,0.787,0.0
u_36181,0.016740139103939254,3915,0.0,0.16,0.0
u_36182,0.039888656426458044,1624,0.0,0.787,0.0
u_36183,8.004059292756885e-05,803,0.0,0.001,0.0
u_36184,0.0,-1,0.0,,
u_36185,0.0,-1,0.0,,
u_36186,0.0,-1,0.0,,
u_36187,0.0,-1,0.0,,
u_36188,0.0,-1,0.0,,
u_36189,0.0,-1,0.0,,
u_36190,0.017801353372965886,104,0.0,0.345,0.0
u_36191,0.0,-1,0.0,,
u_36192,0.042622018779720355,748,0.0,0.787,0.0
u_36193,0.0,-1,0.0,,
u_36194,0.0,-1,0.0,,
u_36195,0.0,-1,0.0,,
u_36196,0.0,-1,0.0,,
u_36197,0.0,-1,0.0,,
u_36198,0.043034914056465874,6309,0.0,0.787,0.0
u_36199,0.0,-1,0.0,,
u_36200,0.0,-1,0.0,,
u_36201,0.043034914056465874,5077,0.0,0.787,0.0
u_36202,0.0,-1,0.0,,
u_36203,0.001724112737815037,3017,0.0,0.032,0.0
u_36204,0.0064395020624587514,5,0.0,0.063,0.0
u_36205,0.0,-1,0.0,,
u_36206,0.0,-1,0.0,,
u_36207,0.0,-1,0.0,,
u_36208,0.0,-1,0.0,,
u_36209,0.0,-1,0.0,,
u_36210,8.393353085398509e-05,137,0.0,0.001,0.0
u_36211,0.0,-1,0.0,,
u_36212,0.0,-1,0.0,,
u_36213,0.0025579742065152235,3225,0.0,0.047,0.0
u_36214,0.0,-1,0.0,,
u_36215,0.0,-1,0.0,,
u_36216,0.043034914056465874,2649,0.0,0.787,0.0
u_36217,0.0,-1,0.0,,
u_36218,0.043034914056465874,5959,0.0,0.787,0.0
u_36219,0.001577802483799879,1498,0.0,0.015,0.0
u_36220,0.043034914056465874,5860,0.0,0.787,0.0
u_36221,0.043034914056465874,4861,0.0,0.787,0.0
u_36222,0.0,-1,0.0,,
u_36223,0.0,-1,0.0,,
u_36224,0.043034914056465874,5231,0.0,0.787,0.0
u_36225,0.04013685099898679,173,0.0,0.787,0.0
u_36226,0.0,-1,0.0,,
u_36227,0.0,-1,0.0,,
u_36228,0.0,-1,0.0,,
u_36229,0.0,-1,0.0,,
u_36230,0.0,-1,0.0,,
u_36231,0.03988800976801105,418,0.0,0.787,0.0
u_36232,0.0,-1,0.0,,
u_36233,0.0,-1,0.0,,
u_36234,0.08417531978986129,2564,0.0,0.787,0.0
u_36235,0.0,-1,0.0,,
u_36236,0.0,-1,0.0,,
u_36237,0.043034914056465874,6193,0.0,0.787,0.0
u_36238,0.0,-1,0.0,,
u_36239,0.043034914056465874,5698,0.0,0.787,0.0
u_36240,0.0029987755471171567,829,0.0,0.059,0.0
u_36241,0.0,-1,0.0,,
u_36242,0.0,-1,0.0,,
u_36243,0.0,-1,0.0,,
u_36244,0.0,-1,0.0,,
u_36245,0.043034914056465874,4785,0.0,0.787,0.0
u_36246,0.0,-1,0.0,,
u_36247,0.045475504172932786,1170,0.0,0.787,0.0
u_36248,0.0,-1,0.0,,
u_36249,0.0,-1,0.0,,
u_36250,0.0,-1,0.0,,
u_36251,0.0,-1,0.0,,
u_36252,0.0802742274169956,2507,0.0,0.787,0.0
u_36253,0.0,-1,0.0,,
u_36254,0.0008687620836109529,2290,0.0,0.017,0.0
u_36255,0.0,-1,0.0,,
u_36256,0.0,-1,0.0,,
u_36257,0.0,-1,0.0,,
u_36258,0.0,-1,0.0,,
u_36259,0.04077999530351121,489,0.0,0.787,0.0
u_36260,0.0,-1,0.0,,
u_36261,0.00420551603996033,3525,0.0,0.077,0.0
u_36262,0.0,-1,0.0,,
u_36263,0.0,-1,0.0,,
u_36264,7.499418565506045e-05,755,0.0,0.001,0.0
u_36265,0.0,-1,0.0,,
u_36266,0.0,-1,0.0,,
u_36267,0.0,-1,0.0,,
u_36268,0.0,-1,0.0,,
u_36269,0.010194370485226492,3999,0.0,0.186,0.0
u_36270,0.0,-1,0.0,,
u_36271,0.0,-1,0.0,,
u_36272,0.0013174343186077313,1807,0.0,0.012,0.0
u_36273,0.0,-1,0.0,,
u_36274,0.04637178667472152,197,0.0,0.787,0.0
u_36275,0.009641421881052898,3970,0.0,0.176,0.0
u_36276,0.0,-1,0.0,,
u_36277,0.03989426129281605,2849,0.0,0.787,0.0
u_36278,0.0,-1,0.0,,
u_36279,0.0002923953158319556,1349,0.0,0.003,0.0
u_36280,0.043034914056465874,2052,0.0,0.787,0.0
u_36281,0.0,-1,0.0,,
u_36282,0.0,-1,0.0,,
u_36283,0.0,-1,0.0,,
u_36284,0.043034914056465874,3971,0.0,0.787,0.0
u_36285,0.0,-1,0.0,,
u_36286,0.0,-1,0.0,,
u_36287,0.040605486899109464,1271,0.0,0.787,0.0
u_36288,0.0,-1,0.0,,
u_36289,0.0,-1,0.0,,
u_36290,0.0,-1,0.0,,
u_36291,0.008194218102102774,3856,0.0,0.145,0.0
u_36292,0.043034914056465874,6310,0.0,0.787,0.0
u_36293,0.0,-1,0.0,,
u_36294,0.0042277607948659375,3126,0.0,0.04,0.0
u_36295,0.0,-1,0.0,,
u_36296,0.04106224680001128,397,0.0,0.787,0.0
u_36297,0.0,-1,0.0,,
u_36298,0.04303171067828871,3236,0.0,0.787,0.0
u_36299,0.0,-1,0.0,,
u_36300,0.0,-1,0.0,,
u_36301,0.0,-1,0.0,,
u_36302,0.0,-1,0.0,,
u_36303,0.0,-1,0.0,,
u_36304,0.0,-1,0.0,,
u_36305,0.043034914056465874,2645,0.0,0.787,0.0
u_36306,0.043034914056465874,5135,0.0,0.787,0.0
u_36307,0.039888990915811905,3195,0.0,0.787,0.0
u_36308,0.0,-1,0.0,,
u_36309,0.0,-1,0.0,,
u_36310,0.0,-1,0.0,,
u_36311,0.0,-1,0.0,,
u_36312,0.0,-1,0.0,,
u_36313,0.0,-1,0.0,,
u_36314,0.0,-1,0.0,,
u_36315,0.0,-1,0.0,,
u_36316,0.043034914056465874,5725,0.0,0.787,0.0
u_36317,0.0009785963380415006,577,0.0,0.019,0.0
u_36318,0.0,-1,0.0,,
u_36319,0.0,-1,0.0,,
u_36320,0.0,-1,0.0,,
u_36321,0.0,-1,0.0,,
u_36322,0.0007756046514873095,2515,0.0,0.014,0.0
u_36323,0.0,-1,0.0,,
u_36324,0.0,-1,0.0,,
u_36325,0.043034914056465874,6083,0.0,0.787,0.0
u_36326,0.0,-1,0.0,,
u_36327,0.039888208561682174,572,0.0,0.787,0.0
u_36328,0.0,-1,0.0,,
u_36329,0.0,-1,0.0,,
u_36330,0.0,-1,0.0,,
u_36331,0.0,-1,0.0,,
u_36332,0.010837173741617365,984,0.0,0.103,0.0
u_36333,0.0,-1,0.0,,
u_36334,0.0,-1,0.0,,
u_36335,0.043034914056465874,5561,0.0,0.787,0.0
u_36336,0.03988900270566215,1931,0.0,0.787,0.0
u_36337,0.0,-1,0.0,,
u_36338,0.0,-1,0.0,,
u_36339,0.043034914056465874,6311,0.0,0.787,0.0
u_36340,0.003102507169138673,3340,0.0,0.057,0.0
u_36341,0.043034914056465874,3533,0.0,0.787,0.0
u_36342,0.0061128464095199985,3711,0.0,0.112,0.0
u_36343,0.0,-1,0.0,,
u_36344,0.0,-1,0.0,,
u_36345,0.0,-1,0.0,,
u_36346,0.03988788948927645,49,0.0,0.787,0.0
u_36347,0.0,-1,0.0,,
u_36348,0.043034914056465874,5576,0.0,0.787,0.0
u_36349,0.0,-1,0.0,,
u_36350,0.043034914056465874,1370,0.0,0.787,0.0
u_36351,0.0,-1,0.0,,
u_36352,0.039890730631418576,1910,0.0,0.787,0.0
u_36353,0.0,-1,0.0,,
u_36354,0.0,-1,0.0,,
u_36355,0.0,-1,0.0,,
u_36356,0.043034914056465874,5671,0.0,0.787,0.0
u_36357,0.0,-1,0.0,,
u_36358,0.043034914056465874,241,0.0,0.787,0.0
u_36359,0.0,-1,0.0,,
u_36360,0.0,-1,0.0,,
u_36361,0.0,-1,0.0,,
u_36362,0.0,-1,0.0,,
u_36363,0.043034914056465874,6137,0.0,0.787,0.0
u_36364,0.0,-1,0.0,,
u_36365,0.0,-1,0.0,,
u_36366,0.0014480368086370304,2925,0.0,0.026,0.0
u_36367,0.0,-1,0.0,,
u_36368,0.0,-1,0.0,,
u_36369,0.0027088018719153327,3260,0.0,0.05,0.0
u_36370,0.0,-1,0.0,,
u_36371,0.0,-1,0.0,,
u_36372,0.043034914056465874,5460,0.0,0.787,0.0
u_36373,0.0,-1,0.0,,
u_36374,0.0,-1,0.0,,
u_36375,0.0,-1,0.0,,
u_36376,0.0,-1,0.0,,
u_36377,0.0,-1,0.0,,
u_36378,0.0,-1,0.0,,
u_36379,0.04437227428144074,3537,0.0,0.787,0.0
u_36380,0.0006701667791714547,1698,0.0,0.004,0.0
u_36381,0.0,-1,0.0,,
u_36382,0.0,-1,0.0,,
u_36383,0.0,-1,0.0,,
u_36384,0.0,-1,0.0,,
u_36385,0.0,-1,0.0,,
u_36386,0.0,-1,0.0,,
u_36387,0.0,-1,0.0,,
u_36388,0.0,-1,0.0,,
u_36389,0.0,-1,0.0,,
u_36390,0.0,-1,0.0,,
u_36391,0.0,-1,0.0,,
u_36392,0.0,-1,0.0,,
u_36393,0.0,-1,0.0,,
u_36394,0.0,-1,0.0,,
u_36395,0.043034914056465874,5726,0.0,0.787,0.0
u_36396,0.0,-1,0.0,,
u_36397,0.0,-1,0.0,,
u_36398,0.0,-1,0.0,,
u_36399,0.0,-1,0.0,,
u_36400,0.0,-1,0.0,,
u_36401,0.0,-1,0.0,,
u_36402,0.0,-1,0.0,,
u_36403,0.04417107543631663,1577,0.0,0.787,0.0
u_36404,0.043034914056465874,2827,0.0,0.787,0.0
u_36405,0.0,-1,0.0,,
u_36406,0.0,-1,0.0,,
u_36407,0.0,-1,0.0,,
u_36408,0.039890911395833534,3881,0.0,0.787,0.0
u_36409,0.08236630710979355,4955,0.0,0.787,0.0
u_36410,0.002483970059360716,595,0.0,0.023,0.0
u_36411,0.0,-1,0.0,,
u_36412,0.0,-1,0.0,,
u_36413,0.0,-1,0.0,,
u_36414,0.0,-1,0.0,,
u_36415,0.0,-1,0.0,,
u_36416,0.0,-1,0.0,,
u_36417,0.0,-1,0.0,,
u_36418,9.28082141408726e-05,24,0.0,0.002,0.0
u_36419,0.0,-1,0.0,,
u_36420,0.0,-1,0.0,,
u_36421,0.0,-1,0.0,,
u_36422,0.0,-1,0.0,,
u_36423,0.0,-1,0.0,,
u_36424,0.03988837775602482,1036,0.0,0.787,0.0
u_36425,0.0,-1,0.0,,
u_36426,0.0,-1,0.0,,
u_36427,0.0,-1,0.0,,
u_36428,0.0,-1,0.0,,
u_36429,0.0,-1,0.0,,
u_36430,0.0,-1,0.0,,
u_36431,0.0,-1,0.0,,
u_36432,0.0,-1,0.0,,
u_36433,0.0,-1,0.0,,
u_36434,0.0007041676946421068,2491,0.0,0.014,0.0
u_36435,0.0,-1,0.0,,
u_36436,0.0,-1,0.0,,
u_36437,0.0,-1,0.0,,
u_36438,0.0002258197939486645,1665,0.0,0.004,0.0
u_36439,0.043034914056465874,873,0.0,0.787,0.0
u_36440,0.0,-1,0.0,,
u_36441,0.0,-1,0.0,,
u_36442,0.043034914056465874,3284,0.0,0.787,0.0
u_36443,0.0,-1,0.0,,
u_36444,0.0002625537664414406,1723,0.0,0.005,0.0
u_36445,0.0,-1,0.0,,
u_36446,0.0,-1,0.0,,
u_36447,0.0,-1,0.0,,
u_36448,0.0,-1,0.0,,
u_36449,0.0,-1,0.0,,
u_36450,0.0,-1,0.0,,
u_36451,0.04358115862880967,1463,0.0,0.787,0.0
u_36452,0.0016442085033982112,2997,0.0,0.03,0.0
u_36453,0.04289236137441177,1338,0.0,0.787,0.0
u_36454,0.0,-1,0.0,,
u_36455,0.0,-1,0.0,,
u_36456,0.0,-1,0.0,,
u_36457,0.07963160691432349,254,0.0,0.787,0.0
u_36458,0.043034914056465874,6312,0.0,0.787,0.0
u_36459,0.0,-1,0.0,,
u_36460,0.0,-1,0.0,,
u_36461,0.043034914056465874,1778,0.0,0.787,0.0
u_36462,0.0,-1,0.0,,
u_36463,0.0,-1,0.0,,
u_36464,0.0,-1,0.0,,
u_36465,0.0,-1,0.0,,
u_36466,0.0,-1,0.0,,
u_36467,0.0,-1,0.0,,
u_36468,0.043034914056465874,5727,0.0,0.787,0.0
u_36469,0.0,-1,0.0,,
u_36470,0.0,-1,0.0,,
u_36471,0.0,-1,0.0,,
u_36472,0.0002334524950341741,1702,0.0,0.004,0.0
u_36473,0.0,-1,0.0,,
u_36474,0.043034914056465874,4642,0.0,0.787,0.0
u_36475,0.020766247390775632,4309,0.0,0.38,0.0
u_36476,0.0,-1,0.0,,
u_36477,0.043034914056465874,5546,0.0,0.787,0.0
u_36478,0.0,-1,0.0,,
u_36479,0.04015744148640285,2315,0.0,0.787,0.0
u_36480,0.0,-1,0.0,,
u_36481,0.0,-1,0.0,,
u_36482,0.0,-1,0.0,,
u_36483,0.0,-1,0.0,,
u_36484,0.0,-1,0.0,,
u_36485,0.0,-1,0.0,,
u_36486,0.0,-1,0.0,,
u_36487,0.0,-1,0.0,,
u_36488,0.0,-1,0.0,,
u_36489,0.0021133305438454358,118,0.0,0.04,0.0
u_36490,0.0400166522772479,222,0.0,0.787,0.0
u_36491,0.0,-1,0.0,,
u_36492,0.0,-1,0.0,,
u_36493,0.00048641821631838895,2245,0.0,0.009,0.0
u_36494,0.00043670599237440044,778,0.0,0.008,0.0
u_36495,6.992699607226961e-05,651,0.0,0.001,0.0
u_36496,0.0,-1,0.0,,
u_36497,0.08417531978986129,2732,0.0,0.787,0.0
u_36498,0.0,-1,0.0,,
u_36499,0.0026997239764457465,352,0.0,0.05,0.0
u_36500,0.0,-1,0.0,,
u_36501,0.0,-1,0.0,,
u_36502,0.0,-1,0.0,,
u_36503,0.043034914056465874,5018,0.0,0.787,0.0
u_36504,0.043034914056465874,6313,0.0,0.787,0.0
u_36505,0.0001012450825722017,342,0.0,0.001,0.0
u_36506,0.0,-1,0.0,,
u_36507,0.08417531978986129,5728,0.0,0.787,0.0
u_36508,0.0,-1,0.0,,
u_36509,0.0,-1,0.0,,
u_36510,0.0,-1,0.0,,
u_36511,0.0,-1,0.0,,
u_36512,0.0005409697928990994,2308,0.0,0.01,0.0
u_36513,0.0,-1,0.0,,
u_36514,0.043034914056465874,4669,0.0,0.787,0.0
u_36515,0.0,-1,0.0,,
u_36516,0.0,-1,0.0,,
u_36517,0.0,-1,0.0,,
u_36518,0.0,-1,0.0,,
u_36519,0.0,-1,0.0,,
u_36520,0.0,-1,0.0,,
u_36521,0.0,-1,0.0,,
u_36522,0.043034914056465874,914,0.0,0.787,0.0
u_36523,0.0,-1,0.0,,
u_36524,0.043034914056465874,5190,0.0,0.787,0.0
u_36525,0.0832419902900109,118,0.0,0.787,0.0
u_36526,0.0,-1,0.0,,
u_36527,0.0,-1,0.0,,
u_36528,0.0,-1,0.0,,
u_36529,0.043034914056465874,1917,0.0,0.787,0.0
u_36530,0.0,-1,0.0,,
u_36531,0.0,-1,0.0,,
u_36532,0.0,-1,0.0,,
u_36533,0.0,-1,0.0,,
u_36534,0.03988806136590569,2513,0.0,0.787,0.0
u_36535,0.043034914056465874,2662,0.0,0.787,0.0
u_36536,0.0,-1,0.0,,
u_36537,0.0,-1,0.0,,
u_36538,0.026417858904059694,1788,0.0,0.253,0.0
u_36539,0.0,-1,0.0,,
u_36540,0.0,-1,0.0,,
u_36541,0.0,-1,0.0,,
u_36542,0.0,-1,0.0,,
u_36543,0.0,-1,0.0,,
u_36544,0.0,-1,0.0,,
u_36545,0.0,-1,0.0,,
u_36546,0.026407507199023045,1852,0.0,0.488,0.0
u_36547,0.0,-1,0.0,,
u_36548,0.0,-1,0.0,,
u_36549,0.002236435046789841,3144,0.0,0.041,0.0
u_36550,0.043034914056465874,5030,0.0,0.787,0.0
u_36551,0.0,-1,0.0,,
u_36552,0.0,-1,0.0,,
u_36553,0.0,-1,0.0,,
u_36554,0.0,-1,0.0,,
u_36555,0.0,-1,0.0,,
u_36556,0.0,-1,0.0,,
u_36557,0.0,-1,0.0,,
u_36558,0.0006771694362417675,2434,0.0,0.012,0.0
u_36559,0.0,-1,0.0,,
u_36560,0.0,-1,0.0,,
u_36561,0.0,-1,0.0,,
u_36562,0.0,-1,0.0,,
u_36563,0.0,-1,0.0,,
u_36564,0.0,-1,0.0,,
u_36565,0.005649855434483179,953,0.0,0.109,0.0
u_36566,0.0,-1,0.0,,
u_36567,0.03988905895982406,1023,0.0,0.787,0.0
u_36568,0.0,-1,0.0,,
u_36569,0.0,-1,0.0,,
u_36570,0.0,-1,0.0,,
u_36571,0.0,-1,0.0,,
u_36572,0.0,-1,0.0,,
u_36573,0.0,-1,0.0,,
u_36574,0.0,-1,0.0,,
u_36575,0.0,-1,0.0,,
u_36576,0.0,-1,0.0,,
u_36577,0.0,-1,0.0,,
u_36578,0.0,-1,0.0,,
u_36579,0.04117165171810904,101,0.0,0.787,0.0
u_36580,5.835535597277145e-05,431,0.0,0.001,0.0
u_36581,0.0,-1,0.0,,
u_36582,0.0,-1,0.0,,
u_36583,0.0,-1,0.0,,
u_36584,0.0,-1,0.0,,
u_36585,0.0,-1,0.0,,
u_36586,0.12342766215873069,5255,0.0,0.787,0.0
u_36587,0.0,-1,0.0,,
u_36588,0.06344894040610494,2962,0.0,0.589,0.0
u_36589,0.0,-1,0.0,,
u_36590,0.0,-1,0.0,,
u_36591,0.0,-1,0.0,,
u_36592,0.03988818828326226,1855,0.0,0.787,0.0
u_36593,0.0,-1,0.0,,
u_36594,0.0,-1,0.0,,
u_36595,0.01808946934343564,405,0.0,0.169,0.0
u_36596,0.043034914056465874,5608,0.0,0.787,0.0
u_36597,0.0,-1,0.0,,
u_36598,0.0,-1,0.0,,
u_36599,0.0,-1,0.0,,
u_36600,0.0,-1,0.0,,
u_36601,0.0,-1,0.0,,
u_36602,0.0,-1,0.0,,
u_36603,0.0,-1,0.0,,
u_36604,0.043034914056465874,3228,0.0,0.787,0.0
u_36605,0.0,-1,0.0,,
u_36606,0.0,-1,0.0,,
u_36607,0.0,-1,0.0,,
u_36608,0.0,-1,0.0,,
u_36609,0.0,-1,0.0,,
u_36610,0.04059972503265776,305,0.0,0.787,0.0
u_36611,0.0,-1,0.0,,
u_36612,0.0,-1,0.0,,
u_36613,0.0,-1,0.0,,
u_36614,0.0,-1,0.0,,
u_36615,0.0,-1,0.0,,
u_36616,0.0,-1,0.0,,
u_36617,0.0,-1,0.0,,
u_36618,0.04436625865946974,3415,0.0,0.787,0.0
u_36619,0.043034914056465874,5634,0.0,0.787,0.0
u_36620,0.004723783126766936,3585,0.0,0.086,0.0
u_36621,0.0,-1,0.0,,
u_36622,0.043034914056465874,5617,0.0,0.787,0.0
u_36623,0.039888620075834005,89,0.0,0.787,0.0
u_36624,0.0,-1,0.0,,
u_36625,0.0,-1,0.0,,
u_36626,0.016164205753294185,2880,0.0,0.305,0.0
u_36627,0.00034498523481285744,1277,0.0,0.006,0.0
u_36628,0.0831306891906722,118,0.0,0.787,0.0
u_36629,0.043032489908455894,4136,0.0,0.787,0.0
u_36630,0.0,-1,0.0,,
u_36631,0.043034914056465874,3366,0.0,0.787,0.0
u_36632,0.0,-1,0.0,,
u_36633,0.043034914056465874,5262,0.0,0.787,0.0
u_36634,0.043034914056465874,5729,0.0,0.787,0.0
u_36635,0.04449097995613966,89,0.0,0.787,0.0
u_36636,0.16228607343419904,360,0.0,0.787,0.0
u_36637,0.0,-1,0.0,,
u_36638,0.043034914056465874,6314,0.0,0.787,0.0
u_36639,7.50850921897354e-05,735,0.0,0.001,0.0
u_36640,0.0,-1,0.0,,
u_36641,0.0,-1,0.0,,
u_36642,0.010576446373258438,77,0.0,0.206,0.0
u_36643,0.0,-1,0.0,,
u_36644,0.04298287148819326,991,0.0,0.787,0.0
u_36645,0.043034914056465874,2464,0.0,0.787,0.0
u_36646,0.0,-1,0.0,,
u_36647,0.039887774240228144,176,0.0,0.787,0.0
u_36648,0.0,-1,0.0,,
u_36649,0.0,-1,0.0,,
u_36650,0.0848297806034617,3452,0.0,0.787,0.0
u_36651,0.0,-1,0.0,,
u_36652,0.0,-1,0.0,,
u_36653,0.0,-1,0.0,,
u_36654,0.0,-1,0.0,,
u_36655,0.0,-1,0.0,,
u_36656,0.0,-1,0.0,,
u_36657,0.0,-1,0.0,,
u_36658,0.0,-1,0.0,,
u_36659,0.041509058942192034,2109,0.0,0.787,0.0
u_36660,0.043034914056465874,5626,0.0,0.787,0.0
u_36661,0.0,-1,0.0,,
u_36662,0.0,-1,0.0,,
u_36663,0.0,-1,0.0,,
u_36664,0.04051501083478705,2008,0.0,0.787,0.0
u_36665,0.00010874498564911853,277,0.0,0.002,0.0
u_36666,0.0,-1,0.0,,
u_36667,0.0,-1,0.0,,
u_36668,0.0,-1,0.0,,
u_36669,0.0,-1,0.0,,
u_36670,0.0,-1,0.0,,
u_36671,0.0,-1,0.0,,
u_36672,0.043034914056465874,4046,0.0,0.787,0.0
u_36673,0.0,-1,0.0,,
u_36674,0.0,-1,0.0,,
u_36675,0.043034914056465874,4845,0.0,0.787,0.0
u_36676,0.0,-1,0.0,,
u_36677,0.0,-1,0.0,,
u_36678,0.0,-1,0.0,,
u_36679,0.0,-1,0.0,,
u_36680,0.0,-1,0.0,,
u_36681,0.0,-1,0.0,,
u_36682,0.0,-1,0.0,,
u_36683,0.0016418890658795333,1765,0.0,0.032,0.0
u_36684,0.001016823044051424,2683,0.0,0.019,0.0
u_36685,0.0,-1,0.0,,
u_36686,0.00038079370232415455,1551,0.0,0.004,0.0
u_36687,0.0,-1,0.0,,
u_36688,0.0,-1,0.0,,
u_36689,0.0,-1,0.0,,
u_36690,0.0,-1,0.0,,
u_36691,0.04303934798292423,1158,0.0,0.787,0.0
u_36692,0.0,-1,0.0,,
u_36693,0.0,-1,0.0,,
u_36694,0.0,-1,0.0,,
u_36695,0.0,-1,0.0,,
u_36696,0.0,-1,0.0,,
u_36697,0.0,-1,0.0,,
u_36698,0.0,-1,0.0,,
u_36699,0.0,-1,0.0,,
u_36700,0.0,-1,0.0,,
u_36701,0.08294170967209126,4053,0.0,0.787,0.0
u_36702,0.0,-1,0.0,,
u_36703,0.04057181978786106,136,0.0,0.787,0.0
u_36704,0.0,-1,0.0,,
u_36705,0.0,-1,0.0,,
u_36706,0.0,-1,0.0,,
u_36707,0.0,-1,0.0,,
u_36708,0.0,-1,0.0,,
u_36709,0.0,-1,0.0,,
u_36710,0.0,-1,0.0,,
u_36711,0.0,-1,0.0,,
u_36712,0.0001411054317926416,1298,0.0,0.003,0.0
u_36713,0.0,-1,0.0,,
u_36714,0.0047453412935338345,3618,0.0,0.09,0.0
u_36715,0.03988972798067411,838,0.0,0.787,0.0
u_36716,0.0,-1,0.0,,
u_36717,0.08136780764631067,1109,0.0,0.787,0.0
u_36718,0.004020629308545788,3499,0.0,0.073,0.0
u_36719,0.0,-1,0.0,,
u_36720,0.0,-1,0.0,,
u_36721,0.0,-1,0.0,,
u_36722,0.0,-1,0.0,,
u_36723,0.0,-1,0.0,,
u_36724,0.039887616910365534,1894,0.0,0.787,0.0
u_36725,0.0,-1,0.0,,
u_36726,0.0,-1,0.0,,
u_36727,0.0,-1,0.0,,
u_36728,0.0,-1,0.0,,
u_36729,0.0,-1,0.0,,
u_36730,0.0,-1,0.0,,
u_36731,0.0,-1,0.0,,
u_36732,0.0,-1,0.0,,
u_36733,0.043034914056465874,4065,0.0,0.787,0.0
u_36734,0.0,-1,0.0,,
u_36735,0.0,-1,0.0,,
u_36736,0.0,-1,0.0,,
u_36737,0.0,-1,0.0,,
u_36738,0.0,-1,0.0,,
u_36739,0.0,-1,0.0,,
u_36740,0.0,-1,0.0,,
u_36741,0.0,-1,0.0,,
u_36742,0.0,-1,0.0,,
u_36743,0.04068924898217586,53,0.0,0.787,0.0
u_36744,0.03299861714023182,926,0.0,0.307,0.0
u_36745,0.0,-1,0.0,,
u_36746,0.0,-1,0.0,,
u_36747,0.0,-1,0.0,,
u_36748,0.0,-1,0.0,,
u_36749,0.0,-1,0.0,,
u_36750,0.0,-1,0.0,,
u_36751,0.0,-1,0.0,,
u_36752,0.0,-1,0.0,,
u_36753,0.0,-1,0.0,,
u_36754,0.043034914056465874,3513,0.0,0.787,0.0
u_36755,0.0,-1,0.0,,
u_36756,0.0,-1,0.0,,
u_36757,0.0,-1,0.0,,
u_36758,0.0,-1,0.0,,
u_36759,0.0,-1,0.0,,
u_36760,0.0,-1,0.0,,
u_36761,0.04437214863266443,4610,0.0,0.787,0.0
u_36762,0.0,-1,0.0,,
u_36763,0.0,-1,0.0,,
u_36764,0.007375106354658436,1791,0.0,0.047,0.0
u_36765,0.08417531978986129,2006,0.0,0.787,0.0
u_36766,0.0,-1,0.0,,
u_36767,0.0,-1,0.0,,
u_36768,0.0,-1,0.0,,
u_36769,0.008471561735853188,1369,0.0,0.148,0.0
u_36770,0.0,-1,0.0,,
u_36771,0.0010569594831718707,2705,0.0,0.019,0.0
u_36772,0.0,-1,0.0,,
u_36773,0.0,-1,0.0,,
u_36774,0.00106196490996404,89,0.0,0.021,0.0
u_36775,0.0,-1,0.0,,
u_36776,0.0,-1,0.0,,
u_36777,0.0,-1,0.0,,
u_36778,0.0,-1,0.0,,
u_36779,0.043034914056465874,2811,0.0,0.787,0.0
u_36780,0.0,-1,0.0,,
u_36781,0.0,-1,0.0,,
u_36782,0.0,-1,0.0,,
u_36783,0.043034914056465874,1241,0.0,0.787,0.0
u_36784,0.0,-1,0.0,,
u_36785,0.03988893437636517,691,0.0,0.787,0.0
u_36786,0.0,-1,0.0,,
u_36787,0.0,-1,0.0,,
u_36788,0.0,-1,0.0,,
u_36789,0.0,-1,0.0,,
u_36790,0.0,-1,0.0,,
u_36791,0.0,-1,0.0,,
u_36792,0.0,-1,0.0,,
u_36793,0.0,-1,0.0,,
u_36794,0.0,-1,0.0,,
u_36795,0.00013458765702289527,660,0.0,0.001,0.0
u_36796,0.0,-1,0.0,,
u_36797,0.0398900026696424,4352,0.0,0.787,0.0
u_36798,0.0,-1,0.0,,
u_36799,0.0,-1,0.0,,
u_36800,0.0,-1,0.0,,
u_36801,0.0,-1,0.0,,
u_36802,0.017873738977290905,2342,0.0,0.176,0.0
u_36803,0.0,-1,0.0,,
u_36804,0.0,-1,0.0,,
u_36805,0.0,-1,0.0,,
u_36806,0.043034914056465874,2928,0.0,0.787,0.0
u_36807,0.0,-1,0.0,,
u_36808,0.0,-1,0.0,,
u_36809,0.0,-1,0.0,,
u_36810,0.0,-1,0.0,,
u_36811,0.0,-1,0.0,,
u_36812,0.0,-1,0.0,,
u_36813,0.0,-1,0.0,,
u_36814,0.04436388189376508,1395,0.0,0.787,0.0
u_36815,0.0,-1,0.0,,
u_36816,0.04516514154864401,1400,0.0,0.787,0.0
u_36817,0.0,-1,0.0,,
u_36818,0.039889958223633185,4021,0.0,0.787,0.0
u_36819,0.0,-1,0.0,,
u_36820,0.0,-1,0.0,,
u_36821,0.0,-1,0.0,,
u_36822,0.0,-1,0.0,,
u_36823,0.0,-1,0.0,,
u_36824,0.012525542246852437,551,0.0,0.242,0.0
u_36825,6.787907209112198e-05,618,0.0,0.001,0.0
u_36826,0.04831185951588605,4686,0.0,0.883,0.0
u_36827,0.0,-1,0.0,,
u_36828,0.039887676788384695,379,0.0,0.787,0.0
u_36829,0.0,-1,0.0,,
u_36830,0.0,-1,0.0,,
u_36831,0.0,-1,0.0,,
u_36832,0.043034914056465874,2408,0.0,0.787,0.0
u_36833,0.0,-1,0.0,,
u_36834,0.08236630710979355,5022,0.0,0.787,0.0
u_36835,0.0,-1,0.0,,
u_36836,0.0,-1,0.0,,
u_36837,0.0,-1,0.0,,
u_36838,0.0,-1,0.0,,
u_36839,0.0,-1,0.0,,
u_36840,0.0,-1,0.0,,
u_36841,0.0,-1,0.0,,
u_36842,0.0,-1,0.0,,
u_36843,0.039888355609263584,1314,0.0,0.787,0.0
u_36844,0.0,-1,0.0,,
u_36845,0.0,-1,0.0,,
u_36846,0.0,-1,0.0,,
u_36847,0.0,-1,0.0,,
u_36848,0.0,-1,0.0,,
u_36849,0.0,-1,0.0,,
u_36850,0.0,-1,0.0,,
u_36851,0.0,-1,0.0,,
u_36852,0.0,-1,0.0,,
u_36853,0.0,-1,0.0,,
u_36854,0.043034914056465874,5730,0.0,0.787,0.0
u_36855,0.0,-1,0.0,,
u_36856,0.0,-1,0.0,,
u_36857,0.042130407716432006,4907,0.0,0.787,0.0
u_36858,0.0,-1,0.0,,
u_36859,0.0,-1,0.0,,
u_36860,0.0,-1,0.0,,
u_36861,0.0,-1,0.0,,
u_36862,0.0,-1,0.0,,
u_36863,0.043034914056465874,6315,0.0,0.787,0.0
u_36864,0.0,-1,0.0,,
u_36865,0.043034914056465874,6316,0.0,0.787,0.0
u_36866,0.0,-1,0.0,,
u_36867,0.04216872941875635,63,0.0,0.787,0.0
u_36868,0.0,-1,0.0,,
u_36869,0.0,-1,0.0,,
u_36870,0.043034914056465874,5731,0.0,0.787,0.0
u_36871,0.0,-1,0.0,,
u_36872,0.0,-1,0.0,,
u_36873,0.0,-1,0.0,,
u_36874,0.039887875307379264,319,0.0,0.787,0.0
u_36875,0.0004569420411636096,2170,0.0,0.008,0.0
u_36876,0.0,-1,0.0,,
u_36877,0.0,-1,0.0,,
u_36878,0.0,-1,0.0,,
u_36879,0.016622956569963432,3307,0.0,0.155,0.0
u_36880,0.0,-1,0.0,,
u_36881,0.0,-1,0.0,,
u_36882,0.0,-1,0.0,,
u_36883,0.0,-1,0.0,,
u_36884,0.0,-1,0.0,,
u_36885,0.043034914056465874,5622,0.0,0.787,0.0
u_36886,0.0,-1,0.0,,
u_36887,0.043034914056465874,5732,0.0,0.787,0.0
u_36888,0.0,-1,0.0,,
u_36889,0.003773999303350697,1483,0.0,0.068,0.0
u_36890,0.0,-1,0.0,,
u_36891,0.0,-1,0.0,,
u_36892,0.12638497521685887,232,0.0,0.787,0.0
u_36893,0.0,-1,0.0,,
u_36894,0.0,-1,0.0,,
u_36895,0.0,-1,0.0,,
u_36896,0.08417531978986129,4948,0.0,0.787,0.0
u_36897,0.0,-1,0.0,,
u_36898,0.0,-1,0.0,,
u_36899,0.0,-1,0.0,,
u_36900,0.0,-1,0.0,,
u_36901,0.0,-1,0.0,,
u_36902,0.0,-1,0.0,,
u_36903,0.0,-1,0.0,,
u_36904,0.07963099358020591,274,0.0,0.787,0.0
u_36905,0.0,-1,0.0,,
u_36906,0.043034914056465874,5524,0.0,0.787,0.0
u_36907,0.0,-1,0.0,,
u_36908,0.0,-1,0.0,,
u_36909,0.0,-1,0.0,,
u_36910,0.0,-1,0.0,,
u_36911,0.0,-1,0.0,,
u_36912,0.0,-1,0.0,,
u_36913,0.0,-1,0.0,,
u_36914,0.0,-1,0.0,,
u_36915,0.04207617282911346,621,0.0,0.787,0.0
u_36916,0.0,-1,0.0,,
u_36917,0.0,-1,0.0,,
u_36918,0.0,-1,0.0,,
u_36919,4.973034448435369e-05,293,0.0,0.001,0.0
u_36920,0.0,-1,0.0,,
u_36921,0.0,-1,0.0,,
u_36922,0.03131468768893471,4507,0.0,0.572,0.0
u_36923,0.043034914056465874,1993,0.0,0.787,0.0
u_36924,0.08236971655203504,3556,0.0,0.787,0.0
u_36925,0.0009439789365961734,2642,0.0,0.017,0.0
u_36926,0.042130407716432006,5084,0.0,0.787,0.0
u_36927,0.043034914056465874,3294,0.0,0.787,0.0
u_36928,0.0417953741756989,2465,0.0,0.787,0.0
u_36929,0.0,-1,0.0,,
u_36930,0.043034914056465874,4847,0.0,0.787,0.0
u_36931,0.0016845818044545237,2991,0.0,0.03,0.0
u_36932,0.0,-1,0.0,,
u_36933,0.0,-1,0.0,,
u_36934,0.0,-1,0.0,,
u_36935,0.035787662930703866,4041,0.0,0.656,0.0
u_36936,0.0,-1,0.0,,
u_36937,0.0,-1,0.0,,
u_36938,0.004089223578786787,3510,0.0,0.075,0.0
u_36939,0.0,-1,0.0,,
u_36940,0.0,-1,0.0,,
u_36941,0.0,-1,0.0,,
u_36942,0.0,-1,0.0,,
u_36943,0.0,-1,0.0,,
u_36944,0.0,-1,0.0,,
u_36945,0.0,-1,0.0,,
u_36946,0.0,-1,0.0,,
u_36947,0.0,-1,0.0,,
u_36948,0.039888326442543476,87,0.0,0.787,0.0
u_36949,0.0,-1,0.0,,
u_36950,0.0,-1,0.0,,
u_36951,0.0,-1,0.0,,
u_36952,0.043693165369121545,4392,0.0,0.787,0.0
u_36953,0.0028282611274720623,77,0.0,0.052,0.0
u_36954,0.0,-1,0.0,,
u_36955,0.0,-1,0.0,,
u_36956,0.005506422829585607,3650,0.0,0.097,0.0
u_36957,0.0,-1,0.0,,
u_36958,0.0,-1,0.0,,
u_36959,0.03988923090147697,1623,0.0,0.787,0.0
u_36960,0.042130407716432006,5733,0.0,0.787,0.0
u_36961,0.04070567598835288,449,0.0,0.787,0.0
u_36962,0.0,-1,0.0,,
u_36963,0.0,-1,0.0,,
u_36964,0.0,-1,0.0,,
u_36965,0.0,-1,0.0,,
u_36966,0.017428468306221308,3941,0.0,0.166,0.0
u_36967,0.052616766009411536,1974,0.0,0.941,0.0
u_36968,0.003446323221086832,3417,0.0,0.063,0.0
u_36969,0.0,-1,0.0,,
u_36970,0.043034914056465874,4384,0.0,0.787,0.0
u_36971,0.0,-1,0.0,,
u_36972,0.0,-1,0.0,,
u_36973,0.0,-1,0.0,,
u_36974,0.0,-1,0.0,,
u_36975,4.703965141930002e-05,237,0.0,0.001,0.0
u_36976,0.043034914056465874,3497,0.0,0.787,0.0
u_36977,0.0,-1,0.0,,
u_36978,9.993580491579923e-05,1019,0.0,0.002,0.0
u_36979,0.0,-1,0.0,,
u_36980,0.0015260155298384849,2959,0.0,0.028,0.0
u_36981,0.0,-1,0.0,,
u_36982,0.0,-1,0.0,,
u_36983,0.043034914056465874,4699,0.0,0.787,0.0
u_36984,0.0,-1,0.0,,
u_36985,0.0007306319681993577,1530,0.0,0.014,0.0
u_36986,0.0,-1,0.0,,
u_36987,0.0,-1,0.0,,
u_36988,0.03988739270044967,2696,0.0,0.787,0.0
u_36989,0.0,-1,0.0,,
u_36990,0.043034914056465874,1726,0.0,0.787,0.0
u_36991,0.0,-1,0.0,,
u_36992,0.0,-1,0.0,,
u_36993,0.04009716748229481,391,0.0,0.787,0.0
u_36994,0.08369134231507347,1498,0.0,0.787,0.0
u_36995,0.0,-1,0.0,,
u_36996,0.0,-1,0.0,,
u_36997,0.0398881566481217,2696,0.0,0.787,0.0
u_36998,0.0,-1,0.0,,
u_36999,0.0,-1,0.0,,
u_37000,0.0,-1,0.0,,
u_37001,0.03988919156628794,3261,0.0,0.787,0.0
u_37002,0.0,-1,0.0,,
u_37003,0.018538327971355326,2976,0.0,0.172,0.0
u_37004,0.0,-1,0.0,,
u_37005,0.043034914056465874,5293,0.0,0.787,0.0
u_37006,0.0,-1,0.0,,
u_37007,0.0,-1,0.0,,
u_37008,0.0,-1,0.0,,
u_37009,0.0,-1,0.0,,
u_37010,0.0,-1,0.0,,
u_37011,0.12293161032975086,549,0.0,0.787,0.0
u_37012,0.0,-1,0.0,,
u_37013,0.0,-1,0.0,,
u_37014,0.043034914056465874,6249,0.0,0.787,0.0
u_37015,0.0,-1,0.0,,
u_37016,0.043034914056465874,5881,0.0,0.787,0.0
u_37017,0.0,-1,0.0,,
u_37018,0.0,-1,0.0,,
u_37019,0.0,-1,0.0,,
u_37020,0.0,-1,0.0,,
u_37021,0.0,-1,0.0,,
u_37022,0.043034914056465874,5918,0.0,0.787,0.0
u_37023,0.043034914056465874,6265,0.0,0.787,0.0
u_37024,0.0,-1,0.0,,
u_37025,0.0,-1,0.0,,
u_37026,0.0,-1,0.0,,
u_37027,0.0,-1,0.0,,
u_37028,0.03988757093365016,104,0.0,0.787,0.0
u_37029,0.0005380152678355207,2281,0.0,0.01,0.0
u_37030,0.0007278705427572642,2478,0.0,0.013,0.0
u_37031,0.0,-1,0.0,,
u_37032,0.0003751725912337038,222,0.0,0.007,0.0
u_37033,0.08449534488758072,222,0.0,0.787,0.0
u_37034,0.0,-1,0.0,,
u_37035,0.0,-1,0.0,,
u_37036,0.0,-1,0.0,,
u_37037,0.043034914056465874,6165,0.0,0.787,0.0
u_37038,0.08559794773745306,222,0.0,0.785,0.0
u_37039,0.0,-1,0.0,,
u_37040,0.042130407716432006,5751,0.0,0.787,0.0
u_37041,0.0,-1,0.0,,
u_37042,0.0,-1,0.0,,
u_37043,0.0,-1,0.0,,
u_37044,0.03988815011227639,594,0.0,0.787,0.0
u_37045,0.0,-1,0.0,,
u_37046,0.0,-1,0.0,,
u_37047,0.043034914056465874,5479,0.0,0.787,0.0
u_37048,0.0,-1,0.0,,
u_37049,0.043034914056465874,2091,0.0,0.787,0.0
u_37050,0.0,-1,0.0,,
u_37051,0.043034914056465874,5396,0.0,0.787,0.0
u_37052,0.03655333597495178,4578,0.0,0.668,0.0
u_37053,0.0,-1,0.0,,
u_37054,0.0,-1,0.0,,
u_37055,0.0,-1,0.0,,
u_37056,0.0,-1,0.0,,
u_37057,0.002197684126005465,3131,0.0,0.04,0.0
u_37058,0.0,-1,0.0,,
u_37059,0.0,-1,0.0,,
u_37060,0.0,-1,0.0,,
u_37061,0.0,-1,0.0,,
u_37062,0.043034914056465874,5867,0.0,0.787,0.0
u_37063,0.0,-1,0.0,,
u_37064,0.0,-1,0.0,,
u_37065,0.0,-1,0.0,,
u_37066,0.0,-1,0.0,,
u_37067,0.0,-1,0.0,,
u_37068,0.0402676066534805,297,0.0,0.787,0.0
u_37069,0.0,-1,0.0,,
u_37070,0.0,-1,0.0,,
u_37071,0.0,-1,0.0,,
u_37072,0.0,-1,0.0,,
u_37073,0.0,-1,0.0,,
u_37074,0.0,-1,0.0,,
u_37075,0.0014778306189781893,419,0.0,0.029,0.0
u_37076,0.0,-1,0.0,,
u_37077,0.0,-1,0.0,,
u_37078,0.043034914056465874,1995,0.0,0.787,0.0
u_37079,0.0,-1,0.0,,
u_37080,0.0,-1,0.0,,
u_37081,0.043034914056465874,2480,0.0,0.787,0.0
u_37082,0.0,-1,0.0,,
u_37083,0.0,-1,0.0,,
u_37084,0.0,-1,0.0,,
u_37085,0.0,-1,0.0,,
u_37086,0.0,-1,0.0,,
u_37087,0.0,-1,0.0,,
u_37088,0.0,-1,0.0,,
u_37089,0.0,-1,0.0,,
u_37090,0.0,-1,0.0,,
u_37091,0.0,-1,0.0,,
u_37092,0.0,-1,0.0,,
u_37093,0.043034914056465874,5734,0.0,0.787,0.0
u_37094,0.0,-1,0.0,,
u_37095,0.0,-1,0.0,,
u_37096,0.0,-1,0.0,,
u_37097,0.0,-1,0.0,,
u_37098,0.039888722938693735,2373,0.0,0.787,0.0
u_37099,0.00017535515476280539,1427,0.0,0.003,0.0
u_37100,0.0,-1,0.0,,
u_37101,0.043034914056465874,1690,0.0,0.787,0.0
u_37102,0.0,-1,0.0,,
u_37103,0.0,-1,0.0,,
u_37104,0.0,-1,0.0,,
u_37105,0.0,-1,0.0,,
u_37106,0.043034914056465874,4977,0.0,0.787,0.0
u_37107,0.0,-1,0.0,,
u_37108,0.0,-1,0.0,,
u_37109,0.043034914056465874,4983,0.0,0.787,0.0
u_37110,0.039891441933836314,3876,0.0,0.787,0.0
u_37111,0.0,-1,0.0,,
u_37112,0.043034914056465874,3691,0.0,0.787,0.0
u_37113,0.08236630710979355,4856,0.0,0.787,0.0
u_37114,0.0,-1,0.0,,
u_37115,0.0,-1,0.0,,
u_37116,0.0,-1,0.0,,
u_37117,0.0,-1,0.0,,
u_37118,0.0,-1,0.0,,
u_37119,0.0,-1,0.0,,
u_37120,0.044105478208198975,1102,0.0,0.787,0.0
u_37121,0.0,-1,0.0,,
u_37122,0.043034914056465874,5332,0.0,0.787,0.0
u_37123,0.0,-1,0.0,,
u_37124,0.0,-1,0.0,,
u_37125,0.0,-1,0.0,,
u_37126,0.04076396308698362,484,0.0,0.787,0.0
u_37127,0.0,-1,0.0,,
u_37128,0.0,-1,0.0,,
u_37129,0.07963190346269816,1172,0.0,0.787,0.0
u_37130,0.0,-1,0.0,,
u_37131,0.0,-1,0.0,,
u_37132,0.0,-1,0.0,,
u_37133,0.043034914056465874,1404,0.0,0.787,0.0
u_37134,0.0,-1,0.0,,
u_37135,0.0,-1,0.0,,
u_37136,0.00023357984775409715,1676,0.0,0.004,0.0
u_37137,0.0,-1,0.0,,
u_37138,0.0,-1,0.0,,
u_37139,0.0,-1,0.0,,
u_37140,0.0,-1,0.0,,
u_37141,0.0,-1,0.0,,
u_37142,0.0002729429764459576,1286,0.0,0.003,0.0
u_37143,0.0,-1,0.0,,
u_37144,0.0,-1,0.0,,
u_37145,0.043034914056465874,1398,0.0,0.787,0.0
u_37146,0.0,-1,0.0,,
u_37147,0.0,-1,0.0,,
u_37148,0.0,-1,0.0,,
u_37149,0.0,-1,0.0,,
u_37150,0.0,-1,0.0,,
u_37151,0.0,-1,0.0,,
u_37152,0.0,-1,0.0,,
u_37153,0.03988915860921733,3742,0.0,0.787,0.0
u_37154,0.043034914056465874,5283,0.0,0.787,0.0
u_37155,0.0,-1,0.0,,
u_37156,0.0,-1,0.0,,
u_37157,0.002320694474817103,570,0.0,0.042,0.0
u_37158,0.043034914056465874,5735,0.0,0.787,0.0
u_37159,0.0,-1,0.0,,
u_37160,0.0,-1,0.0,,
u_37161,0.0,-1,0.0,,
u_37162,0.03988871836708722,694,0.0,0.787,0.0
u_37163,0.0001057344444328076,89,0.0,0.002,0.0
u_37164,0.0,-1,0.0,,
u_37165,0.0,-1,0.0,,
u_37166,0.0,-1,0.0,,
u_37167,0.0,-1,0.0,,
u_37168,0.0,-1,0.0,,
u_37169,0.043034914056465874,5225,0.0,0.787,0.0
u_37170,0.0,-1,0.0,,
u_37171,0.0,-1,0.0,,
u_37172,0.0,-1,0.0,,
u_37173,0.0,-1,0.0,,
u_37174,0.0,-1,0.0,,
u_37175,0.0,-1,0.0,,
u_37176,0.0005116191279587452,1179,0.0,0.01,0.0
u_37177,0.0005148489578657852,2252,0.0,0.009,0.0
u_37178,0.044372641493202976,785,0.0,0.787,0.0
u_37179,0.0,-1,0.0,,
u_37180,0.0,-1,0.0,,
u_37181,0.0,-1,0.0,,
u_37182,0.0,-1,0.0,,
u_37183,0.0,-1,0.0,,
u_37184,0.0,-1,0.0,,
u_37185,0.0,-1,0.0,,
u_37186,0.0,-1,0.0,,
u_37187,0.0,-1,0.0,,
u_37188,0.043034914056465874,5708,0.0,0.787,0.0
u_37189,0.039887382145494865,3414,0.0,0.787,0.0
u_37190,0.0,-1,0.0,,
u_37191,0.0,-1,0.0,,
u_37192,0.0,-1,0.0,,
u_37193,0.043034914056465874,5736,0.0,0.787,0.0
u_37194,0.0,-1,0.0,,
u_37195,0.0,-1,0.0,,
u_37196,0.0,-1,0.0,,
u_37197,0.043034914056465874,5737,0.0,0.787,0.0
u_37198,0.001841652737145154,2911,0.0,0.033,0.0
u_37199,0.03988940636341681,3347,0.0,0.787,0.0
u_37200,0.0,-1,0.0,,
u_37201,0.0,-1,0.0,,
u_37202,0.0,-1,0.0,,
u_37203,0.039887689517277405,268,0.0,0.787,0.0
u_37204,0.0,-1,0.0,,
u_37205,0.0,-1,0.0,,
u_37206,0.016232091300592496,2233,0.0,0.315,0.0
u_37207,0.0,-1,0.0,,
u_37208,0.0,-1,0.0,,
u_37209,0.0,-1,0.0,,
u_37210,0.00013805849498444955,232,0.0,0.001,0.0
u_37211,0.04036985380965118,278,0.0,0.787,0.0
u_37212,0.043034914056465874,3515,0.0,0.787,0.0
u_37213,0.0,-1,0.0,,
u_37214,0.03988770368697157,276,0.0,0.787,0.0
u_37215,0.0,-1,0.0,,
u_37216,0.0,-1,0.0,,
u_37217,0.04205440302417023,3185,0.0,0.787,0.0
u_37218,0.0,-1,0.0,,
u_37219,0.0012358286548823896,946,0.0,0.011,0.0
u_37220,0.0,-1,0.0,,
u_37221,0.0,-1,0.0,,
u_37222,0.0,-1,0.0,,
u_37223,0.039890664471711385,2900,0.0,0.787,0.0
u_37224,0.0,-1,0.0,,
u_37225,0.0,-1,0.0,,
u_37226,0.0,-1,0.0,,
u_37227,0.0,-1,0.0,,
u_37228,0.0,-1,0.0,,
u_37229,0.0,-1,0.0,,
u_37230,0.0,-1,0.0,,
u_37231,0.0,-1,0.0,,
u_37232,0.0,-1,0.0,,
u_37233,0.0,-1,0.0,,
u_37234,0.0,-1,0.0,,
u_37235,0.0,-1,0.0,,
u_37236,0.00011708985175655346,1150,0.0,0.002,0.0
u_37237,0.0,-1,0.0,,
u_37238,0.0,-1,0.0,,
u_37239,0.0,-1,0.0,,
u_37240,0.0,-1,0.0,,
u_37241,0.043034914056465874,2660,0.0,0.787,0.0
u_37242,0.0,-1,0.0,,
u_37243,0.0,-1,0.0,,
u_37244,0.0005469238935308417,358,0.0,0.005,0.0
u_37245,0.0,-1,0.0,,
u_37246,0.0,-1,0.0,,
u_37247,0.08417531978986129,4447,0.0,0.787,0.0
u_37248,0.13990015334957406,3032,0.0,0.908,0.0
u_37249,0.08417762938056476,3236,0.0,0.787,0.0
u_37250,0.03989330973494191,4297,0.0,0.787,0.0
u_37251,0.0,-1,0.0,,
u_37252,0.0,-1,0.0,,
u_37253,0.0,-1,0.0,,
u_37254,0.043034914056465874,5107,0.0,0.787,0.0
u_37255,0.0,-1,0.0,,
u_37256,0.0,-1,0.0,,
u_37257,0.0,-1,0.0,,
u_37258,0.0,-1,0.0,,
u_37259,0.021813855316009215,1200,0.0,0.421,0.0
u_37260,0.042130407716432006,4919,0.0,0.787,0.0
u_37261,0.0,-1,0.0,,
u_37262,0.0,-1,0.0,,
u_37263,0.0,-1,0.0,,
u_37264,0.0,-1,0.0,,
u_37265,0.0,-1,0.0,,
u_37266,0.0,-1,0.0,,
u_37267,0.0,-1,0.0,,
u_37268,0.04315056896244558,33,0.0,0.787,0.0
u_37269,0.0,-1,0.0,,
u_37270,0.0,-1,0.0,,
u_37271,0.0,-1,0.0,,
u_37272,0.0,-1,0.0,,
u_37273,0.0,-1,0.0,,
u_37274,0.0,-1,0.0,,
u_37275,0.0,-1,0.0,,
u_37276,0.0,-1,0.0,,
u_37277,0.0,-1,0.0,,
u_37278,0.0,-1,0.0,,
u_37279,0.03988779113049438,222,0.0,0.787,0.0
u_37280,0.08237014784976433,1439,0.0,0.787,0.0
u_37281,0.0,-1,0.0,,
u_37282,0.0,-1,0.0,,
u_37283,0.0,-1,0.0,,
u_37284,0.0,-1,0.0,,
u_37285,0.006685402034895215,2104,0.0,0.124,0.0
u_37286,0.0,-1,0.0,,
u_37287,0.08183883197141711,797,0.0,0.787,0.0
u_37288,0.0,-1,0.0,,
u_37289,0.0,-1,0.0,,
u_37290,0.0,-1,0.0,,
u_37291,0.0,-1,0.0,,
u_37292,0.0,-1,0.0,,
u_37293,0.0,-1,0.0,,
u_37294,0.0,-1,0.0,,
u_37295,0.0,-1,0.0,,
u_37296,0.0,-1,0.0,,
u_37297,0.0,-1,0.0,,
u_37298,0.0,-1,0.0,,
u_37299,0.0,-1,0.0,,
u_37300,0.07963594017408576,21,0.0,0.787,0.0
u_37301,0.03988835793047955,1858,0.0,0.787,0.0
u_37302,0.04436342429406699,2744,0.0,0.787,0.0
u_37303,0.01733987834268131,356,0.0,0.335,0.0
u_37304,0.015900973176203904,939,0.0,0.305,0.0
u_37305,0.043034914056465874,3806,0.0,0.787,0.0
u_37306,0.0,-1,0.0,,
u_37307,0.0,-1,0.0,,
u_37308,0.0,-1,0.0,,
u_37309,0.0405715905423103,76,0.0,0.787,0.0
u_37310,0.0,-1,0.0,,
u_37311,0.0001705781321420274,912,0.0,0.002,0.0
u_37312,0.043034914056465874,5501,0.0,0.787,0.0
u_37313,0.043034914056465874,6317,0.0,0.787,0.0
u_37314,0.0,-1,0.0,,
u_37315,0.0,-1,0.0,,
u_37316,0.0,-1,0.0,,
u_37317,0.0,-1,0.0,,
u_37318,0.0,-1,0.0,,
u_37319,0.0,-1,0.0,,
u_37320,0.0,-1,0.0,,
u_37321,0.0,-1,0.0,,
u_37322,0.0,-1,0.0,,
u_37323,0.043033971999750356,477,0.0,0.787,0.0
u_37324,0.0,-1,0.0,,
u_37325,0.0,-1,0.0,,
u_37326,0.0012106393620006262,2357,0.0,0.023,0.0
u_37327,0.0,-1,0.0,,
u_37328,0.0,-1,0.0,,
u_37329,0.0,-1,0.0,,
u_37330,0.0,-1,0.0,,
u_37331,0.0,-1,0.0,,
u_37332,0.043034914056465874,5133,0.0,0.787,0.0
u_37333,0.0,-1,0.0,,
u_37334,0.04058126834456948,1455,0.0,0.787,0.0
u_37335,0.0,-1,0.0,,
u_37336,0.043034914056465874,3111,0.0,0.787,0.0
u_37337,0.0,-1,0.0,,
u_37338,0.0,-1,0.0,,
u_37339,0.0,-1,0.0,,
u_37340,0.0,-1,0.0,,
u_37341,0.043034914056465874,6240,0.0,0.787,0.0
u_37342,0.0,-1,0.0,,
u_37343,0.0,-1,0.0,,
u_37344,0.0,-1,0.0,,
u_37345,0.0,-1,0.0,,
u_37346,0.0,-1,0.0,,
u_37347,0.0,-1,0.0,,
u_37348,0.043034914056465874,5718,0.0,0.787,0.0
u_37349,0.0,-1,0.0,,
u_37350,0.00022344682948930808,161,0.0,0.004,0.0
u_37351,0.0,-1,0.0,,
u_37352,0.0025121140243355967,40,0.0,0.024,0.0
u_37353,0.0,-1,0.0,,
u_37354,0.0,-1,0.0,,
u_37355,0.0,-1,0.0,,
u_37356,0.0,-1,0.0,,
u_37357,0.0,-1,0.0,,
u_37358,0.0,-1,0.0,,
u_37359,0.0,-1,0.0,,
u_37360,0.0,-1,0.0,,
u_37361,0.0,-1,0.0,,
u_37362,0.04437155742948602,2115,0.0,0.787,0.0
u_37363,0.043034914056465874,5841,0.0,0.787,0.0
u_37364,0.0,-1,0.0,,
u_37365,0.0,-1,0.0,,
u_37366,0.0,-1,0.0,,
u_37367,0.0,-1,0.0,,
u_37368,0.0,-1,0.0,,
u_37369,0.043034914056465874,5481,0.0,0.787,0.0
u_37370,0.0,-1,0.0,,
u_37371,0.0,-1,0.0,,
u_37372,0.0,-1,0.0,,
u_37373,0.0,-1,0.0,,
u_37374,0.0,-1,0.0,,
u_37375,0.0,-1,0.0,,
u_37376,0.0,-1,0.0,,
u_37377,0.0,-1,0.0,,
u_37378,0.0,-1,0.0,,
u_37379,0.07922027453562948,1214,0.0,0.787,0.0
u_37380,0.0,-1,0.0,,
u_37381,0.0,-1,0.0,,
u_37382,0.0,-1,0.0,,
u_37383,0.016235376296085603,4191,0.0,0.297,0.0
u_37384,0.0,-1,0.0,,
u_37385,0.0,-1,0.0,,
u_37386,0.04349096527270245,277,0.0,0.787,0.0
u_37387,0.0,-1,0.0,,
u_37388,0.0,-1,0.0,,
u_37389,0.0,-1,0.0,,
u_37390,0.0,-1,0.0,,
u_37391,0.043034914056465874,6283,0.0,0.787,0.0
u_37392,0.0,-1,0.0,,
u_37393,0.0,-1,0.0,,
u_37394,0.0,-1,0.0,,
u_37395,0.0,-1,0.0,,
u_37396,0.0,-1,0.0,,
u_37397,0.0,-1,0.0,,
u_37398,0.043034914056465874,5285,0.0,0.787,0.0
u_37399,0.0,-1,0.0,,
u_37400,0.0,-1,0.0,,
u_37401,0.00010114279749206497,1029,0.0,0.002,0.0
u_37402,0.0,-1,0.0,,
u_37403,0.043034914056465874,6279,0.0,0.787,0.0
u_37404,0.0,-1,0.0,,
u_37405,0.04037089626666422,378,0.0,0.787,0.0
u_37406,0.0,-1,0.0,,
u_37407,0.0,-1,0.0,,
u_37408,0.0427674252746935,1910,0.0,0.787,0.0
u_37409,0.0,-1,0.0,,
u_37410,0.0,-1,0.0,,
u_37411,0.0,-1,0.0,,
u_37412,0.0,-1,0.0,,
u_37413,0.0,-1,0.0,,
u_37414,0.0,-1,0.0,,
u_37415,0.0,-1,0.0,,
u_37416,0.0,-1,0.0,,
u_37417,0.043034914056465874,5738,0.0,0.787,0.0
u_37418,0.0398896138664377,2580,0.0,0.787,0.0
u_37419,0.0,-1,0.0,,
u_37420,0.0,-1,0.0,,
u_37421,0.043034914056465874,3300,0.0,0.787,0.0
u_37422,0.0,-1,0.0,,
u_37423,0.0,-1,0.0,,
u_37424,0.0,-1,0.0,,
u_37425,0.0,-1,0.0,,
u_37426,0.040085116142892965,161,0.0,0.787,0.0
u_37427,0.0,-1,0.0,,
u_37428,0.0,-1,0.0,,
u_37429,0.043034914056465874,4137,0.0,0.787,0.0
u_37430,0.048443363586955196,4688,0.0,0.885,0.0
u_37431,0.0,-1,0.0,,
u_37432,0.0,-1,0.0,,
u_37433,0.0,-1,0.0,,
u_37434,0.043034914056465874,5739,0.0,0.787,0.0
u_37435,0.0,-1,0.0,,
u_37436,0.0,-1,0.0,,
u_37437,0.0,-1,0.0,,
u_37438,0.0,-1,0.0,,
u_37439,0.0,-1,0.0,,
u_37440,0.0,-1,0.0,,
u_37441,0.0,-1,0.0,,
u_37442,0.0,-1,0.0,,
u_37443,0.0,-1,0.0,,
u_37444,0.0,-1,0.0,,
u_37445,0.0,-1,0.0,,
u_37446,0.0,-1,0.0,,
u_37447,0.0001607432918831802,1406,0.0,0.003,0.0
u_37448,0.0,-1,0.0,,
u_37449,0.0,-1,0.0,,
u_37450,0.0,-1,0.0,,
u_37451,0.0,-1,0.0,,
u_37452,0.0,-1,0.0,,
u_37453,0.0,-1,0.0,,
u_37454,0.0,-1,0.0,,
u_37455,0.0,-1,0.0,,
u_37456,0.0,-1,0.0,,
u_37457,0.0,-1,0.0,,
u_37458,0.043034914056465874,4409,0.0,0.787,0.0
u_37459,0.0,-1,0.0,,
u_37460,0.0,-1,0.0,,
u_37461,0.0,-1,0.0,,
u_37462,0.04363701898807044,99,0.0,0.787,0.0
u_37463,0.043034914056465874,6318,0.0,0.787,0.0
u_37464,0.0,-1,0.0,,
u_37465,0.0,-1,0.0,,
u_37466,0.0,-1,0.0,,
u_37467,0.0,-1,0.0,,
u_37468,0.0,-1,0.0,,
u_37469,0.0,-1,0.0,,
u_37470,0.0,-1,0.0,,
u_37471,0.040573201163621356,3768,0.0,0.787,0.0
u_37472,0.0,-1,0.0,,
u_37473,0.0,-1,0.0,,
u_37474,0.0,-1,0.0,,
u_37475,0.07993458115718097,1914,0.0,0.787,0.0
u_37476,0.043034914056465874,2677,0.0,0.787,0.0
u_37477,0.0,-1,0.0,,
u_37478,0.0911393197681062,2044,0.0,0.843,0.0
u_37479,0.05110509112312817,332,0.0,0.495,0.0
u_37480,0.03988752155999855,1250,0.0,0.787,0.0
u_37481,0.0,-1,0.0,,
u_37482,0.0,-1,0.0,,
u_37483,0.0,-1,0.0,,
u_37484,0.003542232773652817,3434,0.0,0.065,0.0
u_37485,0.0,-1,0.0,,
u_37486,0.0,-1,0.0,,
u_37487,0.0,-1,0.0,,
u_37488,0.0,-1,0.0,,
u_37489,0.0,-1,0.0,,
u_37490,0.0007702437921210745,950,0.0,0.014,0.0
u_37491,0.0,-1,0.0,,
u_37492,0.0,-1,0.0,,
u_37493,0.12169770016312123,5078,0.0,0.787,0.0
u_37494,0.0,-1,0.0,,
u_37495,0.0,-1,0.0,,
u_37496,0.0,-1,0.0,,
u_37497,0.0,-1,0.0,,
u_37498,0.0,-1,0.0,,
u_37499,0.0,-1,0.0,,
u_37500,0.0,-1,0.0,,
u_37501,0.03988775563449742,586,0.0,0.787,0.0
u_37502,0.0,-1,0.0,,
u_37503,0.043034914056465874,2273,0.0,0.787,0.0
u_37504,0.0,-1,0.0,,
u_37505,0.043034914056465874,5395,0.0,0.787,0.0
u_37506,0.0,-1,0.0,,
u_37507,0.0,-1,0.0,,
u_37508,0.0,-1,0.0,,
u_37509,0.0,-1,0.0,,
u_37510,0.0,-1,0.0,,
u_37511,0.0,-1,0.0,,
u_37512,0.0,-1,0.0,,
u_37513,0.08417531978986129,1960,0.0,0.787,0.0
u_37514,0.0,-1,0.0,,
u_37515,0.0,-1,0.0,,
u_37516,0.0,-1,0.0,,
u_37517,0.043034914056465874,239,0.0,0.787,0.0
u_37518,0.043034914056465874,4788,0.0,0.787,0.0
u_37519,0.0,-1,0.0,,
u_37520,0.0,-1,0.0,,
u_37521,0.0,-1,0.0,,
u_37522,0.0,-1,0.0,,
u_37523,0.043034914056465874,5566,0.0,0.787,0.0
u_37524,0.04057224192466647,2525,0.0,0.787,0.0
u_37525,8.30738743576525e-05,280,0.0,0.002,0.0
u_37526,0.0,-1,0.0,,
u_37527,0.0025936408819092665,3231,0.0,0.047,0.0
u_37528,0.043034914056465874,6056,0.0,0.787,0.0
u_37529,0.0,-1,0.0,,
u_37530,0.0,-1,0.0,,
u_37531,0.0,-1,0.0,,
u_37532,0.004842118932673997,3201,0.0,0.045,0.0
u_37533,0.027527860553763956,467,0.0,0.517,0.0
u_37534,0.0,-1,0.0,,
u_37535,0.0,-1,0.0,,
u_37536,0.0,-1,0.0,,
u_37537,0.043034914056465874,5740,0.0,0.787,0.0
u_37538,0.0,-1,0.0,,
u_37539,0.043034914056465874,5996,0.0,0.787,0.0
u_37540,0.0,-1,0.0,,
u_37541,0.0,-1,0.0,,
u_37542,0.0,-1,0.0,,
u_37543,0.0,-1,0.0,,
u_37544,0.0,-1,0.0,,
u_37545,0.0,-1,0.0,,
u_37546,0.0,-1,0.0,,
u_37547,0.0028992607115455957,3300,0.0,0.053,0.0
u_37548,0.0,-1,0.0,,
u_37549,0.0,-1,0.0,,
u_37550,0.0033041562305343216,3388,0.0,0.06,0.0
u_37551,0.0,-1,0.0,,
u_37552,0.08352092345044583,4631,0.0,0.781,0.0
u_37553,0.03989010347050683,1697,0.0,0.787,0.0
u_37554,0.0,-1,0.0,,
u_37555,0.0,-1,0.0,,
u_37556,0.0,-1,0.0,,
u_37557,0.08198167454867378,800,0.0,0.787,0.0
u_37558,0.043034914056465874,6319,0.0,0.787,0.0
u_37559,0.0,-1,0.0,,
u_37560,0.0012932166648867668,2838,0.0,0.024,0.0
u_37561,0.0013259995774329452,485,0.0,0.025,0.0
u_37562,0.0,-1,0.0,,
u_37563,0.0,-1,0.0,,
u_37564,0.00017733838318144426,1477,0.0,0.003,0.0
u_37565,0.043034914056465874,3321,0.0,0.787,0.0
u_37566,0.0,-1,0.0,,
u_37567,0.0,-1,0.0,,
u_37568,0.0,-1,0.0,,
u_37569,0.0,-1,0.0,,
u_37570,0.043034914056465874,6320,0.0,0.787,0.0
u_37571,0.03989249712597112,2690,0.0,0.787,0.0
u_37572,0.041352262640290155,89,0.0,0.787,0.0
u_37573,0.0,-1,0.0,,
u_37574,0.0,-1,0.0,,
u_37575,0.0,-1,0.0,,
u_37576,0.0,-1,0.0,,
u_37577,0.0,-1,0.0,,
u_37578,0.043034914056465874,2726,0.0,0.787,0.0
u_37579,0.0012339449876585492,1220,0.0,0.023,0.0
u_37580,0.0,-1,0.0,,
u_37581,0.043034914056465874,6198,0.0,0.787,0.0
u_37582,0.0,-1,0.0,,
u_37583,0.006563019448375615,3152,0.0,0.041,0.0
u_37584,0.0,-1,0.0,,
u_37585,0.03988871016944454,71,0.0,0.787,0.0
u_37586,0.0,-1,0.0,,
u_37587,0.0,-1,0.0,,
u_37588,0.0,-1,0.0,,
u_37589,0.0,-1,0.0,,
u_37590,0.0,-1,0.0,,
u_37591,0.0,-1,0.0,,
u_37592,0.0,-1,0.0,,
u_37593,0.0,-1,0.0,,
u_37594,0.0,-1,0.0,,
u_37595,0.0,-1,0.0,,
u_37596,0.0,-1,0.0,,
u_37597,0.0,-1,0.0,,
u_37598,0.043034914056465874,6168,0.0,0.787,0.0
u_37599,0.0,-1,0.0,,
u_37600,0.0,-1,0.0,,
u_37601,0.0,-1,0.0,,
u_37602,0.0,-1,0.0,,
u_37603,0.03684554220316759,4580,0.0,0.673,0.0
u_37604,0.0,-1,0.0,,
u_37605,0.0,-1,0.0,,
u_37606,0.039890408959218616,1931,0.0,0.787,0.0
u_37607,0.0,-1,0.0,,
u_37608,0.0,-1,0.0,,
u_37609,0.039890148291256484,3437,0.0,0.787,0.0
u_37610,0.0,-1,0.0,,
u_37611,0.0,-1,0.0,,
u_37612,0.0,-1,0.0,,
u_37613,0.0,-1,0.0,,
u_37614,0.03988874614126163,2743,0.0,0.787,0.0
u_37615,0.0,-1,0.0,,
u_37616,0.030337209435455047,77,0.0,0.563,0.0
u_37617,0.000607968461275661,2356,0.0,0.011,0.0
u_37618,0.0,-1,0.0,,
u_37619,0.08520502794525416,571,0.0,0.833,0.0
u_37620,0.04356577167796616,3032,0.0,0.787,0.0
u_37621,0.0,-1,0.0,,
u_37622,0.0,-1,0.0,,
u_37623,0.0,-1,0.0,,
u_37624,0.0,-1,0.0,,
u_37625,0.0,-1,0.0,,
u_37626,0.0,-1,0.0,,
u_37627,0.0,-1,0.0,,
u_37628,0.044371911045216525,4284,0.0,0.787,0.0
u_37629,0.0,-1,0.0,,
u_37630,0.0,-1,0.0,,
u_37631,0.0,-1,0.0,,
u_37632,0.0,-1,0.0,,
u_37633,0.042130407716432006,5721,0.0,0.787,0.0
u_37634,0.0,-1,0.0,,
u_37635,0.039888833385685406,93,0.0,0.787,0.0
u_37636,0.0,-1,0.0,,
u_37637,0.0,-1,0.0,,
u_37638,0.009398849705201804,3957,0.0,0.172,0.0
u_37639,0.08236630710979355,5249,0.0,0.787,0.0
u_37640,0.0003326496248312661,1933,0.0,0.006,0.0
u_37641,0.043034914056465874,2257,0.0,0.787,0.0
u_37642,0.0,-1,0.0,,
u_37643,0.0,-1,0.0,,
u_37644,0.0,-1,0.0,,
u_37645,0.0,-1,0.0,,
u_37646,0.0,-1,0.0,,
u_37647,0.043034914056465874,5151,0.0,0.787,0.0
u_37648,0.0,-1,0.0,,
u_37649,0.0,-1,0.0,,
u_37650,0.03988811455982641,3565,0.0,0.787,0.0
u_37651,0.0,-1,0.0,,
u_37652,0.0,-1,0.0,,
u_37653,0.0,-1,0.0,,
u_37654,0.0,-1,0.0,,
u_37655,0.0,-1,0.0,,
u_37656,0.0,-1,0.0,,
u_37657,0.043034914056465874,5372,0.0,0.787,0.0
u_37658,0.0,-1,0.0,,
u_37659,0.043034914056465874,5741,0.0,0.787,0.0
u_37660,0.03988981993556904,5,0.0,0.787,0.0
u_37661,0.0,-1,0.0,,
u_37662,0.0,-1,0.0,,
u_37663,0.0,-1,0.0,,
u_37664,0.0,-1,0.0,,
u_37665,0.0,-1,0.0,,
u_37666,0.0036111459795011786,49,0.0,0.035,0.0
u_37667,0.0,-1,0.0,,
u_37668,0.043034914056465874,2800,0.0,0.787,0.0
u_37669,0.0,-1,0.0,,
u_37670,0.0,-1,0.0,,
u_37671,0.0,-1,0.0,,
u_37672,0.0,-1,0.0,,
u_37673,0.0,-1,0.0,,
u_37674,0.0,-1,0.0,,
u_37675,0.0,-1,0.0,,
u_37676,0.043034914056465874,5428,0.0,0.787,0.0
u_37677,0.0,-1,0.0,,
u_37678,0.031400900367731265,1053,0.0,0.583,0.0
u_37679,0.07978062771266582,1354,0.0,0.787,0.0
u_37680,0.0,-1,0.0,,
u_37681,0.043034914056465874,5742,0.0,0.787,0.0
u_37682,0.0,-1,0.0,,
u_37683,0.0,-1,0.0,,
u_37684,0.043034914056465874,6050,0.0,0.787,0.0
u_37685,0.0,-1,0.0,,
u_37686,0.042302975279862286,1010,0.0,0.787,0.0
u_37687,0.0,-1,0.0,,
u_37688,0.0,-1,0.0,,
u_37689,0.0,-1,0.0,,
u_37690,0.043034914056465874,3575,0.0,0.787,0.0
u_37691,0.04276414150022472,143,0.0,0.787,0.0
u_37692,0.0,-1,0.0,,
u_37693,0.0,-1,0.0,,
u_37694,0.0,-1,0.0,,
u_37695,0.0002541237698444997,1741,0.0,0.005,0.0
u_37696,0.0,-1,0.0,,
u_37697,0.0,-1,0.0,,
u_37698,0.0001732985797512974,1468,0.0,0.003,0.0
u_37699,0.0040836370573517165,3508,0.0,0.075,0.0
u_37700,0.0,-1,0.0,,
u_37701,0.0217653106449391,1378,0.0,0.394,0.0
u_37702,0.0,-1,0.0,,
u_37703,0.0,-1,0.0,,
u_37704,0.043034914056465874,5565,0.0,0.787,0.0
u_37705,0.0,-1,0.0,,
u_37706,0.0,-1,0.0,,
u_37707,0.043034914056465874,4696,0.0,0.787,0.0
u_37708,0.05315008688871073,4732,0.0,0.972,0.0
u_37709,0.0,-1,0.0,,
u_37710,0.0,-1,0.0,,
u_37711,0.0,-1,0.0,,
u_37712,0.0,-1,0.0,,
u_37713,0.08417531978986129,2156,0.0,0.787,0.0
u_37714,0.0,-1,0.0,,
u_37715,9.949746283808296e-05,1015,0.0,0.002,0.0
u_37716,0.04037082338298098,391,0.0,0.787,0.0
u_37717,0.0,-1,0.0,,
u_37718,0.0,-1,0.0,,
u_37719,0.0,-1,0.0,,
u_37720,0.0,-1,0.0,,
u_37721,0.08236140572218448,3491,0.0,0.787,0.0
u_37722,0.0,-1,0.0,,
u_37723,0.05078109490457303,4410,0.0,0.475,0.0
u_37724,0.0,-1,0.0,,
u_37725,0.0,-1,0.0,,
u_37726,0.0,-1,0.0,,
u_37727,0.043034914056465874,6321,0.0,0.787,0.0
u_37728,0.0,-1,0.0,,
u_37729,0.0,-1,0.0,,
u_37730,0.0,-1,0.0,,
u_37731,0.0,-1,0.0,,
u_37732,0.0,-1,0.0,,
u_37733,0.0,-1,0.0,,
u_37734,0.0,-1,0.0,,
u_37735,0.0,-1,0.0,,
u_37736,0.0,-1,0.0,,
u_37737,0.0,-1,0.0,,
u_37738,0.0,-1,0.0,,
u_37739,0.0,-1,0.0,,
u_37740,0.0,-1,0.0,,
u_37741,0.043034914056465874,5242,0.0,0.787,0.0
u_37742,0.0,-1,0.0,,
u_37743,0.0,-1,0.0,,
u_37744,0.0,-1,0.0,,
u_37745,0.0,-1,0.0,,
u_37746,0.0,-1,0.0,,
u_37747,0.043034914056465874,5435,0.0,0.787,0.0
u_37748,0.0,-1,0.0,,
u_37749,0.0,-1,0.0,,
u_37750,0.0,-1,0.0,,
u_37751,0.0003004074135986806,1857,0.0,0.005,0.0
u_37752,0.043034914056465874,6243,0.0,0.787,0.0
u_37753,0.0,-1,0.0,,
u_37754,0.0,-1,0.0,,
u_37755,0.0,-1,0.0,,
u_37756,0.0,-1,0.0,,
u_37757,0.0,-1,0.0,,
u_37758,0.0,-1,0.0,,
u_37759,0.0,-1,0.0,,
u_37760,0.0,-1,0.0,,
u_37761,0.0,-1,0.0,,
u_37762,0.00011327767903619509,61,0.0,0.001,0.0
u_37763,0.0,-1,0.0,,
u_37764,0.0,-1,0.0,,
u_37765,0.08076092568241085,89,0.0,0.787,0.0
u_37766,0.043034914056465874,51,0.0,0.787,0.0
u_37767,0.07963136386906794,1172,0.0,0.787,0.0
u_37768,0.0,-1,0.0,,
u_37769,0.0,-1,0.0,,
u_37770,0.0,-1,0.0,,
u_37771,0.0,-1,0.0,,
u_37772,0.0,-1,0.0,,
u_37773,0.0,-1,0.0,,
u_37774,0.0,-1,0.0,,
u_37775,0.06922896761510952,4565,0.0,0.647,0.0
u_37776,5.448989871221186e-05,381,0.0,0.001,0.0
u_37777,0.0,-1,0.0,,
u_37778,0.0,-1,0.0,,
u_37779,0.0,-1,0.0,,
u_37780,0.0,-1,0.0,,
u_37781,0.043034914056465874,5743,0.0,0.787,0.0
u_37782,0.0,-1,0.0,,
u_37783,0.0,-1,0.0,,
u_37784,0.03988962071947538,259,0.0,0.787,0.0
u_37785,0.0,-1,0.0,,
u_37786,0.0413736939109032,112,0.0,0.787,0.0
u_37787,0.04437266532058762,594,0.0,0.787,0.0
u_37788,0.043034914056465874,5679,0.0,0.787,0.0
u_37789,0.0,-1,0.0,,
u_37790,0.0,-1,0.0,,
u_37791,0.0,-1,0.0,,
u_37792,0.0,-1,0.0,,
u_37793,0.0,-1,0.0,,
u_37794,0.08467820622100451,262,0.0,0.787,0.0
u_37795,0.0,-1,0.0,,
u_37796,0.0,-1,0.0,,
u_37797,0.001005149417745814,2145,0.0,0.018,0.0
u_37798,0.0,-1,0.0,,
u_37799,0.041361374981104274,96,0.0,0.787,0.0
u_37800,0.0,-1,0.0,,
u_37801,0.043034914056465874,6069,0.0,0.787,0.0
u_37802,0.0,-1,0.0,,
u_37803,0.0,-1,0.0,,
u_37804,0.0,-1,0.0,,
u_37805,0.0,-1,0.0,,
u_37806,0.0,-1,0.0,,
u_37807,0.0,-1,0.0,,
u_37808,0.0,-1,0.0,,
u_37809,0.0,-1,0.0,,
u_37810,0.04349285079093794,4640,0.0,0.795,0.0
u_37811,0.0,-1,0.0,,
u_37812,0.0,-1,0.0,,
u_37813,0.0,-1,0.0,,
u_37814,0.0,-1,0.0,,
u_37815,0.0,-1,0.0,,
u_37816,0.0,-1,0.0,,
u_37817,0.0,-1,0.0,,
u_37818,0.03988750695082526,4214,0.0,0.787,0.0
u_37819,0.0006098248373155948,2361,0.0,0.011,0.0
u_37820,0.0,-1,0.0,,
u_37821,0.0,-1,0.0,,
u_37822,0.0,-1,0.0,,
u_37823,0.043034914056465874,6247,0.0,0.787,0.0
u_37824,0.043034914056465874,5917,0.0,0.787,0.0
u_37825,0.043034914056465874,5689,0.0,0.787,0.0
u_37826,0.0,-1,0.0,,
u_37827,0.0,-1,0.0,,
u_37828,0.0,-1,0.0,,
u_37829,0.0,-1,0.0,,
u_37830,0.0,-1,0.0,,
u_37831,0.0,-1,0.0,,
u_37832,0.0,-1,0.0,,
u_37833,0.0,-1,0.0,,
u_37834,0.0,-1,0.0,,
u_37835,0.08180025125531158,49,0.0,0.787,0.0
u_37836,0.08417531978986129,1697,0.0,0.787,0.0
u_37837,0.0,-1,0.0,,
u_37838,0.0,-1,0.0,,
u_37839,0.0,-1,0.0,,
u_37840,0.039889148252104344,2957,0.0,0.787,0.0
u_37841,0.043034914056465874,6315,0.0,0.787,0.0
u_37842,0.0,-1,0.0,,
u_37843,0.0,-1,0.0,,
u_37844,0.0,-1,0.0,,
u_37845,0.04357420842991466,1876,0.0,0.787,0.0
u_37846,0.0,-1,0.0,,
u_37847,0.0,-1,0.0,,
u_37848,0.043034914056465874,1813,0.0,0.787,0.0
u_37849,0.0,-1,0.0,,
u_37850,0.0,-1,0.0,,
u_37851,0.0,-1,0.0,,
u_37852,0.0,-1,0.0,,
u_37853,0.0,-1,0.0,,
u_37854,0.024921328026352083,4384,0.0,0.456,0.0
u_37855,0.043034914056465874,2492,0.0,0.787,0.0
u_37856,0.043034914056465874,5675,0.0,0.787,0.0
u_37857,0.0,-1,0.0,,
u_37858,0.0,-1,0.0,,
u_37859,0.0,-1,0.0,,
u_37860,0.0,-1,0.0,,
u_37861,0.0,-1,0.0,,
u_37862,0.03989199809166001,1498,0.0,0.787,0.0
u_37863,0.0,-1,0.0,,
u_37864,0.0,-1,0.0,,
u_37865,0.0,-1,0.0,,
u_37866,0.0,-1,0.0,,
u_37867,0.0,-1,0.0,,
u_37868,0.08393122221606027,189,0.0,0.787,0.0
u_37869,0.0,-1,0.0,,
u_37870,0.0,-1,0.0,,
u_37871,0.043034914056465874,4857,0.0,0.787,0.0
u_37872,0.08270510574586432,1524,0.0,0.787,0.0
u_37873,0.0,-1,0.0,,
u_37874,0.0,-1,0.0,,
u_37875,0.0,-1,0.0,,
u_37876,0.0,-1,0.0,,
u_37877,0.043034914056465874,5241,0.0,0.787,0.0
u_37878,0.0,-1,0.0,,
u_37879,0.0,-1,0.0,,
u_37880,0.0,-1,0.0,,
u_37881,0.0,-1,0.0,,
u_37882,0.03988978447811121,139,0.0,0.787,0.0
u_37883,0.043034914056465874,2170,0.0,0.787,0.0
u_37884,0.0,-1,0.0,,
u_37885,0.043034914056465874,5227,0.0,0.787,0.0
u_37886,0.0,-1,0.0,,
u_37887,0.045466038281400965,185,0.0,0.787,0.0
u_37888,0.0,-1,0.0,,
u_37889,0.0,-1,0.0,,
u_37890,0.043034914056465874,2818,0.0,0.787,0.0
u_37891,0.039887657761039814,1553,0.0,0.787,0.0
u_37892,0.03988777034468358,89,0.0,0.787,0.0
u_37893,0.04267259399346,2489,0.0,0.787,0.0
u_37894,0.0,-1,0.0,,
u_37895,0.04054404071143324,643,0.0,0.787,0.0
u_37896,0.07963145176697854,952,0.0,0.787,0.0
u_37897,0.00840526241152964,3871,0.0,0.149,0.0
u_37898,0.0,-1,0.0,,
u_37899,0.0,-1,0.0,,
u_37900,0.0,-1,0.0,,
u_37901,0.0,-1,0.0,,
u_37902,0.0,-1,0.0,,
u_37903,0.043034914056465874,730,0.0,0.787,0.0
u_37904,0.04343367079680255,1944,0.0,0.787,0.0
u_37905,0.0,-1,0.0,,
u_37906,0.04437260667309845,3337,0.0,0.787,0.0
u_37907,0.0,-1,0.0,,
u_37908,0.0,-1,0.0,,
u_37909,0.0,-1,0.0,,
u_37910,0.040857944006428795,807,0.0,0.787,0.0
u_37911,0.0,-1,0.0,,
u_37912,0.008534962272124141,3900,0.0,0.156,0.0
u_37913,0.0,-1,0.0,,
u_37914,0.0,-1,0.0,,
u_37915,0.0,-1,0.0,,
u_37916,0.0,-1,0.0,,
u_37917,0.0,-1,0.0,,
u_37918,4.945915677679329e-05,250,0.0,0.001,0.0
u_37919,0.043034914056465874,6322,0.0,0.787,0.0
u_37920,0.0,-1,0.0,,
u_37921,0.0,-1,0.0,,
u_37922,0.0,-1,0.0,,
u_37923,0.0,-1,0.0,,
u_37924,0.0,-1,0.0,,
u_37925,0.002292921014523411,3160,0.0,0.042,0.0
u_37926,0.0,-1,0.0,,
u_37927,0.043034914056465874,735,0.0,0.787,0.0
u_37928,0.0,-1,0.0,,
u_37929,0.047139610630505244,697,0.0,0.448,0.0
u_37930,0.0,-1,0.0,,
u_37931,0.0,-1,0.0,,
u_37932,0.0,-1,0.0,,
u_37933,0.0,-1,0.0,,
u_37934,0.0,-1,0.0,,
u_37935,0.0,-1,0.0,,
u_37936,0.043034914056465874,6306,0.0,0.787,0.0
u_37937,0.0,-1,0.0,,
u_37938,0.043034914056465874,5638,0.0,0.787,0.0
u_37939,0.0,-1,0.0,,
u_37940,0.043034914056465874,6161,0.0,0.787,0.0
u_37941,0.0,-1,0.0,,
u_37942,0.0,-1,0.0,,
u_37943,0.0,-1,0.0,,
u_37944,0.0,-1,0.0,,
u_37945,0.0,-1,0.0,,
u_37946,0.0,-1,0.0,,
u_37947,0.043034914056465874,6299,0.0,0.787,0.0
u_37948,0.043034914056465874,5677,0.0,0.787,0.0
u_37949,0.009961336369731351,676,0.0,0.196,0.0
u_37950,0.0,-1,0.0,,
u_37951,0.0,-1,0.0,,
u_37952,0.0,-1,0.0,,
u_37953,0.0,-1,0.0,,
u_37954,0.08417531978986129,2530,0.0,0.787,0.0
u_37955,0.0,-1,0.0,,
u_37956,0.0,-1,0.0,,
u_37957,0.0,-1,0.0,,
u_37958,0.0,-1,0.0,,
u_37959,0.0,-1,0.0,,
u_37960,0.001645790739220727,697,0.0,0.016,0.0
u_37961,0.0,-1,0.0,,
u_37962,0.0428632102879847,1315,0.0,0.787,0.0
u_37963,0.0,-1,0.0,,
u_37964,0.0006551985821107095,2096,0.0,0.013,0.0
u_37965,0.0,-1,0.0,,
u_37966,0.043034914056465874,5823,0.0,0.787,0.0
u_37967,0.043034914056465874,4210,0.0,0.787,0.0
u_37968,0.0,-1,0.0,,
u_37969,0.0414076634784959,53,0.0,0.787,0.0
u_37970,0.0,-1,0.0,,
u_37971,0.043034914056465874,4274,0.0,0.787,0.0
u_37972,0.043034914056465874,5119,0.0,0.787,0.0
u_37973,0.0,-1,0.0,,
u_37974,0.0,-1,0.0,,
u_37975,0.0,-1,0.0,,
u_37976,0.0,-1,0.0,,
u_37977,0.0,-1,0.0,,
u_37978,0.0,-1,0.0,,
u_37979,0.043034914056465874,2000,0.0,0.787,0.0
u_37980,0.0,-1,0.0,,
u_37981,0.0,-1,0.0,,
u_37982,0.0,-1,0.0,,
u_37983,0.0019060644458524388,3044,0.0,0.034,0.0
u_37984,0.0,-1,0.0,,
u_37985,0.0,-1,0.0,,
u_37986,0.0,-1,0.0,,
u_37987,0.0,-1,0.0,,
u_37988,0.0,-1,0.0,,
u_37989,0.0,-1,0.0,,
u_37990,0.0,-1,0.0,,
u_37991,0.0,-1,0.0,,
u_37992,0.043034914056465874,4468,0.0,0.787,0.0
u_37993,0.0,-1,0.0,,
u_37994,0.043034914056465874,5096,0.0,0.787,0.0
u_37995,0.0,-1,0.0,,
u_37996,0.0,-1,0.0,,
u_37997,0.0,-1,0.0,,
u_37998,0.0,-1,0.0,,
u_37999,0.0,-1,0.0,,
u_38000,0.0,-1,0.0,,
u_38001,0.039887948876779086,4664,0.0,0.787,0.0
u_38002,0.043034914056465874,6323,0.0,0.787,0.0
u_38003,0.0,-1,0.0,,
u_38004,0.0,-1,0.0,,
u_38005,0.0,-1,0.0,,
u_38006,0.0,-1,0.0,,
u_38007,0.0037220241876108934,564,0.0,0.035,0.0
u_38008,0.0,-1,0.0,,
u_38009,0.052734454282874293,7,0.0,0.787,0.0
u_38010,0.043034914056465874,5643,0.0,0.787,0.0
u_38011,0.043034914056465874,5744,0.0,0.787,0.0
u_38012,0.0,-1,0.0,,
u_38013,0.03860060303714778,4589,0.0,0.706,0.0
u_38014,0.00022046121775300416,1649,0.0,0.004,0.0
u_38015,0.0,-1,0.0,,
u_38016,0.0,-1,0.0,,
u_38017,0.08417613075160654,2978,0.0,0.787,0.0
u_38018,0.043034914056465874,4112,0.0,0.787,0.0
u_38019,0.0,-1,0.0,,
u_38020,0.0,-1,0.0,,
u_38021,0.0,-1,0.0,,
u_38022,0.0,-1,0.0,,
u_38023,0.0,-1,0.0,,
u_38024,0.0,-1,0.0,,
u_38025,0.0407360088611932,56,0.0,0.787,0.0
u_38026,0.0,-1,0.0,,
u_38027,0.0,-1,0.0,,
u_38028,0.0,-1,0.0,,
u_38029,0.0,-1,0.0,,
u_38030,0.04195458187670243,3633,0.0,0.787,0.0
u_38031,0.04518361334260769,550,0.0,0.787,0.0
u_38032,0.0,-1,0.0,,
u_38033,0.039892003276622984,194,0.0,0.787,0.0
u_38034,0.043034914056465874,5031,0.0,0.787,0.0
u_38035,0.0,-1,0.0,,
u_38036,0.043034914056465874,6273,0.0,0.787,0.0
u_38037,0.0003600711448312147,162,0.0,0.007,0.0
u_38038,0.0,-1,0.0,,
u_38039,0.03989242946375259,765,0.0,0.787,0.0
u_38040,0.043034914056465874,5703,0.0,0.787,0.0
u_38041,0.0,-1,0.0,,
u_38042,0.0,-1,0.0,,
u_38043,0.0067962603830919914,3778,0.0,0.124,0.0
u_38044,0.0,-1,0.0,,
u_38045,0.0,-1,0.0,,
u_38046,0.043034914056465874,3465,0.0,0.787,0.0
u_38047,7.378613677915446e-05,716,0.0,0.001,0.0
u_38048,0.0,-1,0.0,,
u_38049,0.0,-1,0.0,,
u_38050,0.0,-1,0.0,,
u_38051,0.03988840272823929,2462,0.0,0.787,0.0
u_38052,0.0,-1,0.0,,
u_38053,0.0,-1,0.0,,
u_38054,0.0,-1,0.0,,
u_38055,0.002861037370163341,2111,0.0,0.027,0.0
u_38056,0.0,-1,0.0,,
u_38057,0.0,-1,0.0,,
u_38058,0.03989035316928189,1414,0.0,0.787,0.0
u_38059,0.043034914056465874,5872,0.0,0.787,0.0
u_38060,0.0006485192625019054,2402,0.0,0.012,0.0
u_38061,0.0,-1,0.0,,
u_38062,0.0,-1,0.0,,
u_38063,0.0,-1,0.0,,
u_38064,0.0,-1,0.0,,
u_38065,0.0,-1,0.0,,
u_38066,0.0,-1,0.0,,
u_38067,0.04172218878610989,2104,0.0,0.787,0.0
u_38068,0.0,-1,0.0,,
u_38069,0.0,-1,0.0,,
u_38070,0.03988875408573323,4488,0.0,0.787,0.0
u_38071,0.043034914056465874,5878,0.0,0.787,0.0
u_38072,0.0,-1,0.0,,
u_38073,0.0,-1,0.0,,
u_38074,0.0,-1,0.0,,
u_38075,0.0,-1,0.0,,
u_38076,0.0,-1,0.0,,
u_38077,0.0,-1,0.0,,
u_38078,0.04330537081676058,4638,0.0,0.792,0.0
u_38079,0.0,-1,0.0,,
u_38080,0.0,-1,0.0,,
u_38081,0.08550980294584155,4357,0.0,0.787,0.0
u_38082,0.0,-1,0.0,,
u_38083,0.0003529090104600292,1994,0.0,0.006,0.0
u_38084,0.0,-1,0.0,,
u_38085,0.043034914056465874,6261,0.0,0.787,0.0
u_38086,0.0,-1,0.0,,
u_38087,0.0,-1,0.0,,
u_38088,0.0,-1,0.0,,
u_38089,0.0,-1,0.0,,
u_38090,0.0,-1,0.0,,
u_38091,0.0,-1,0.0,,
u_38092,0.0,-1,0.0,,
u_38093,0.0,-1,0.0,,
u_38094,0.0,-1,0.0,,
u_38095,0.043034914056465874,5894,0.0,0.787,0.0
u_38096,0.0,-1,0.0,,
u_38097,0.0,-1,0.0,,
u_38098,0.0,-1,0.0,,
u_38099,0.0,-1,0.0,,
u_38100,0.0,-1,0.0,,
u_38101,0.0,-1,0.0,,
u_38102,0.013955194863644313,2015,0.0,0.274,0.0
u_38103,0.0,-1,0.0,,
u_38104,0.0,-1,0.0,,
u_38105,0.043034914056465874,3550,0.0,0.787,0.0
u_38106,0.0,-1,0.0,,
u_38107,0.043034914056465874,6277,0.0,0.787,0.0
u_38108,0.0,-1,0.0,,
u_38109,0.0,-1,0.0,,
u_38110,0.08417531978986129,2455,0.0,0.787,0.0
u_38111,0.0025207105072242307,3213,0.0,0.046,0.0
u_38112,0.0,-1,0.0,,
u_38113,0.0,-1,0.0,,
u_38114,0.0,-1,0.0,,
u_38115,0.0,-1,0.0,,
u_38116,0.0,-1,0.0,,
u_38117,0.0,-1,0.0,,
u_38118,0.03988801864019265,2835,0.0,0.787,0.0
u_38119,0.0,-1,0.0,,
u_38120,0.0,-1,0.0,,
u_38121,0.0,-1,0.0,,
u_38122,0.043034914056465874,2173,0.0,0.787,0.0
u_38123,0.01483575869777428,4168,0.0,0.282,0.0
u_38124,0.0,-1,0.0,,
u_38125,0.0,-1,0.0,,
u_38126,0.0,-1,0.0,,
u_38127,0.040572682346508786,3208,0.0,0.787,0.0
u_38128,0.0,-1,0.0,,
u_38129,0.0,-1,0.0,,
u_38130,0.0,-1,0.0,,
u_38131,0.04087024690597222,2128,0.0,0.787,0.0
u_38132,0.0,-1,0.0,,
u_38133,0.0,-1,0.0,,
u_38134,0.0,-1,0.0,,
u_38135,0.0,-1,0.0,,
u_38136,0.043034914056465874,5543,0.0,0.787,0.0
u_38137,0.0,-1,0.0,,
u_38138,0.0,-1,0.0,,
u_38139,0.0,-1,0.0,,
u_38140,0.040914203565785824,3416,0.0,0.787,0.0
u_38141,0.0,-1,0.0,,
u_38142,0.0,-1,0.0,,
u_38143,0.0,-1,0.0,,
u_38144,0.043034914056465874,3074,0.0,0.787,0.0
u_38145,0.0,-1,0.0,,
u_38146,0.04048156469176235,89,0.0,0.787,0.0
u_38147,0.0,-1,0.0,,
u_38148,0.0,-1,0.0,,
u_38149,0.0,-1,0.0,,
u_38150,0.0,-1,0.0,,
u_38151,0.0,-1,0.0,,
u_38152,0.0,-1,0.0,,
u_38153,0.012531106798725138,4084,0.0,0.229,0.0
u_38154,0.0,-1,0.0,,
u_38155,0.0,-1,0.0,,
u_38156,0.0,-1,0.0,,
u_38157,0.0,-1,0.0,,
u_38158,0.0,-1,0.0,,
u_38159,0.0,-1,0.0,,
u_38160,0.0,-1,0.0,,
u_38161,0.0,-1,0.0,,
u_38162,0.12455630621004074,5,0.0,0.787,0.0
u_38163,0.043034914056465874,4536,0.0,0.787,0.0
u_38164,0.0,-1,0.0,,
u_38165,0.0,-1,0.0,,
u_38166,0.0,-1,0.0,,
u_38167,0.0,-1,0.0,,
u_38168,0.0,-1,0.0,,
u_38169,0.043034914056465874,5745,0.0,0.787,0.0
u_38170,0.0,-1,0.0,,
u_38171,0.0,-1,0.0,,
u_38172,0.0,-1,0.0,,
u_38173,0.0,-1,0.0,,
u_38174,0.0,-1,0.0,,
u_38175,0.0,-1,0.0,,
u_38176,0.0,-1,0.0,,
u_38177,0.0,-1,0.0,,
u_38178,0.0,-1,0.0,,
u_38179,0.0,-1,0.0,,
u_38180,0.0,-1,0.0,,
u_38181,0.0,-1,0.0,,
u_38182,0.0,-1,0.0,,
u_38183,0.0,-1,0.0,,
u_38184,0.0,-1,0.0,,
u_38185,0.0,-1,0.0,,
u_38186,0.0,-1,0.0,,
u_38187,0.0,-1,0.0,,
u_38188,0.0,-1,0.0,,
u_38189,0.0,-1,0.0,,
u_38190,0.0,-1,0.0,,
u_38191,0.08790703937058655,266,0.0,0.858,0.0
u_38192,0.043034914056465874,3331,0.0,0.787,0.0
u_38193,0.0,-1,0.0,,
u_38194,0.0,-1,0.0,,
u_38195,0.0016712547714815933,3005,0.0,0.031,0.0
u_38196,0.0,-1,0.0,,
u_38197,0.0,-1,0.0,,
u_38198,0.0,-1,0.0,,
u_38199,0.0,-1,0.0,,
u_38200,0.043034914056465874,4333,0.0,0.787,0.0
u_38201,0.0,-1,0.0,,
u_38202,0.0,-1,0.0,,
u_38203,0.0,-1,0.0,,
u_38204,0.040166121902364245,787,0.0,0.787,0.0
u_38205,0.0,-1,0.0,,
u_38206,0.0,-1,0.0,,
u_38207,0.0,-1,0.0,,
u_38208,0.0,-1,0.0,,
u_38209,0.0,-1,0.0,,
u_38210,0.0,-1,0.0,,
u_38211,0.043034914056465874,5925,0.0,0.787,0.0
u_38212,0.0,-1,0.0,,
u_38213,0.0,-1,0.0,,
u_38214,0.0,-1,0.0,,
u_38215,0.0,-1,0.0,,
u_38216,0.0,-1,0.0,,
u_38217,0.0,-1,0.0,,
u_38218,0.0,-1,0.0,,
u_38219,0.04057284153006905,2030,0.0,0.787,0.0
u_38220,0.0,-1,0.0,,
u_38221,0.00646124819927825,3729,0.0,0.115,0.0
u_38222,0.0024254603226970908,3188,0.0,0.044,0.0
u_38223,0.0,-1,0.0,,
u_38224,0.045535780141285884,1430,0.0,0.787,0.0
u_38225,0.0,-1,0.0,,
u_38226,0.043034914056465874,6324,0.0,0.787,0.0
u_38227,0.0,-1,0.0,,
u_38228,0.03988717683557182,3650,0.0,0.787,0.0
u_38229,0.0,-1,0.0,,
u_38230,0.0,-1,0.0,,
u_38231,0.0,-1,0.0,,
u_38232,0.03988825121955284,1458,0.0,0.787,0.0
u_38233,0.0,-1,0.0,,
u_38234,0.0,-1,0.0,,
u_38235,0.0,-1,0.0,,
u_38236,0.0,-1,0.0,,
u_38237,0.0,-1,0.0,,
u_38238,0.0,-1,0.0,,
u_38239,0.043034914056465874,4081,0.0,0.787,0.0
u_38240,0.0039034193763749403,161,0.0,0.037,0.0
u_38241,0.0,-1,0.0,,
u_38242,0.0006656186239665568,402,0.0,0.007,0.0
u_38243,0.0,-1,0.0,,
u_38244,0.0,-1,0.0,,
u_38245,0.0,-1,0.0,,
u_38246,0.0,-1,0.0,,
u_38247,0.0,-1,0.0,,
u_38248,0.0,-1,0.0,,
u_38249,0.0,-1,0.0,,
u_38250,0.039888455379853215,174,0.0,0.787,0.0
u_38251,0.0,-1,0.0,,
u_38252,0.0,-1,0.0,,
u_38253,0.0,-1,0.0,,
u_38254,0.0032447537409760743,2096,0.0,0.031,0.0
u_38255,0.0,-1,0.0,,
u_38256,0.0,-1,0.0,,
u_38257,0.0,-1,0.0,,
u_38258,0.0,-1,0.0,,
u_38259,0.043034914056465874,3586,0.0,0.787,0.0
u_38260,0.0,-1,0.0,,
u_38261,0.043034914056465874,2453,0.0,0.787,0.0
u_38262,0.0,-1,0.0,,
u_38263,0.0,-1,0.0,,
u_38264,0.0,-1,0.0,,
u_38265,0.0,-1,0.0,,
u_38266,0.0,-1,0.0,,
u_38267,0.0,-1,0.0,,
u_38268,0.0,-1,0.0,,
u_38269,0.0,-1,0.0,,
u_38270,0.03988805856652928,1676,0.0,0.787,0.0
u_38271,0.00013039880815764166,588,0.0,0.001,0.0
u_38272,0.0,-1,0.0,,
u_38273,0.0,-1,0.0,,
u_38274,0.0,-1,0.0,,
u_38275,0.0,-1,0.0,,
u_38276,0.0,-1,0.0,,
u_38277,0.043034914056465874,1741,0.0,0.787,0.0
u_38278,0.006077260364772868,3708,0.0,0.111,0.0
u_38279,0.0,-1,0.0,,
u_38280,0.0,-1,0.0,,
u_38281,0.0,-1,0.0,,
u_38282,0.0,-1,0.0,,
u_38283,0.006924234182008623,3788,0.0,0.127,0.0
u_38284,0.005576854422327342,3667,0.0,0.102,0.0
u_38285,0.0,-1,0.0,,
u_38286,0.012162312446934349,2128,0.0,0.234,0.0
u_38287,0.0,-1,0.0,,
u_38288,0.0,-1,0.0,,
u_38289,0.009003958568015535,3930,0.0,0.165,0.0
u_38290,0.0,-1,0.0,,
u_38291,0.0,-1,0.0,,
u_38292,0.0,-1,0.0,,
u_38293,0.0,-1,0.0,,
u_38294,0.043034914056465874,5646,0.0,0.787,0.0
u_38295,0.04068651216387063,2451,0.0,0.787,0.0
u_38296,0.0,-1,0.0,,
u_38297,0.08482639818383363,2470,0.0,0.787,0.0
u_38298,0.0,-1,0.0,,
u_38299,0.043034914056465874,4048,0.0,0.787,0.0
u_38300,0.0,-1,0.0,,
u_38301,0.043034914056465874,5374,0.0,0.787,0.0
u_38302,0.0,-1,0.0,,
u_38303,0.043034914056465874,1263,0.0,0.787,0.0
u_38304,0.039888274603170376,131,0.0,0.787,0.0
u_38305,0.039894357104761205,2564,0.0,0.787,0.0
u_38306,0.0,-1,0.0,,
u_38307,0.043034914056465874,5470,0.0,0.787,0.0
u_38308,0.0,-1,0.0,,
u_38309,0.0003218331493203036,472,0.0,0.006,0.0
u_38310,0.08430269880571546,254,0.0,0.81,0.0
u_38311,0.041007905206767975,22,0.0,0.787,0.0
u_38312,0.08088402287022174,1580,0.0,0.787,0.0
u_38313,0.04381030096943294,2682,0.0,0.787,0.0
u_38314,0.0,-1,0.0,,
u_38315,0.0,-1,0.0,,
u_38316,0.0011278689912109572,2732,0.0,0.02,0.0
u_38317,0.0,-1,0.0,,
u_38318,0.043034914056465874,4428,0.0,0.787,0.0
u_38319,0.0,-1,0.0,,
u_38320,0.0,-1,0.0,,
u_38321,0.03988766721476361,297,0.0,0.787,0.0
u_38322,0.0,-1,0.0,,
u_38323,0.0,-1,0.0,,
u_38324,0.0,-1,0.0,,
u_38325,0.0,-1,0.0,,
u_38326,0.0,-1,0.0,,
u_38327,0.0,-1,0.0,,
u_38328,0.0,-1,0.0,,
u_38329,0.043034914056465874,5492,0.0,0.787,0.0
u_38330,0.005873866929946972,61,0.0,0.114,0.0
u_38331,0.0,-1,0.0,,
u_38332,0.0,-1,0.0,,
u_38333,0.0,-1,0.0,,
u_38334,0.0,-1,0.0,,
u_38335,0.0,-1,0.0,,
u_38336,0.043034914056465874,1671,0.0,0.787,0.0
u_38337,0.0,-1,0.0,,
u_38338,0.0,-1,0.0,,
u_38339,0.0,-1,0.0,,
u_38340,0.0,-1,0.0,,
u_38341,0.0,-1,0.0,,
u_38342,0.0,-1,0.0,,
u_38343,0.0,-1,0.0,,
u_38344,0.043034914056465874,2995,0.0,0.787,0.0
u_38345,9.720561913810746e-05,996,0.0,0.002,0.0
u_38346,0.03988818770983125,4592,0.0,0.787,0.0
u_38347,0.0,-1,0.0,,
u_38348,0.0,-1,0.0,,
u_38349,0.0,-1,0.0,,
u_38350,0.0,-1,0.0,,
u_38351,0.0,-1,0.0,,
u_38352,0.0,-1,0.0,,
u_38353,0.0,-1,0.0,,
u_38354,0.0007101351526708975,882,0.0,0.007,0.0
u_38355,0.0,-1,0.0,,
u_38356,0.0,-1,0.0,,
u_38357,7.468259257292512e-05,727,0.0,0.001,0.0
u_38358,0.0,-1,0.0,,
u_38359,0.043034914056465874,1564,0.0,0.787,0.0
u_38360,0.0,-1,0.0,,
u_38361,0.0,-1,0.0,,
u_38362,0.0,-1,0.0,,
u_38363,0.04244841288882078,577,0.0,0.787,0.0
u_38364,0.0,-1,0.0,,
u_38365,0.0,-1,0.0,,
u_38366,0.043034914056465874,4667,0.0,0.787,0.0
u_38367,0.043034914056465874,6146,0.0,0.787,0.0
u_38368,0.041663256372507694,3040,0.0,0.787,0.0
u_38369,0.0,-1,0.0,,
u_38370,0.04437222989266679,2250,0.0,0.787,0.0
u_38371,0.0,-1,0.0,,
u_38372,0.043034914056465874,2341,0.0,0.787,0.0
u_38373,0.0,-1,0.0,,
u_38374,0.043034914056465874,3133,0.0,0.787,0.0
u_38375,0.0,-1,0.0,,
u_38376,0.043034914056465874,6152,0.0,0.787,0.0
u_38377,0.0,-1,0.0,,
u_38378,0.0,-1,0.0,,
u_38379,0.0,-1,0.0,,
u_38380,0.0,-1,0.0,,
u_38381,0.0,-1,0.0,,
u_38382,0.001051196988621134,2701,0.0,0.019,0.0
u_38383,0.04213731541344356,670,0.0,0.787,0.0
u_38384,0.0,-1,0.0,,
u_38385,0.0,-1,0.0,,
u_38386,0.0,-1,0.0,,
u_38387,0.03988772098602451,3205,0.0,0.787,0.0
u_38388,0.0,-1,0.0,,
u_38389,0.0,-1,0.0,,
u_38390,0.0,-1,0.0,,
u_38391,0.0,-1,0.0,,
u_38392,0.0,-1,0.0,,
u_38393,0.0,-1,0.0,,
u_38394,0.0,-1,0.0,,
u_38395,0.0,-1,0.0,,
u_38396,0.0,-1,0.0,,
u_38397,0.043034914056465874,1736,0.0,0.787,0.0
u_38398,0.0,-1,0.0,,
u_38399,0.0,-1,0.0,,
u_38400,0.043034914056465874,5297,0.0,0.787,0.0
u_38401,0.033060865725919125,4517,0.0,0.587,0.0
u_38402,0.0,-1,0.0,,
u_38403,0.0,-1,0.0,,
u_38404,0.0,-1,0.0,,
u_38405,0.043034914056465874,4575,0.0,0.787,0.0
u_38406,0.0,-1,0.0,,
u_38407,0.0006056927437125226,1881,0.0,0.006,0.0
u_38408,0.0,-1,0.0,,
u_38409,0.0,-1,0.0,,
u_38410,0.0,-1,0.0,,
u_38411,0.0,-1,0.0,,
u_38412,0.0,-1,0.0,,
u_38413,0.0,-1,0.0,,
u_38414,0.0,-1,0.0,,
u_38415,0.0,-1,0.0,,
u_38416,0.0,-1,0.0,,
u_38417,0.0,-1,0.0,,
u_38418,0.0,-1,0.0,,
u_38419,0.0,-1,0.0,,
u_38420,0.0,-1,0.0,,
u_38421,0.0,-1,0.0,,
u_38422,0.0,-1,0.0,,
u_38423,0.0,-1,0.0,,
u_38424,0.0,-1,0.0,,
u_38425,0.0,-1,0.0,,
u_38426,9.266838577043219e-05,947,0.0,0.002,0.0
u_38427,0.042864375316076835,1751,0.0,0.787,0.0
u_38428,0.004056877832897171,3506,0.0,0.074,0.0
u_38429,0.0,-1,0.0,,
u_38430,0.0,-1,0.0,,
u_38431,0.08417531978986129,1615,0.0,0.787,0.0
u_38432,0.0,-1,0.0,,
u_38433,0.0,-1,0.0,,
u_38434,0.043034914056465874,4970,0.0,0.787,0.0
u_38435,0.043034914056465874,5499,0.0,0.787,0.0
u_38436,0.0,-1,0.0,,
u_38437,0.0,-1,0.0,,
u_38438,0.019548250400385332,2118,0.0,0.37,0.0
u_38439,0.0,-1,0.0,,
u_38440,0.0,-1,0.0,,
u_38441,0.043034914056465874,6325,0.0,0.787,0.0
u_38442,0.043034914056465874,5746,0.0,0.787,0.0
u_38443,0.0,-1,0.0,,
u_38444,7.18553285600021e-05,701,0.0,0.001,0.0
u_38445,0.0,-1,0.0,,
u_38446,0.006534785921941747,3753,0.0,0.119,0.0
u_38447,0.043034914056465874,4238,0.0,0.787,0.0
u_38448,0.0,-1,0.0,,
u_38449,0.0,-1,0.0,,
u_38450,0.043034914056465874,5747,0.0,0.787,0.0
u_38451,0.0,-1,0.0,,
u_38452,0.0,-1,0.0,,
u_38453,0.0,-1,0.0,,
u_38454,0.0,-1,0.0,,
u_38455,0.043034914056465874,6027,0.0,0.787,0.0
u_38456,0.0,-1,0.0,,
u_38457,0.043034914056465874,5838,0.0,0.787,0.0
u_38458,0.0,-1,0.0,,
u_38459,0.0,-1,0.0,,
u_38460,0.0032425132421102223,2733,0.0,0.059,0.0
u_38461,0.0,-1,0.0,,
u_38462,0.07963084018403155,3320,0.0,0.787,0.0
u_38463,0.04403827948556264,118,0.0,0.787,0.0
u_38464,0.08060418079245946,578,0.0,0.787,0.0
u_38465,0.0,-1,0.0,,
u_38466,0.0,-1,0.0,,
u_38467,0.08027473065168494,2473,0.0,0.787,0.0
u_38468,0.0,-1,0.0,,
u_38469,0.0,-1,0.0,,
u_38470,0.0,-1,0.0,,
u_38471,0.01806020913909092,1761,0.0,0.164,0.0
u_38472,0.04104306606669261,53,0.0,0.787,0.0
u_38473,0.0,-1,0.0,,
u_38474,0.039890275636822674,1454,0.0,0.787,0.0
u_38475,0.0,-1,0.0,,
u_38476,0.0,-1,0.0,,
u_38477,0.0,-1,0.0,,
u_38478,0.0,-1,0.0,,
u_38479,0.0,-1,0.0,,
u_38480,0.001437749414121808,1120,0.0,0.026,0.0
u_38481,0.0,-1,0.0,,
u_38482,0.0,-1,0.0,,
u_38483,0.0,-1,0.0,,
u_38484,0.0,-1,0.0,,
u_38485,0.04102148194839294,136,0.0,0.787,0.0
u_38486,0.0,-1,0.0,,
u_38487,0.0,-1,0.0,,
u_38488,0.0,-1,0.0,,
u_38489,6.314859746710662e-05,514,0.0,0.001,0.0
u_38490,0.0,-1,0.0,,
u_38491,0.0,-1,0.0,,
u_38492,0.0,-1,0.0,,
u_38493,0.0,-1,0.0,,
u_38494,0.0,-1,0.0,,
u_38495,0.0,-1,0.0,,
u_38496,0.0,-1,0.0,,
u_38497,0.0,-1,0.0,,
u_38498,0.0,-1,0.0,,
u_38499,0.043034914056465874,590,0.0,0.787,0.0
u_38500,0.0,-1,0.0,,
u_38501,0.0,-1,0.0,,
u_38502,0.0,-1,0.0,,
u_38503,0.043034914056465874,5137,0.0,0.787,0.0
u_38504,0.0,-1,0.0,,
u_38505,0.0,-1,0.0,,
u_38506,0.0,-1,0.0,,
u_38507,0.043034914056465874,1344,0.0,0.787,0.0
u_38508,0.0,-1,0.0,,
u_38509,0.0,-1,0.0,,
u_38510,0.0,-1,0.0,,
u_38511,0.12260594201532225,4004,0.0,0.787,0.0
u_38512,0.0,-1,0.0,,
u_38513,0.043034914056465874,1081,0.0,0.787,0.0
u_38514,0.0,-1,0.0,,
u_38515,0.043034914056465874,6297,0.0,0.787,0.0
u_38516,0.0,-1,0.0,,
u_38517,0.0,-1,0.0,,
u_38518,0.0,-1,0.0,,
u_38519,0.0,-1,0.0,,
u_38520,0.043034914056465874,5730,0.0,0.787,0.0
u_38521,0.0,-1,0.0,,
u_38522,0.04025023100799463,699,0.0,0.787,0.0
u_38523,0.0,-1,0.0,,
u_38524,0.0,-1,0.0,,
u_38525,0.00039434132064453077,2084,0.0,0.007,0.0
u_38526,0.08417531978986129,5748,0.0,0.787,0.0
u_38527,0.0,-1,0.0,,
u_38528,0.0,-1,0.0,,
u_38529,0.043034914056465874,6030,0.0,0.787,0.0
u_38530,0.0,-1,0.0,,
u_38531,0.0,-1,0.0,,
u_38532,0.0,-1,0.0,,
u_38533,0.00031495646749485877,1937,0.0,0.006,0.0
u_38534,0.0,-1,0.0,,
u_38535,0.0,-1,0.0,,
u_38536,0.0,-1,0.0,,
u_38537,0.0,-1,0.0,,
u_38538,0.03988897232727934,203,0.0,0.787,0.0
u_38539,0.0,-1,0.0,,
u_38540,0.0,-1,0.0,,
u_38541,0.0,-1,0.0,,
u_38542,0.0,-1,0.0,,
u_38543,0.0,-1,0.0,,
u_38544,0.0,-1,0.0,,
u_38545,0.0,-1,0.0,,
u_38546,0.0,-1,0.0,,
u_38547,0.0,-1,0.0,,
u_38548,0.043034914056465874,6296,0.0,0.787,0.0
u_38549,0.0,-1,0.0,,
u_38550,5.836557466403022e-05,85,0.0,0.001,0.0
u_38551,0.0,-1,0.0,,
u_38552,0.0,-1,0.0,,
u_38553,0.0,-1,0.0,,
u_38554,0.0,-1,0.0,,
u_38555,0.043034914056465874,6326,0.0,0.787,0.0
u_38556,0.0,-1,0.0,,
u_38557,0.0,-1,0.0,,
u_38558,0.0,-1,0.0,,
u_38559,0.042130407716432006,5180,0.0,0.787,0.0
u_38560,0.0,-1,0.0,,
u_38561,0.044372050210869075,3634,0.0,0.787,0.0
u_38562,0.0,-1,0.0,,
u_38563,0.0,-1,0.0,,
u_38564,0.0,-1,0.0,,
u_38565,0.043034914056465874,5694,0.0,0.787,0.0
u_38566,0.0,-1,0.0,,
u_38567,0.0,-1,0.0,,
u_38568,0.0,-1,0.0,,
u_38569,0.002096408443557521,1005,0.0,0.041,0.0
u_38570,0.0,-1,0.0,,
u_38571,0.028965973900046457,2153,0.0,0.554,0.0
u_38572,0.0,-1,0.0,,
u_38573,0.08236744484283871,96,0.0,0.787,0.0
u_38574,0.0007967016070601747,2533,0.0,0.015,0.0
u_38575,0.0,-1,0.0,,
u_38576,0.0,-1,0.0,,
u_38577,0.0,-1,0.0,,
u_38578,0.0,-1,0.0,,
u_38579,0.0005776786332800641,452,0.0,0.01,0.0
u_38580,0.0,-1,0.0,,
u_38581,0.0,-1,0.0,,
u_38582,0.0,-1,0.0,,
u_38583,0.0,-1,0.0,,
u_38584,0.0,-1,0.0,,
u_38585,0.0,-1,0.0,,
u_38586,0.0,-1,0.0,,
u_38587,0.04374787873163835,3696,0.0,0.787,0.0
u_38588,0.08235465576641574,1107,0.0,0.787,0.0
u_38589,0.0,-1,0.0,,
u_38590,0.0,-1,0.0,,
u_38591,0.0,-1,0.0,,
u_38592,0.002399065042831662,7,0.0,0.045,0.0
u_38593,0.042130407716432006,5639,0.0,0.787,0.0
u_38594,0.0,-1,0.0,,
u_38595,0.0,-1,0.0,,
u_38596,0.0,-1,0.0,,
u_38597,0.0,-1,0.0,,
u_38598,0.04021724019223459,797,0.0,0.787,0.0
u_38599,0.0,-1,0.0,,
u_38600,0.0,-1,0.0,,
u_38601,0.043034914056465874,5749,0.0,0.787,0.0
u_38602,0.0,-1,0.0,,
u_38603,0.0,-1,0.0,,
u_38604,0.0,-1,0.0,,
u_38605,0.0,-1,0.0,,
u_38606,0.0,-1,0.0,,
u_38607,0.08417531978986129,5678,0.0,0.787,0.0
u_38608,0.0,-1,0.0,,
u_38609,0.0,-1,0.0,,
u_38610,0.05017398056399719,189,0.0,0.95,0.0
u_38611,0.0,-1,0.0,,
u_38612,0.003656062319828197,1809,0.0,0.034,0.0
u_38613,0.0,-1,0.0,,
u_38614,0.043034914056465874,3417,0.0,0.787,0.0
u_38615,0.0,-1,0.0,,
u_38616,0.0,-1,0.0,,
u_38617,0.0002727242029111702,1836,0.0,0.005,0.0
u_38618,0.043034914056465874,5911,0.0,0.787,0.0
u_38619,0.0,-1,0.0,,
u_38620,0.0,-1,0.0,,
u_38621,0.0,-1,0.0,,
u_38622,0.0,-1,0.0,,
u_38623,0.0,-1,0.0,,
u_38624,0.0026283499358285478,338,0.0,0.051,0.0
u_38625,0.03834699165025778,2436,0.0,0.729,0.0
u_38626,0.0,-1,0.0,,
u_38627,0.0,-1,0.0,,
u_38628,0.0,-1,0.0,,
u_38629,0.0,-1,0.0,,
u_38630,0.0,-1,0.0,,
u_38631,0.047249136780438544,100,0.0,0.929,0.0
u_38632,0.0,-1,0.0,,
u_38633,0.0,-1,0.0,,
u_38634,0.08417531978986129,5599,0.0,0.787,0.0
u_38635,0.043034914056465874,2400,0.0,0.787,0.0
u_38636,0.0,-1,0.0,,
u_38637,0.0,-1,0.0,,
u_38638,0.08459221715404402,1820,0.0,0.787,0.0
u_38639,0.0,-1,0.0,,
u_38640,0.0,-1,0.0,,
u_38641,0.0,-1,0.0,,
u_38642,0.0,-1,0.0,,
u_38643,0.043034914056465874,5327,0.0,0.787,0.0
u_38644,0.043034914056465874,5641,0.0,0.787,0.0
u_38645,0.0,-1,0.0,,
u_38646,0.0,-1,0.0,,
u_38647,0.0,-1,0.0,,
u_38648,0.043034914056465874,273,0.0,0.787,0.0
u_38649,0.0,-1,0.0,,
u_38650,0.00034987038149789486,61,0.0,0.007,0.0
u_38651,0.040164349747785336,478,0.0,0.787,0.0
u_38652,0.0,-1,0.0,,
u_38653,0.0,-1,0.0,,
u_38654,0.0,-1,0.0,,
u_38655,0.0,-1,0.0,,
u_38656,0.042130407716432006,5276,0.0,0.787,0.0
u_38657,0.0,-1,0.0,,
u_38658,0.0,-1,0.0,,
u_38659,0.0,-1,0.0,,
u_38660,0.00015317572508933097,1350,0.0,0.003,0.0
u_38661,0.043034914056465874,6293,0.0,0.787,0.0
u_38662,0.0,-1,0.0,,
u_38663,0.0,-1,0.0,,
u_38664,0.0,-1,0.0,,
u_38665,0.0,-1,0.0,,
u_38666,0.0,-1,0.0,,
u_38667,0.0,-1,0.0,,
u_38668,0.0,-1,0.0,,
u_38669,0.042549215782001736,149,0.0,0.787,0.0
u_38670,0.0,-1,0.0,,
u_38671,0.043034914056465874,4530,0.0,0.787,0.0
u_38672,0.04322664286270844,1462,0.0,0.794,0.0
u_38673,0.0,-1,0.0,,
u_38674,0.0013345303673939852,373,0.0,0.024,0.0
u_38675,0.043034914056465874,5102,0.0,0.787,0.0
u_38676,0.00018710699318839362,989,0.0,0.002,0.0
u_38677,0.0,-1,0.0,,
u_38678,0.043034914056465874,5234,0.0,0.787,0.0
u_38679,0.043034914056465874,5160,0.0,0.787,0.0
u_38680,0.017730007112162487,1626,0.0,0.113,0.0
u_38681,0.03988749180914996,1892,0.0,0.787,0.0
u_38682,0.043034914056465874,3475,0.0,0.787,0.0
u_38683,0.0,-1,0.0,,
u_38684,0.08028846296153415,1621,0.0,0.787,0.0
u_38685,0.0,-1,0.0,,
u_38686,0.043034914056465874,5401,0.0,0.787,0.0
u_38687,0.0,-1,0.0,,
u_38688,0.04038719404763174,795,0.0,0.787,0.0
u_38689,0.0,-1,0.0,,
u_38690,0.07963342141413178,2886,0.0,0.787,0.0
u_38691,0.03988762629552941,371,0.0,0.787,0.0
u_38692,0.043034914056465874,6298,0.0,0.787,0.0
u_38693,0.0,-1,0.0,,
u_38694,0.0,-1,0.0,,
u_38695,0.043034914056465874,6327,0.0,0.787,0.0
u_38696,0.0,-1,0.0,,
u_38697,0.0,-1,0.0,,
u_38698,0.0006759863072721559,565,0.0,0.013,0.0
u_38699,0.0,-1,0.0,,
u_38700,0.043034914056465874,5534,0.0,0.787,0.0
u_38701,0.0,-1,0.0,,
u_38702,0.0,-1,0.0,,
u_38703,0.0002564260491786653,1747,0.0,0.005,0.0
u_38704,0.043034914056465874,5463,0.0,0.787,0.0
u_38705,0.043034914056465874,5750,0.0,0.787,0.0
u_38706,0.0,-1,0.0,,
u_38707,0.0,-1,0.0,,
u_38708,0.0,-1,0.0,,
u_38709,5.213262556841137e-05,317,0.0,0.001,0.0
u_38710,0.0,-1,0.0,,
u_38711,0.0,-1,0.0,,
u_38712,0.0,-1,0.0,,
u_38713,0.0,-1,0.0,,
u_38714,0.04289222110085551,1223,0.0,0.787,0.0
u_38715,5.260792385029289e-05,331,0.0,0.001,0.0
u_38716,0.0004981945955631279,1743,0.0,0.005,0.0
u_38717,0.0,-1,0.0,,
u_38718,0.0,-1,0.0,,
u_38719,0.03988766115442786,4024,0.0,0.787,0.0
u_38720,0.043034914056465874,6207,0.0,0.787,0.0
u_38721,0.0,-1,0.0,,
u_38722,0.043034914056465874,6246,0.0,0.787,0.0
u_38723,0.043034914056465874,2834,0.0,0.787,0.0
u_38724,0.0025054898071057256,283,0.0,0.048,0.0
u_38725,0.0,-1,0.0,,
u_38726,0.00010196555787067604,305,0.0,0.001,0.0
u_38727,0.0832004597520939,788,0.0,0.787,0.0
u_38728,0.0,-1,0.0,,
u_38729,0.08251092861569717,2008,0.0,0.787,0.0
u_38730,0.08417531978986129,4225,0.0,0.787,0.0
u_38731,0.08417531978986129,5615,0.0,0.787,0.0
u_38732,0.0398883804575824,4006,0.0,0.787,0.0
u_38733,0.0,-1,0.0,,
u_38734,0.0,-1,0.0,,
u_38735,0.043034914056465874,6328,0.0,0.787,0.0
u_38736,0.001213208079366176,2804,0.0,0.022,0.0
u_38737,0.0,-1,0.0,,
u_38738,0.00010348869716108371,1047,0.0,0.002,0.0
u_38739,0.03988984599450799,919,0.0,0.787,0.0
u_38740,0.0,-1,0.0,,
u_38741,0.0,-1,0.0,,
u_38742,0.043034914056465874,4938,0.0,0.787,0.0
u_38743,0.0,-1,0.0,,
u_38744,0.0,-1,0.0,,
u_38745,0.0006967589193166422,2453,0.0,0.013,0.0
u_38746,0.0,-1,0.0,,
u_38747,0.0,-1,0.0,,
u_38748,0.0,-1,0.0,,
u_38749,0.0,-1,0.0,,
u_38750,0.0,-1,0.0,,
u_38751,0.043034914056465874,6308,0.0,0.787,0.0
u_38752,0.043034914056465874,828,0.0,0.787,0.0
u_38753,0.0,-1,0.0,,
u_38754,0.0,-1,0.0,,
u_38755,0.0,-1,0.0,,
u_38756,0.0,-1,0.0,,
u_38757,0.0,-1,0.0,,
u_38758,0.0,-1,0.0,,
u_38759,0.0,-1,0.0,,
u_38760,0.0005733291771566454,2323,0.0,0.01,0.0
u_38761,0.04192597711901701,2314,0.0,0.787,0.0
u_38762,0.0,-1,0.0,,
u_38763,0.11933199273004587,336,0.0,0.787,0.0
u_38764,0.0,-1,0.0,,
u_38765,0.0,-1,0.0,,
u_38766,0.0,-1,0.0,,
u_38767,7.015929831054156e-05,655,0.0,0.001,0.0
u_38768,0.0,-1,0.0,,
u_38769,0.0,-1,0.0,,
u_38770,0.0,-1,0.0,,
u_38771,0.0,-1,0.0,,
u_38772,0.0,-1,0.0,,
u_38773,0.0,-1,0.0,,
u_38774,0.0001428940383140362,1307,0.0,0.003,0.0
u_38775,0.0,-1,0.0,,
u_38776,0.0,-1,0.0,,
u_38777,0.04437290181542442,3909,0.0,0.787,0.0
u_38778,0.043034914056465874,5474,0.0,0.787,0.0
u_38779,0.080006224814174,472,0.0,0.787,0.0
u_38780,0.0,-1,0.0,,
u_38781,0.0,-1,0.0,,
u_38782,0.0,-1,0.0,,
u_38783,0.08417531978986129,5751,0.0,0.787,0.0
u_38784,0.005212121430724665,75,0.0,0.102,0.0
u_38785,0.0,-1,0.0,,
u_38786,0.0,-1,0.0,,
u_38787,0.0,-1,0.0,,
u_38788,0.043034914056465874,2196,0.0,0.787,0.0
u_38789,0.043034914056465874,6328,0.0,0.787,0.0
u_38790,0.0001547708441175213,297,0.0,0.003,0.0
u_38791,0.0,-1,0.0,,
u_38792,0.0,-1,0.0,,
u_38793,0.0,-1,0.0,,
u_38794,0.0,-1,0.0,,
u_38795,0.0,-1,0.0,,
u_38796,0.039887870142654706,126,0.0,0.787,0.0
u_38797,0.0,-1,0.0,,
u_38798,0.043034914056465874,5058,0.0,0.787,0.0
u_38799,0.0,-1,0.0,,
u_38800,6.158338138337144e-05,522,0.0,0.001,0.0
u_38801,0.0,-1,0.0,,
u_38802,0.0,-1,0.0,,
u_38803,0.0,-1,0.0,,
u_38804,0.0,-1,0.0,,
u_38805,0.0022345700340755665,1732,0.0,0.043,0.0
u_38806,0.0,-1,0.0,,
u_38807,0.0,-1,0.0,,
u_38808,0.0,-1,0.0,,
u_38809,0.043034914056465874,5308,0.0,0.787,0.0
u_38810,0.0,-1,0.0,,
u_38811,0.0,-1,0.0,,
u_38812,0.003092962390155678,244,0.0,0.057,0.0
u_38813,0.0,-1,0.0,,
u_38814,0.0032228683542078686,162,0.0,0.031,0.0
u_38815,0.0011428334440418716,2756,0.0,0.021,0.0
u_38816,0.005453082207218712,222,0.0,0.104,0.0
u_38817,0.0,-1,0.0,,
u_38818,0.0,-1,0.0,,
u_38819,0.0,-1,0.0,,
u_38820,0.0,-1,0.0,,
u_38821,0.0,-1,0.0,,
u_38822,0.0,-1,0.0,,
u_38823,0.002401102069216637,3182,0.0,0.044,0.0
u_38824,0.043034914056465874,5516,0.0,0.787,0.0
u_38825,0.043034914056465874,5545,0.0,0.787,0.0
u_38826,0.0,-1,0.0,,
u_38827,0.0,-1,0.0,,
u_38828,0.043034914056465874,240,0.0,0.787,0.0
u_38829,0.0,-1,0.0,,
u_38830,0.0,-1,0.0,,
u_38831,0.0,-1,0.0,,
u_38832,0.039901555206665024,4644,0.0,0.787,0.0
u_38833,0.0,-1,0.0,,
u_38834,0.0,-1,0.0,,
u_38835,0.042130407716432006,5752,0.0,0.787,0.0
u_38836,0.0,-1,0.0,,
u_38837,0.0,-1,0.0,,
u_38838,0.0,-1,0.0,,
u_38839,0.043034914056465874,6290,0.0,0.787,0.0
u_38840,0.0,-1,0.0,,
u_38841,0.0,-1,0.0,,
u_38842,0.0,-1,0.0,,
u_38843,0.043034914056465874,5177,0.0,0.787,0.0
u_38844,0.0,-1,0.0,,
u_38845,0.0,-1,0.0,,
u_38846,0.043034914056465874,5172,0.0,0.787,0.0
u_38847,0.0,-1,0.0,,
u_38848,0.0,-1,0.0,,
u_38849,0.0,-1,0.0,,
u_38850,0.0,-1,0.0,,
u_38851,0.039889545826017725,3771,0.0,0.787,0.0
u_38852,0.043034914056465874,6329,0.0,0.787,0.0
u_38853,0.0,-1,0.0,,
u_38854,0.0004776153835969248,168,0.0,0.009,0.0
u_38855,0.0,-1,0.0,,
u_38856,0.0,-1,0.0,,
u_38857,0.0,-1,0.0,,
u_38858,0.0,-1,0.0,,
u_38859,0.0,-1,0.0,,
u_38860,0.0,-1,0.0,,
u_38861,0.0,-1,0.0,,
u_38862,0.0,-1,0.0,,
u_38863,0.0,-1,0.0,,
u_38864,0.03988824429290157,925,0.0,0.787,0.0
u_38865,0.0058318821998430284,3674,0.0,0.103,0.0
u_38866,0.0,-1,0.0,,
u_38867,0.03988750195181623,4,0.0,0.787,0.0
u_38868,0.0,-1,0.0,,
u_38869,0.08237394985604364,1082,0.0,0.787,0.0
u_38870,0.039887475032118584,176,0.0,0.787,0.0
u_38871,0.0,-1,0.0,,
u_38872,0.0,-1,0.0,,
u_38873,0.043034914056465874,6269,0.0,0.787,0.0
u_38874,0.0,-1,0.0,,
u_38875,0.0,-1,0.0,,
u_38876,0.0,-1,0.0,,
u_38877,0.011890867216701056,1095,0.0,0.225,0.0
u_38878,0.0,-1,0.0,,
u_38879,0.0,-1,0.0,,
u_38880,0.043034914056465874,5753,0.0,0.787,0.0
u_38881,0.0,-1,0.0,,
u_38882,0.0,-1,0.0,,
u_38883,0.043034914056465874,5749,0.0,0.787,0.0
u_38884,0.0,-1,0.0,,
u_38885,0.043034914056465874,5211,0.0,0.787,0.0
u_38886,0.007849866226567356,3503,0.0,0.074,0.0
u_38887,0.0,-1,0.0,,
u_38888,0.0,-1,0.0,,
u_38889,0.0,-1,0.0,,
u_38890,0.0,-1,0.0,,
u_38891,0.0,-1,0.0,,
u_38892,0.00038475934168148034,2059,0.0,0.007,0.0
u_38893,0.0,-1,0.0,,
u_38894,0.0,-1,0.0,,
u_38895,0.043034914056465874,6266,0.0,0.787,0.0
u_38896,0.040534773886792275,797,0.0,0.787,0.0
u_38897,0.0,-1,0.0,,
u_38898,0.043034914056465874,4949,0.0,0.787,0.0
u_38899,0.0,-1,0.0,,
u_38900,0.043034914056465874,5436,0.0,0.787,0.0
u_38901,0.043034914056465874,4730,0.0,0.787,0.0
u_38902,0.0,-1,0.0,,
u_38903,0.0,-1,0.0,,
u_38904,0.0,-1,0.0,,
u_38905,0.0,-1,0.0,,
u_38906,0.04191763328243388,222,0.0,0.787,0.0
u_38907,0.0006567244387272495,2413,0.0,0.012,0.0
u_38908,0.0,-1,0.0,,
u_38909,0.043034914056465874,4237,0.0,0.787,0.0
u_38910,0.0,-1,0.0,,
u_38911,0.0,-1,0.0,,
u_38912,0.0,-1,0.0,,
u_38913,0.0,-1,0.0,,
u_38914,0.0,-1,0.0,,
u_38915,0.0,-1,0.0,,
u_38916,0.0,-1,0.0,,
u_38917,0.0,-1,0.0,,
u_38918,0.0,-1,0.0,,
u_38919,0.0,-1,0.0,,
u_38920,0.0,-1,0.0,,
u_38921,0.0,-1,0.0,,
u_38922,0.0,-1,0.0,,
u_38923,0.0,-1,0.0,,
u_38924,0.0,-1,0.0,,
u_38925,0.0,-1,0.0,,
u_38926,0.0,-1,0.0,,
u_38927,0.0,-1,0.0,,
u_38928,0.0,-1,0.0,,
u_38929,0.0,-1,0.0,,
u_38930,0.08236630710979355,6330,0.0,0.787,0.0
u_38931,0.043034914056465874,5349,0.0,0.787,0.0
u_38932,0.043034914056465874,5229,0.0,0.787,0.0
u_38933,0.043034914056465874,4541,0.0,0.787,0.0
u_38934,0.0,-1,0.0,,
u_38935,0.0,-1,0.0,,
u_38936,0.0,-1,0.0,,
u_38937,0.0,-1,0.0,,
u_38938,0.012875781042608706,4096,0.0,0.235,0.0
u_38939,0.043034914056465874,3291,0.0,0.787,0.0
u_38940,0.0,-1,0.0,,
u_38941,0.0,-1,0.0,,
u_38942,0.040370068208120904,644,0.0,0.787,0.0
u_38943,0.0,-1,0.0,,
u_38944,7.498582373484523e-05,732,0.0,0.001,0.0
u_38945,0.0,-1,0.0,,
u_38946,0.0,-1,0.0,,
u_38947,0.0,-1,0.0,,
u_38948,0.0,-1,0.0,,
u_38949,0.0,-1,0.0,,
u_38950,0.0,-1,0.0,,
u_38951,0.0,-1,0.0,,
u_38952,0.0,-1,0.0,,
u_38953,0.0,-1,0.0,,
u_38954,0.08236630710979355,6132,0.0,0.787,0.0
u_38955,0.0,-1,0.0,,
u_38956,0.005599049953377403,3670,0.0,0.102,0.0
u_38957,0.043034914056465874,2850,0.0,0.787,0.0
u_38958,0.0,-1,0.0,,
u_38959,0.0,-1,0.0,,
u_38960,0.039887580553145466,460,0.0,0.787,0.0
u_38961,0.0,-1,0.0,,
u_38962,0.0,-1,0.0,,
u_38963,0.0,-1,0.0,,
u_38964,0.0,-1,0.0,,
u_38965,0.0016672511665012859,3003,0.0,0.03,0.0
u_38966,0.0,-1,0.0,,
u_38967,0.0,-1,0.0,,
u_38968,0.0,-1,0.0,,
u_38969,0.0001732083954709523,1461,0.0,0.003,0.0
u_38970,0.0,-1,0.0,,
u_38971,0.043034914056465874,5754,0.0,0.787,0.0
u_38972,0.020468068666846244,4299,0.0,0.374,0.0
u_38973,0.08342342180766654,361,0.0,0.787,0.0
u_38974,0.0,-1,0.0,,
u_38975,0.0,-1,0.0,,
u_38976,0.03988763241888497,258,0.0,0.787,0.0
u_38977,0.0,-1,0.0,,
u_38978,0.0,-1,0.0,,
u_38979,0.0,-1,0.0,,
u_38980,0.043034914056465874,5686,0.0,0.787,0.0
u_38981,0.0,-1,0.0,,
u_38982,0.0,-1,0.0,,
u_38983,0.0,-1,0.0,,
u_38984,0.0,-1,0.0,,
u_38985,0.043034914056465874,5755,0.0,0.787,0.0
u_38986,0.0,-1,0.0,,
u_38987,0.0,-1,0.0,,
u_38988,0.043034914056465874,3887,0.0,0.787,0.0
u_38989,0.0,-1,0.0,,
u_38990,0.0,-1,0.0,,
u_38991,0.0,-1,0.0,,
u_38992,0.0,-1,0.0,,
u_38993,0.0,-1,0.0,,
u_38994,0.0,-1,0.0,,
u_38995,0.0,-1,0.0,,
u_38996,0.0,-1,0.0,,
u_38997,0.001012241015333276,760,0.0,0.01,0.0
u_38998,0.0,-1,0.0,,
u_38999,0.043034914056465874,5295,0.0,0.787,0.0
u_39000,0.0,-1,0.0,,
u_39001,0.0,-1,0.0,,
u_39002,0.0815724745569336,1293,0.0,0.787,0.0
u_39003,0.00015468486522073264,161,0.0,0.003,0.0
u_39004,0.04132324524430171,566,0.0,0.787,0.0
u_39005,0.0,-1,0.0,,
u_39006,0.03988777260556015,267,0.0,0.787,0.0
u_39007,0.03988763361796617,3588,0.0,0.787,0.0
u_39008,0.0,-1,0.0,,
u_39009,0.0,-1,0.0,,
u_39010,0.006134169631446607,2187,0.0,0.116,0.0
u_39011,0.043034914056465874,5510,0.0,0.787,0.0
u_39012,0.0,-1,0.0,,
u_39013,0.043034914056465874,6051,0.0,0.787,0.0
u_39014,0.0,-1,0.0,,
u_39015,0.0,-1,0.0,,
u_39016,0.0,-1,0.0,,
u_39017,0.0043481727798175464,1868,0.0,0.083,0.0
u_39018,0.0,-1,0.0,,
u_39019,0.0,-1,0.0,,
u_39020,0.0,-1,0.0,,
u_39021,0.0,-1,0.0,,
u_39022,0.0,-1,0.0,,
u_39023,0.0,-1,0.0,,
u_39024,0.0,-1,0.0,,
u_39025,0.0,-1,0.0,,
u_39026,0.0,-1,0.0,,
u_39027,0.043034914056465874,5756,0.0,0.787,0.0
u_39028,0.0,-1,0.0,,
u_39029,0.0,-1,0.0,,
u_39030,0.0,-1,0.0,,
u_39031,0.0,-1,0.0,,
u_39032,0.0,-1,0.0,,
u_39033,0.0,-1,0.0,,
u_39034,0.0,-1,0.0,,
u_39035,0.0027320954434781847,3266,0.0,0.05,0.0
u_39036,0.00018663365268118862,980,0.0,0.002,0.0
u_39037,0.0,-1,0.0,,
u_39038,0.0,-1,0.0,,
u_39039,0.043034914056465874,6331,0.0,0.787,0.0
u_39040,0.042130407716432006,5581,0.0,0.787,0.0
u_39041,0.0,-1,0.0,,
u_39042,0.0001526894008133216,87,0.0,0.003,0.0
u_39043,0.0,-1,0.0,,
u_39044,0.04360037833536988,1023,0.0,0.787,0.0
u_39045,0.0,-1,0.0,,
u_39046,0.0,-1,0.0,,
u_39047,0.0,-1,0.0,,
u_39048,0.043034914056465874,6174,0.0,0.787,0.0
u_39049,0.0,-1,0.0,,
u_39050,0.0,-1,0.0,,
u_39051,0.0,-1,0.0,,
u_39052,0.043034914056465874,5311,0.0,0.787,0.0
u_39053,0.0,-1,0.0,,
u_39054,0.0,-1,0.0,,
u_39055,0.0,-1,0.0,,
u_39056,7.104149749462708e-05,673,0.0,0.001,0.0
u_39057,0.015732592385661395,3295,0.0,0.147,0.0
u_39058,0.0,-1,0.0,,
u_39059,0.0,-1,0.0,,
u_39060,0.0,-1,0.0,,
u_39061,0.08417531978986129,4594,0.0,0.787,0.0
u_39062,0.0,-1,0.0,,
u_39063,0.0,-1,0.0,,
u_39064,0.043034914056465874,6156,0.0,0.787,0.0
u_39065,0.0,-1,0.0,,
u_39066,0.0,-1,0.0,,
u_39067,0.0,-1,0.0,,
u_39068,0.043034914056465874,328,0.0,0.787,0.0
u_39069,0.0,-1,0.0,,
u_39070,0.0,-1,0.0,,
u_39071,0.0,-1,0.0,,
u_39072,0.0,-1,0.0,,
u_39073,0.0,-1,0.0,,
u_39074,0.0,-1,0.0,,
u_39075,0.0,-1,0.0,,
u_39076,0.0,-1,0.0,,
u_39077,0.0,-1,0.0,,
u_39078,0.0,-1,0.0,,
u_39079,0.0,-1,0.0,,
u_39080,8.665738161525722e-05,842,0.0,0.002,0.0
u_39081,0.0,-1,0.0,,
u_39082,0.0,-1,0.0,,
u_39083,0.0,-1,0.0,,
u_39084,0.004559955663092558,3042,0.0,0.044,0.0
u_39085,0.043034914056465874,3883,0.0,0.787,0.0
u_39086,0.0,-1,0.0,,
u_39087,0.0,-1,0.0,,
u_39088,0.0,-1,0.0,,
u_39089,0.043034914056465874,5741,0.0,0.787,0.0
u_39090,0.0,-1,0.0,,
u_39091,0.0,-1,0.0,,
u_39092,0.04131026782004854,168,0.0,0.787,0.0
u_39093,0.043034914056465874,5116,0.0,0.787,0.0
u_39094,0.0007632662265722144,2499,0.0,0.014,0.0
u_39095,0.0,-1,0.0,,
u_39096,0.0,-1,0.0,,
u_39097,0.0,-1,0.0,,
u_39098,0.11505448380400979,1427,0.0,0.725,0.0
u_39099,0.0,-1,0.0,,
u_39100,0.0,-1,0.0,,
u_39101,0.001434903210504508,1847,0.0,0.027,0.0
u_39102,0.0,-1,0.0,,
u_39103,0.0,-1,0.0,,
u_39104,0.011292092157949433,4040,0.0,0.206,0.0
u_39105,0.0,-1,0.0,,
u_39106,0.0,-1,0.0,,
u_39107,0.0,-1,0.0,,
u_39108,0.0,-1,0.0,,
u_39109,0.0,-1,0.0,,
u_39110,0.04362089836257536,1883,0.0,0.787,0.0
u_39111,0.0,-1,0.0,,
u_39112,0.00039984024103891045,1233,0.0,0.008,0.0
u_39113,0.0,-1,0.0,,
u_39114,0.006594382596322054,3759,0.0,0.121,0.0
u_39115,0.04106740399966553,2163,0.0,0.787,0.0
u_39116,0.0,-1,0.0,,
u_39117,0.0,-1,0.0,,
u_39118,0.0,-1,0.0,,
u_39119,0.0,-1,0.0,,
u_39120,0.0,-1,0.0,,
u_39121,0.0,-1,0.0,,
u_39122,0.043034914056465874,2522,0.0,0.787,0.0
u_39123,0.04044826869402458,1354,0.0,0.787,0.0
u_39124,0.043034914056465874,4548,0.0,0.787,0.0
u_39125,0.08236516487924715,1610,0.0,0.787,0.0
u_39126,0.0,-1,0.0,,
u_39127,0.030000259152644225,2232,0.0,0.541,0.0
u_39128,0.0,-1,0.0,,
u_39129,0.0,-1,0.0,,
u_39130,0.0,-1,0.0,,
u_39131,0.0,-1,0.0,,
u_39132,0.0,-1,0.0,,
u_39133,0.0,-1,0.0,,
u_39134,0.043034914056465874,5888,0.0,0.787,0.0
u_39135,0.00263951528867559,2741,0.0,0.025,0.0
u_39136,0.0,-1,0.0,,
u_39137,0.0796415602677985,3268,0.0,0.787,0.0
u_39138,0.0,-1,0.0,,
u_39139,0.0,-1,0.0,,
u_39140,7.815192794422819e-05,772,0.0,0.001,0.0
u_39141,0.0,-1,0.0,,
u_39142,0.0,-1,0.0,,
u_39143,0.0,-1,0.0,,
u_39144,0.0,-1,0.0,,
u_39145,0.0,-1,0.0,,
u_39146,0.043034914056465874,4311,0.0,0.787,0.0
u_39147,0.0,-1,0.0,,
u_39148,0.0009617397779868741,2212,0.0,0.009,0.0
u_39149,0.0,-1,0.0,,
u_39150,0.0023259414327207865,3190,0.0,0.045,0.0
u_39151,0.0,-1,0.0,,
u_39152,0.0,-1,0.0,,
u_39153,0.0,-1,0.0,,
u_39154,0.0,-1,0.0,,
u_39155,0.0,-1,0.0,,
u_39156,0.04536224994023781,168,0.0,0.787,0.0
u_39157,0.043034914056465874,3250,0.0,0.787,0.0
u_39158,0.0006498960701293021,1929,0.0,0.006,0.0
u_39159,0.0,-1,0.0,,
u_39160,0.0,-1,0.0,,
u_39161,0.03989273284013958,4346,0.0,0.787,0.0
u_39162,0.0,-1,0.0,,
u_39163,0.0,-1,0.0,,
u_39164,0.00014435662121084342,1382,0.0,0.003,0.0
u_39165,0.0,-1,0.0,,
u_39166,0.042130407716432006,5723,0.0,0.787,0.0
u_39167,0.0002913193804000448,1837,0.0,0.005,0.0
u_39168,0.0,-1,0.0,,
u_39169,0.0,-1,0.0,,
u_39170,0.0,-1,0.0,,
u_39171,0.08027537155958306,2525,0.0,0.787,0.0
u_39172,0.0,-1,0.0,,
u_39173,0.0,-1,0.0,,
u_39174,7.64497577721433e-05,754,0.0,0.001,0.0
u_39175,0.0,-1,0.0,,
u_39176,0.08007324562769923,445,0.0,0.787,0.0
u_39177,0.0,-1,0.0,,
u_39178,0.043034914056465874,5605,0.0,0.787,0.0
u_39179,0.0,-1,0.0,,
u_39180,0.0,-1,0.0,,
u_39181,0.023021517065642896,2868,0.0,0.424,0.0
u_39182,0.0,-1,0.0,,
u_39183,0.0,-1,0.0,,
u_39184,0.013350942153181063,761,0.0,0.259,0.0
u_39185,0.0,-1,0.0,,
u_39186,0.043034914056465874,5757,0.0,0.787,0.0
u_39187,0.0,-1,0.0,,
u_39188,0.0,-1,0.0,,
u_39189,0.04300558874269148,89,0.0,0.787,0.0
u_39190,0.0,-1,0.0,,
u_39191,0.043034914056465874,5134,0.0,0.787,0.0
u_39192,0.0,-1,0.0,,
u_39193,0.0,-1,0.0,,
u_39194,0.0,-1,0.0,,
u_39195,0.043034914056465874,106,0.0,0.787,0.0
u_39196,0.0,-1,0.0,,
u_39197,0.0,-1,0.0,,
u_39198,0.0,-1,0.0,,
u_39199,0.0,-1,0.0,,
u_39200,0.0,-1,0.0,,
u_39201,0.043034914056465874,4195,0.0,0.787,0.0
u_39202,0.0,-1,0.0,,
u_39203,0.0,-1,0.0,,
u_39204,0.0,-1,0.0,,
u_39205,0.043034914056465874,2254,0.0,0.787,0.0
u_39206,0.0,-1,0.0,,
u_39207,0.0,-1,0.0,,
u_39208,0.0,-1,0.0,,
u_39209,0.0,-1,0.0,,
u_39210,0.0,-1,0.0,,
u_39211,0.0,-1,0.0,,
u_39212,0.0,-1,0.0,,
u_39213,0.0,-1,0.0,,
u_39214,0.04435862060999751,1551,0.0,0.787,0.0
u_39215,0.0,-1,0.0,,
u_39216,0.0,-1,0.0,,
u_39217,0.043034914056465874,5710,0.0,0.787,0.0
u_39218,0.0,-1,0.0,,
u_39219,0.0,-1,0.0,,
u_39220,0.0,-1,0.0,,
u_39221,0.0,-1,0.0,,
u_39222,0.0,-1,0.0,,
u_39223,0.0,-1,0.0,,
u_39224,0.11978495357676767,53,0.0,0.787,0.0
u_39225,0.03988795645452944,1324,0.0,0.787,0.0
u_39226,0.0,-1,0.0,,
u_39227,0.043034914056465874,2861,0.0,0.787,0.0
u_39228,0.0,-1,0.0,,
u_39229,0.0,-1,0.0,,
u_39230,0.0002822455378005146,173,0.0,0.003,0.0
u_39231,0.04054801157316105,3780,0.0,0.787,0.0
u_39232,0.08236630710979355,5070,0.0,0.787,0.0
u_39233,0.0,-1,0.0,,
u_39234,0.008696058613421768,3548,0.0,0.081,0.0
u_39235,0.043034914056465874,4182,0.0,0.787,0.0
u_39236,0.0,-1,0.0,,
u_39237,0.0,-1,0.0,,
u_39238,0.0,-1,0.0,,
u_39239,0.0,-1,0.0,,
u_39240,0.0,-1,0.0,,
u_39241,0.0,-1,0.0,,
u_39242,0.04113979701815747,236,0.0,0.787,0.0
u_39243,0.0,-1,0.0,,
u_39244,0.0,-1,0.0,,
u_39245,0.0796403509106438,1921,0.0,0.787,0.0
u_39246,0.0,-1,0.0,,
u_39247,0.0,-1,0.0,,
u_39248,0.0,-1,0.0,,
u_39249,0.0,-1,0.0,,
u_39250,0.0,-1,0.0,,
u_39251,0.08551302551089526,2883,0.0,0.787,0.0
u_39252,0.0,-1,0.0,,
u_39253,0.0,-1,0.0,,
u_39254,0.0,-1,0.0,,
u_39255,0.0,-1,0.0,,
u_39256,0.0,-1,0.0,,
u_39257,0.039896153968845466,2860,0.0,0.787,0.0
u_39258,0.0,-1,0.0,,
u_39259,0.043034914056465874,3656,0.0,0.787,0.0
u_39260,0.0,-1,0.0,,
u_39261,0.0,-1,0.0,,
u_39262,0.0,-1,0.0,,
u_39263,0.12154417462089182,5,0.0,0.787,0.0
u_39264,0.0,-1,0.0,,
u_39265,0.037410571637978854,222,0.0,0.355,0.0
u_39266,0.0,-1,0.0,,
u_39267,0.0,-1,0.0,,
u_39268,0.0,-1,0.0,,
u_39269,0.0,-1,0.0,,
u_39270,0.043034914056465874,3821,0.0,0.787,0.0
u_39271,0.0,-1,0.0,,
u_39272,0.08417531978986129,2152,0.0,0.787,0.0
u_39273,0.0,-1,0.0,,
u_39274,0.0,-1,0.0,,
u_39275,0.00064834602291769,1642,0.0,0.006,0.0
u_39276,0.0,-1,0.0,,
u_39277,0.0,-1,0.0,,
u_39278,0.0,-1,0.0,,
u_39279,0.0,-1,0.0,,
u_39280,0.0,-1,0.0,,
u_39281,0.0,-1,0.0,,
u_39282,0.0,-1,0.0,,
u_39283,0.0,-1,0.0,,
u_39284,0.043034914056465874,1499,0.0,0.787,0.0
u_39285,0.0,-1,0.0,,
u_39286,0.0,-1,0.0,,
u_39287,0.0,-1,0.0,,
u_39288,0.027465234613858802,4441,0.0,0.502,0.0
u_39289,0.004277002474197241,3533,0.0,0.078,0.0
u_39290,0.0,-1,0.0,,
u_39291,0.0,-1,0.0,,
u_39292,0.0,-1,0.0,,
u_39293,0.0,-1,0.0,,
u_39294,0.0,-1,0.0,,
u_39295,0.03988763566817873,844,0.0,0.787,0.0
u_39296,0.042130407716432006,5777,0.0,0.787,0.0
u_39297,0.0,-1,0.0,,
u_39298,0.0,-1,0.0,,
u_39299,0.039889129563073195,714,0.0,0.787,0.0
u_39300,0.0,-1,0.0,,
u_39301,0.001719512947169216,485,0.0,0.034,0.0
u_39302,0.0,-1,0.0,,
u_39303,0.0,-1,0.0,,
u_39304,0.0,-1,0.0,,
u_39305,0.0,-1,0.0,,
u_39306,0.0,-1,0.0,,
u_39307,0.0,-1,0.0,,
u_39308,0.008303685162759767,3884,0.0,0.152,0.0
u_39309,0.0,-1,0.0,,
u_39310,0.043034914056465874,3730,0.0,0.787,0.0
u_39311,0.0,-1,0.0,,
u_39312,0.0,-1,0.0,,
u_39313,0.0,-1,0.0,,
u_39314,0.0,-1,0.0,,
u_39315,0.0,-1,0.0,,
u_39316,0.0,-1,0.0,,
u_39317,0.043034914056465874,5684,0.0,0.787,0.0
u_39318,0.041288753972374845,280,0.0,0.787,0.0
u_39319,0.0,-1,0.0,,
u_39320,0.0,-1,0.0,,
u_39321,0.0,-1,0.0,,
u_39322,0.0,-1,0.0,,
u_39323,0.0005391859737507177,168,0.0,0.005,0.0
u_39324,0.0,-1,0.0,,
u_39325,0.043034914056465874,5758,0.0,0.787,0.0
u_39326,0.039895474219903145,3571,0.0,0.787,0.0
u_39327,0.0,-1,0.0,,
u_39328,0.0,-1,0.0,,
u_39329,0.0,-1,0.0,,
u_39330,0.0,-1,0.0,,
u_39331,0.0,-1,0.0,,
u_39332,0.0,-1,0.0,,
u_39333,0.0,-1,0.0,,
u_39334,0.0,-1,0.0,,
u_39335,0.0,-1,0.0,,
u_39336,0.04243969550712476,1487,0.0,0.787,0.0
u_39337,0.0,-1,0.0,,
u_39338,0.0,-1,0.0,,
u_39339,0.0,-1,0.0,,
u_39340,0.0,-1,0.0,,
u_39341,0.0,-1,0.0,,
u_39342,0.0,-1,0.0,,
u_39343,0.0,-1,0.0,,
u_39344,0.0,-1,0.0,,
u_39345,0.0,-1,0.0,,
u_39346,0.0,-1,0.0,,
u_39347,0.0,-1,0.0,,
u_39348,0.04814633156382372,4683,0.0,0.88,0.0
u_39349,0.0,-1,0.0,,
u_39350,0.0,-1,0.0,,
u_39351,0.0,-1,0.0,,
u_39352,0.009201684687997176,3946,0.0,0.168,0.0
u_39353,0.0,-1,0.0,,
u_39354,0.0,-1,0.0,,
u_39355,0.0,-1,0.0,,
u_39356,0.03250773657581865,1379,0.0,0.319,0.0
u_39357,0.00014467602037413366,1322,0.0,0.003,0.0
u_39358,0.0,-1,0.0,,
u_39359,0.0,-1,0.0,,
u_39360,0.0,-1,0.0,,
u_39361,0.0,-1,0.0,,
u_39362,0.002650257737217543,2326,0.0,0.05,0.0
u_39363,0.0,-1,0.0,,
u_39364,8.188549848025788e-05,816,0.0,0.001,0.0
u_39365,0.0,-1,0.0,,
u_39366,0.00019282554312180264,1025,0.0,0.002,0.0
u_39367,0.04088603908512471,1635,0.0,0.787,0.0
u_39368,0.0,-1,0.0,,
u_39369,0.0,-1,0.0,,
u_39370,0.12352339788896399,926,0.0,0.787,0.0
u_39371,0.0,-1,0.0,,
u_39372,0.0,-1,0.0,,
u_39373,0.0,-1,0.0,,
u_39374,0.0,-1,0.0,,
u_39375,0.0,-1,0.0,,
u_39376,0.0,-1,0.0,,
u_39377,0.0,-1,0.0,,
u_39378,0.001959835478730412,337,0.0,0.013,0.0
u_39379,0.0,-1,0.0,,
u_39380,0.0,-1,0.0,,
u_39381,0.006892503744813491,3785,0.0,0.126,0.0
u_39382,0.0,-1,0.0,,
u_39383,0.0,-1,0.0,,
u_39384,0.030096419639498,2667,0.0,0.559,0.0
u_39385,0.043034914056465874,138,0.0,0.787,0.0
u_39386,0.043034914056465874,6332,0.0,0.787,0.0
u_39387,0.08104249086348564,790,0.0,0.787,0.0
u_39388,0.0,-1,0.0,,
u_39389,0.040206954780396396,22,0.0,0.787,0.0
u_39390,0.043034914056465874,6208,0.0,0.787,0.0
u_39391,0.0,-1,0.0,,
u_39392,0.08236630710979355,5509,0.0,0.787,0.0
u_39393,0.0,-1,0.0,,
u_39394,0.0,-1,0.0,,
u_39395,0.043034914056465874,3996,0.0,0.787,0.0
u_39396,0.0,-1,0.0,,
u_39397,0.043034914056465874,5759,0.0,0.787,0.0
u_39398,0.04106056274981014,316,0.0,0.787,0.0
u_39399,0.0,-1,0.0,,
u_39400,0.0,-1,0.0,,
u_39401,0.005741614451189455,3683,0.0,0.105,0.0
u_39402,0.0,-1,0.0,,
u_39403,0.0,-1,0.0,,
u_39404,0.0,-1,0.0,,
u_39405,0.0,-1,0.0,,
u_39406,0.0,-1,0.0,,
u_39407,0.0,-1,0.0,,
u_39408,0.0,-1,0.0,,
u_39409,0.0,-1,0.0,,
u_39410,0.0,-1,0.0,,
u_39411,0.0,-1,0.0,,
u_39412,0.0,-1,0.0,,
u_39413,0.043034914056465874,6085,0.0,0.787,0.0
u_39414,0.0,-1,0.0,,
u_39415,0.0,-1,0.0,,
u_39416,0.0,-1,0.0,,
u_39417,0.0,-1,0.0,,
u_39418,0.0,-1,0.0,,
u_39419,0.0,-1,0.0,,
u_39420,0.0,-1,0.0,,
u_39421,0.0,-1,0.0,,
u_39422,0.0,-1,0.0,,
u_39423,0.0,-1,0.0,,
u_39424,0.0,-1,0.0,,
u_39425,0.0009688718380322243,402,0.0,0.018,0.0
u_39426,0.043034914056465874,6333,0.0,0.787,0.0
u_39427,0.0,-1,0.0,,
u_39428,0.002651967861569273,3246,0.0,0.048,0.0
u_39429,0.0,-1,0.0,,
u_39430,0.0,-1,0.0,,
u_39431,0.011921616576464471,3132,0.0,0.227,0.0
u_39432,0.0,-1,0.0,,
u_39433,0.0,-1,0.0,,
u_39434,0.0003543563914065678,2006,0.0,0.007,0.0
u_39435,0.0,-1,0.0,,
u_39436,0.043034914056465874,5600,0.0,0.787,0.0
u_39437,0.0,-1,0.0,,
u_39438,0.0,-1,0.0,,
u_39439,0.0,-1,0.0,,
u_39440,0.0,-1,0.0,,
u_39441,0.043034914056465874,4838,0.0,0.787,0.0
u_39442,0.0,-1,0.0,,
u_39443,0.0,-1,0.0,,
u_39444,0.0,-1,0.0,,
u_39445,0.043034914056465874,2297,0.0,0.787,0.0
u_39446,0.0,-1,0.0,,
u_39447,0.0,-1,0.0,,
u_39448,0.043034914056465874,5233,0.0,0.787,0.0
u_39449,0.0,-1,0.0,,
u_39450,0.0,-1,0.0,,
u_39451,0.08027380277170558,76,0.0,0.787,0.0
u_39452,0.0,-1,0.0,,
u_39453,0.043034914056465874,5669,0.0,0.787,0.0
u_39454,0.0,-1,0.0,,
u_39455,0.0,-1,0.0,,
u_39456,0.0,-1,0.0,,
u_39457,0.043034914056465874,5274,0.0,0.787,0.0
u_39458,0.0,-1,0.0,,
u_39459,0.043034914056465874,5760,0.0,0.787,0.0
u_39460,0.0,-1,0.0,,
u_39461,0.04061156912535937,22,0.0,0.787,0.0
u_39462,0.044370851937416834,4543,0.0,0.787,0.0
u_39463,0.0,-1,0.0,,
u_39464,0.0,-1,0.0,,
u_39465,0.0,-1,0.0,,
u_39466,0.0,-1,0.0,,
u_39467,0.0,-1,0.0,,
u_39468,0.0,-1,0.0,,
u_39469,0.0,-1,0.0,,
u_39470,0.0,-1,0.0,,
u_39471,0.039887919456875,2290,0.0,0.787,0.0
u_39472,0.0,-1,0.0,,
u_39473,0.0,-1,0.0,,
u_39474,0.043034914056465874,3769,0.0,0.787,0.0
u_39475,0.0,-1,0.0,,
u_39476,0.0,-1,0.0,,
u_39477,0.0,-1,0.0,,
u_39478,0.0,-1,0.0,,
u_39479,0.00039994473412670176,2081,0.0,0.007,0.0
u_39480,0.00010273416437621316,156,0.0,0.002,0.0
u_39481,0.0,-1,0.0,,
u_39482,0.0,-1,0.0,,
u_39483,0.03988763760828937,1326,0.0,0.787,0.0
u_39484,0.0,-1,0.0,,
u_39485,0.0,-1,0.0,,
u_39486,0.0,-1,0.0,,
u_39487,0.0011481995572130894,2736,0.0,0.02,0.0
u_39488,0.0,-1,0.0,,
u_39489,0.0,-1,0.0,,
u_39490,0.0008387343207655292,2562,0.0,0.015,0.0
u_39491,0.0034379505995269484,3412,0.0,0.063,0.0
u_39492,0.04013981752120978,1524,0.0,0.787,0.0
u_39493,0.0,-1,0.0,,
u_39494,0.043034914056465874,1727,0.0,0.787,0.0
u_39495,0.0,-1,0.0,,
u_39496,0.0,-1,0.0,,
u_39497,0.0,-1,0.0,,
u_39498,0.0,-1,0.0,,
u_39499,0.0015805885094290176,473,0.0,0.03,0.0
u_39500,0.039888742374334,2247,0.0,0.787,0.0
u_39501,0.043717302221966424,3596,0.0,0.787,0.0
u_39502,0.0,-1,0.0,,
u_39503,0.04437137784019308,3992,0.0,0.787,0.0
u_39504,0.0,-1,0.0,,
u_39505,0.0014027896232780982,697,0.0,0.027,0.0
u_39506,0.0,-1,0.0,,
u_39507,0.0,-1,0.0,,
u_39508,0.043034914056465874,6150,0.0,0.787,0.0
u_39509,0.002651252330227643,2860,0.0,0.024,0.0
u_39510,0.043034914056465874,6323,0.0,0.787,0.0
u_39511,0.0,-1,0.0,,
u_39512,0.0,-1,0.0,,
u_39513,9.101364677173092e-05,200,0.0,0.001,0.0
u_39514,0.01242014471947455,1563,0.0,0.234,0.0
u_39515,0.041031892178499674,1073,0.0,0.787,0.0
u_39516,0.0,-1,0.0,,
u_39517,0.0,-1,0.0,,
u_39518,0.0,-1,0.0,,
u_39519,0.043034914056465874,6081,0.0,0.787,0.0
u_39520,0.0,-1,0.0,,
u_39521,0.0,-1,0.0,,
u_39522,0.0,-1,0.0,,
u_39523,8.703252785426486e-05,880,0.0,0.002,0.0
u_39524,0.0,-1,0.0,,
u_39525,0.0,-1,0.0,,
u_39526,0.03989520715638083,1345,0.0,0.787,0.0
u_39527,0.043034914056465874,3002,0.0,0.787,0.0
u_39528,0.03989089548092264,2920,0.0,0.787,0.0
u_39529,0.0,-1,0.0,,
u_39530,0.0,-1,0.0,,
u_39531,0.0,-1,0.0,,
u_39532,0.0,-1,0.0,,
u_39533,0.0,-1,0.0,,
u_39534,0.0,-1,0.0,,
u_39535,0.0,-1,0.0,,
u_39536,0.0,-1,0.0,,
u_39537,0.0,-1,0.0,,
u_39538,0.03989542610575485,1656,0.0,0.787,0.0
u_39539,0.0,-1,0.0,,
u_39540,0.0,-1,0.0,,
u_39541,0.0,-1,0.0,,
u_39542,0.0,-1,0.0,,
u_39543,0.0,-1,0.0,,
u_39544,0.0,-1,0.0,,
u_39545,0.0,-1,0.0,,
u_39546,0.00029476694620845774,1847,0.0,0.005,0.0
u_39547,0.043034914056465874,5083,0.0,0.787,0.0
u_39548,0.0,-1,0.0,,
u_39549,0.0,-1,0.0,,
u_39550,0.0,-1,0.0,,
u_39551,0.0,-1,0.0,,
u_39552,0.0,-1,0.0,,
u_39553,0.0,-1,0.0,,
u_39554,0.043034914056465874,5754,0.0,0.787,0.0
u_39555,0.04044447396606596,27,0.0,0.787,0.0
u_39556,0.0,-1,0.0,,
u_39557,0.0,-1,0.0,,
u_39558,0.0,-1,0.0,,
u_39559,0.0,-1,0.0,,
u_39560,0.0,-1,0.0,,
u_39561,0.0,-1,0.0,,
u_39562,0.0,-1,0.0,,
u_39563,0.0,-1,0.0,,
u_39564,0.0,-1,0.0,,
u_39565,0.0,-1,0.0,,
u_39566,0.0,-1,0.0,,
u_39567,0.0,-1,0.0,,
u_39568,0.0,-1,0.0,,
u_39569,0.03988872328715714,74,0.0,0.787,0.0
u_39570,0.0,-1,0.0,,
u_39571,0.0,-1,0.0,,
u_39572,0.0,-1,0.0,,
u_39573,0.0,-1,0.0,,
u_39574,0.043034914056465874,3488,0.0,0.787,0.0
u_39575,0.0,-1,0.0,,
u_39576,0.0,-1,0.0,,
u_39577,0.04177812110657301,168,0.0,0.787,0.0
u_39578,0.0,-1,0.0,,
u_39579,0.043034914056465874,5761,0.0,0.787,0.0
u_39580,0.0,-1,0.0,,
u_39581,0.04436626982033771,3581,0.0,0.787,0.0
u_39582,0.0,-1,0.0,,
u_39583,0.0,-1,0.0,,
u_39584,0.0,-1,0.0,,
u_39585,0.0,-1,0.0,,
u_39586,0.0,-1,0.0,,
u_39587,0.043034914056465874,5762,0.0,0.787,0.0
u_39588,0.0,-1,0.0,,
u_39589,0.043034914056465874,5555,0.0,0.787,0.0
u_39590,0.0,-1,0.0,,
u_39591,0.0,-1,0.0,,
u_39592,0.0,-1,0.0,,
u_39593,0.0,-1,0.0,,
u_39594,0.0,-1,0.0,,
u_39595,0.0,-1,0.0,,
u_39596,0.0,-1,0.0,,
u_39597,0.043034914056465874,4848,0.0,0.787,0.0
u_39598,0.0,-1,0.0,,
u_39599,0.0,-1,0.0,,
u_39600,0.0,-1,0.0,,
u_39601,0.0,-1,0.0,,
u_39602,0.041450470261160687,172,0.0,0.787,0.0
u_39603,0.0,-1,0.0,,
u_39604,0.0,-1,0.0,,
u_39605,0.019373667592320055,2509,0.0,0.369,0.0
u_39606,0.0,-1,0.0,,
u_39607,0.0,-1,0.0,,
u_39608,0.0,-1,0.0,,
u_39609,0.043034914056465874,4458,0.0,0.787,0.0
u_39610,8.110473613293776e-05,810,0.0,0.001,0.0
u_39611,0.0,-1,0.0,,
u_39612,0.0,-1,0.0,,
u_39613,0.0,-1,0.0,,
u_39614,0.0,-1,0.0,,
u_39615,0.0427468290010825,3349,0.0,0.787,0.0
u_39616,0.0,-1,0.0,,
u_39617,0.0,-1,0.0,,
u_39618,0.0,-1,0.0,,
u_39619,0.0,-1,0.0,,
u_39620,0.04291959606905608,89,0.0,0.787,0.0
u_39621,0.0,-1,0.0,,
u_39622,0.001399264640395881,61,0.0,0.014,0.0
u_39623,0.0,-1,0.0,,
u_39624,0.0,-1,0.0,,
u_39625,0.0,-1,0.0,,
u_39626,0.043034914056465874,4852,0.0,0.787,0.0
u_39627,0.0,-1,0.0,,
u_39628,0.08550195207451809,4464,0.0,0.787,0.0
u_39629,0.00037788103235152337,1095,0.0,0.007,0.0
u_39630,0.0,-1,0.0,,
u_39631,0.0,-1,0.0,,
u_39632,0.0,-1,0.0,,
u_39633,0.043034914056465874,5628,0.0,0.787,0.0
u_39634,0.0,-1,0.0,,
u_39635,0.0,-1,0.0,,
u_39636,0.06716881025306977,222,0.0,0.634,0.0
u_39637,0.00037444699797210384,2036,0.0,0.007,0.0
u_39638,0.0,-1,0.0,,
u_39639,0.0,-1,0.0,,
u_39640,0.0035065026387956577,1702,0.0,0.034,0.0
u_39641,0.0,-1,0.0,,
u_39642,0.0,-1,0.0,,
u_39643,0.0,-1,0.0,,
u_39644,0.0,-1,0.0,,
u_39645,0.0,-1,0.0,,
u_39646,0.0,-1,0.0,,
u_39647,0.0003491297544797322,1982,0.0,0.006,0.0
u_39648,0.043034914056465874,5898,0.0,0.787,0.0
u_39649,0.0,-1,0.0,,
u_39650,0.0,-1,0.0,,
u_39651,0.02863919269115785,4459,0.0,0.523,0.0
u_39652,0.0,-1,0.0,,
u_39653,0.0,-1,0.0,,
u_39654,0.0,-1,0.0,,
u_39655,0.0,-1,0.0,,
u_39656,0.043034914056465874,5631,0.0,0.787,0.0
u_39657,0.041508500481578295,724,0.0,0.787,0.0
u_39658,0.0,-1,0.0,,
u_39659,0.0,-1,0.0,,
u_39660,0.09022042724991548,1377,0.0,0.801,0.0
u_39661,0.08482842376252082,2244,0.0,0.787,0.0
u_39662,0.0,-1,0.0,,
u_39663,0.0,-1,0.0,,
u_39664,0.0,-1,0.0,,
u_39665,0.005809357933701359,3690,0.0,0.106,0.0
u_39666,0.043034914056465874,5763,0.0,0.787,0.0
u_39667,0.04200289614483415,1691,0.0,0.787,0.0
u_39668,0.08417531978986129,4413,0.0,0.787,0.0
u_39669,0.043034914056465874,3846,0.0,0.787,0.0
u_39670,0.011911529329121255,4062,0.0,0.218,0.0
u_39671,0.0036625297217092842,1290,0.0,0.064,0.0
u_39672,0.0,-1,0.0,,
u_39673,0.04152968552307371,198,0.0,0.787,0.0
u_39674,0.0,-1,0.0,,
u_39675,0.043034914056465874,2906,0.0,0.787,0.0
u_39676,0.043034914056465874,1311,0.0,0.787,0.0
u_39677,0.0,-1,0.0,,
u_39678,0.0,-1,0.0,,
u_39679,0.0,-1,0.0,,
u_39680,0.0,-1,0.0,,
u_39681,0.0,-1,0.0,,
u_39682,0.0,-1,0.0,,
u_39683,0.0,-1,0.0,,
u_39684,0.0,-1,0.0,,
u_39685,0.0,-1,0.0,,
u_39686,0.0,-1,0.0,,
u_39687,0.0,-1,0.0,,
u_39688,0.0,-1,0.0,,
u_39689,0.040905476584058145,53,0.0,0.787,0.0
u_39690,0.0,-1,0.0,,
u_39691,0.0,-1,0.0,,
u_39692,0.0,-1,0.0,,
u_39693,0.043034914056465874,3273,0.0,0.787,0.0
u_39694,0.0,-1,0.0,,
u_39695,0.0,-1,0.0,,
u_39696,0.02058805339634495,4304,0.0,0.376,0.0
u_39697,0.0,-1,0.0,,
u_39698,0.043034914056465874,3736,0.0,0.787,0.0
u_39699,0.0012760511652018616,2166,0.0,0.008,0.0
u_39700,0.0,-1,0.0,,
u_39701,0.0,-1,0.0,,
u_39702,0.00021784095960828348,1637,0.0,0.004,0.0
u_39703,0.0,-1,0.0,,
u_39704,0.0,-1,0.0,,
u_39705,0.0,-1,0.0,,
u_39706,0.0,-1,0.0,,
u_39707,0.0,-1,0.0,,
u_39708,0.0,-1,0.0,,
u_39709,0.0,-1,0.0,,
u_39710,0.0,-1,0.0,,
u_39711,0.0,-1,0.0,,
u_39712,0.0,-1,0.0,,
u_39713,0.0,-1,0.0,,
u_39714,0.0,-1,0.0,,
u_39715,0.0,-1,0.0,,
u_39716,0.04273289850544918,3942,0.0,0.787,0.0
u_39717,0.0,-1,0.0,,
u_39718,0.04313227805039062,1329,0.0,0.787,0.0
u_39719,0.043034914056465874,2211,0.0,0.787,0.0
u_39720,0.04205750922614526,702,0.0,0.787,0.0
u_39721,0.043034914056465874,1728,0.0,0.787,0.0
u_39722,0.0,-1,0.0,,
u_39723,0.0,-1,0.0,,
u_39724,0.0009575952899850452,2218,0.0,0.009,0.0
u_39725,0.0,-1,0.0,,
u_39726,0.0,-1,0.0,,
u_39727,0.039744842300945236,140,0.0,0.764,0.0
u_39728,0.0,-1,0.0,,
u_39729,0.0,-1,0.0,,
u_39730,0.0,-1,0.0,,
u_39731,0.0,-1,0.0,,
u_39732,0.0,-1,0.0,,
u_39733,0.0,-1,0.0,,
u_39734,0.04181116153475458,2315,0.0,0.787,0.0
u_39735,0.04057360156501492,275,0.0,0.787,0.0
u_39736,0.0,-1,0.0,,
u_39737,0.0,-1,0.0,,
u_39738,0.0,-1,0.0,,
u_39739,0.0,-1,0.0,,
u_39740,0.0,-1,0.0,,
u_39741,0.0,-1,0.0,,
u_39742,0.043034914056465874,6255,0.0,0.787,0.0
u_39743,0.012233130601619742,1502,0.0,0.239,0.0
u_39744,0.0,-1,0.0,,
u_39745,0.0,-1,0.0,,
u_39746,0.0,-1,0.0,,
u_39747,0.0,-1,0.0,,
u_39748,0.0,-1,0.0,,
u_39749,0.0005698322776327816,2317,0.0,0.01,0.0
u_39750,0.0,-1,0.0,,
u_39751,0.0,-1,0.0,,
u_39752,0.0,-1,0.0,,
u_39753,0.0,-1,0.0,,
u_39754,0.0,-1,0.0,,
u_39755,0.0,-1,0.0,,
u_39756,0.0,-1,0.0,,
u_39757,0.03988730000896716,2722,0.0,0.787,0.0
u_39758,0.043034914056465874,5325,0.0,0.787,0.0
u_39759,0.0,-1,0.0,,
u_39760,0.0,-1,0.0,,
u_39761,0.0,-1,0.0,,
u_39762,0.0,-1,0.0,,
u_39763,0.0004032603293354697,313,0.0,0.007,0.0
u_39764,8.881588868324857e-05,908,0.0,0.002,0.0
u_39765,0.042626559704782234,568,0.0,0.787,0.0
u_39766,0.043034914056465874,4811,0.0,0.787,0.0
u_39767,0.0,-1,0.0,,
u_39768,0.0,-1,0.0,,
u_39769,0.043034914056465874,5711,0.0,0.787,0.0
u_39770,0.0,-1,0.0,,
u_39771,0.039889382048872296,970,0.0,0.787,0.0
u_39772,0.039888213828692475,4419,0.0,0.787,0.0
u_39773,0.043034914056465874,6133,0.0,0.787,0.0
u_39774,0.0,-1,0.0,,
u_39775,0.0,-1,0.0,,
u_39776,0.043034914056465874,4026,0.0,0.787,0.0
u_39777,0.043034914056465874,5764,0.0,0.787,0.0
u_39778,0.04126918951965099,1180,0.0,0.787,0.0
u_39779,0.0,-1,0.0,,
u_39780,0.043034914056465874,2512,0.0,0.787,0.0
u_39781,0.0,-1,0.0,,
u_39782,0.0,-1,0.0,,
u_39783,0.0,-1,0.0,,
u_39784,0.08417531978986129,2840,0.0,0.787,0.0
u_39785,0.0,-1,0.0,,
u_39786,0.04165643760999753,452,0.0,0.787,0.0
u_39787,0.0,-1,0.0,,
u_39788,0.0,-1,0.0,,
u_39789,0.0,-1,0.0,,
u_39790,0.0,-1,0.0,,
u_39791,0.0,-1,0.0,,
u_39792,0.0,-1,0.0,,
u_39793,0.0,-1,0.0,,
u_39794,0.0,-1,0.0,,
u_39795,0.0,-1,0.0,,
u_39796,0.0,-1,0.0,,
u_39797,0.041486486739084255,1959,0.0,0.715,0.0
u_39798,0.0,-1,0.0,,
u_39799,0.0,-1,0.0,,
u_39800,0.0,-1,0.0,,
u_39801,0.0006182221958215971,2369,0.0,0.011,0.0
u_39802,0.0,-1,0.0,,
u_39803,0.0,-1,0.0,,
u_39804,0.018030220544762512,4235,0.0,0.33,0.0
u_39805,0.0,-1,0.0,,
u_39806,0.0,-1,0.0,,
u_39807,0.0,-1,0.0,,
u_39808,0.0,-1,0.0,,
u_39809,0.0,-1,0.0,,
u_39810,0.0,-1,0.0,,
u_39811,0.042130407716432006,5388,0.0,0.787,0.0
u_39812,0.043034914056465874,1325,0.0,0.787,0.0
u_39813,0.0,-1,0.0,,
u_39814,0.0,-1,0.0,,
u_39815,0.003927301055614998,3482,0.0,0.072,0.0
u_39816,0.0,-1,0.0,,
u_39817,0.0,-1,0.0,,
u_39818,0.043034914056465874,5409,0.0,0.787,0.0
u_39819,0.0,-1,0.0,,
u_39820,0.0,-1,0.0,,
u_39821,0.007854513710100396,173,0.0,0.075,0.0
u_39822,0.044262160725564555,2836,0.0,0.787,0.0
u_39823,0.04083160826510237,1507,0.0,0.787,0.0
u_39824,0.04227745113676045,242,0.0,0.787,0.0
u_39825,0.008591916242190582,3905,0.0,0.157,0.0
u_39826,0.0,-1,0.0,,
u_39827,0.0,-1,0.0,,
u_39828,0.0,-1,0.0,,
u_39829,0.0,-1,0.0,,
u_39830,0.04437190389877159,3874,0.0,0.787,0.0
u_39831,0.0,-1,0.0,,
u_39832,0.0,-1,0.0,,
u_39833,0.0,-1,0.0,,
u_39834,0.0,-1,0.0,,
u_39835,0.0,-1,0.0,,
u_39836,0.043034914056465874,4571,0.0,0.787,0.0
u_39837,0.0003908589874044753,5,0.0,0.004,0.0
u_39838,0.0,-1,0.0,,
u_39839,0.03988842126941863,2332,0.0,0.787,0.0
u_39840,0.0,-1,0.0,,
u_39841,0.0,-1,0.0,,
u_39842,0.0,-1,0.0,,
u_39843,0.040225669048605917,982,0.0,0.787,0.0
u_39844,0.0,-1,0.0,,
u_39845,0.043034914056465874,6288,0.0,0.787,0.0
u_39846,0.0,-1,0.0,,
u_39847,0.0,-1,0.0,,
u_39848,0.0,-1,0.0,,
u_39849,4.518670879732881e-05,195,0.0,0.001,0.0
u_39850,0.0,-1,0.0,,
u_39851,0.042555329793483476,1275,0.0,0.787,0.0
u_39852,0.0,-1,0.0,,
u_39853,0.08056886425945463,1892,0.0,0.787,0.0
u_39854,0.04437079925296392,4146,0.0,0.787,0.0
u_39855,0.0,-1,0.0,,
u_39856,0.0,-1,0.0,,
u_39857,0.0,-1,0.0,,
u_39858,0.0,-1,0.0,,
u_39859,0.0,-1,0.0,,
u_39860,0.0016048118542966784,155,0.0,0.031,0.0
u_39861,0.0,-1,0.0,,
u_39862,0.04257197184855376,148,0.0,0.787,0.0
u_39863,0.0,-1,0.0,,
u_39864,0.03988779211517458,4631,0.0,0.787,0.0
u_39865,0.0,-1,0.0,,
u_39866,0.0,-1,0.0,,
u_39867,0.0,-1,0.0,,
u_39868,0.04436624409423644,4455,0.0,0.787,0.0
u_39869,0.0,-1,0.0,,
u_39870,0.0,-1,0.0,,
u_39871,0.0,-1,0.0,,
u_39872,0.00020190156737348854,438,0.0,0.004,0.0
u_39873,0.0,-1,0.0,,
u_39874,0.0,-1,0.0,,
u_39875,0.0,-1,0.0,,
u_39876,0.0,-1,0.0,,
u_39877,0.007964605463696399,1141,0.0,0.075,0.0
u_39878,0.03988953958492058,1458,0.0,0.787,0.0
u_39879,0.021071180553700213,53,0.0,0.392,0.0
u_39880,0.0,-1,0.0,,
u_39881,0.043034914056465874,2890,0.0,0.787,0.0
u_39882,0.0,-1,0.0,,
u_39883,0.0,-1,0.0,,
u_39884,0.0,-1,0.0,,
u_39885,0.0,-1,0.0,,
u_39886,0.043034914056465874,1009,0.0,0.787,0.0
u_39887,0.043034914056465874,6334,0.0,0.787,0.0
u_39888,0.0,-1,0.0,,
u_39889,0.043034914056465874,3071,0.0,0.787,0.0
u_39890,0.00011423797683936166,1129,0.0,0.002,0.0
u_39891,0.0,-1,0.0,,
u_39892,0.0,-1,0.0,,
u_39893,0.0,-1,0.0,,
u_39894,0.0,-1,0.0,,
u_39895,0.0,-1,0.0,,
u_39896,0.00024197301486887385,1169,0.0,0.002,0.0
u_39897,0.0015559055908792995,2970,0.0,0.028,0.0
u_39898,0.043034914056465874,5909,0.0,0.787,0.0
u_39899,0.0,-1,0.0,,
u_39900,0.0,-1,0.0,,
u_39901,0.043034914056465874,3263,0.0,0.787,0.0
u_39902,0.0,-1,0.0,,
u_39903,0.0,-1,0.0,,
u_39904,0.0,-1,0.0,,
u_39905,0.0,-1,0.0,,
u_39906,0.0,-1,0.0,,
u_39907,0.0,-1,0.0,,
u_39908,0.04730510580054911,957,0.0,0.446,0.0
u_39909,0.0,-1,0.0,,
u_39910,0.0,-1,0.0,,
u_39911,0.0,-1,0.0,,
u_39912,0.0,-1,0.0,,
u_39913,0.0,-1,0.0,,
u_39914,4.755760162282136e-05,199,0.0,0.001,0.0
u_39915,6.15356822933263e-05,500,0.0,0.001,0.0
u_39916,0.0005567656093928573,2304,0.0,0.01,0.0
u_39917,0.043034914056465874,1649,0.0,0.787,0.0
u_39918,0.0,-1,0.0,,
u_39919,0.0,-1,0.0,,
u_39920,0.0,-1,0.0,,
u_39921,0.043034914056465874,5765,0.0,0.787,0.0
u_39922,0.10273218405394573,2900,0.0,0.967,0.0
u_39923,0.0,-1,0.0,,
u_39924,0.0,-1,0.0,,
u_39925,0.0,-1,0.0,,
u_39926,0.0,-1,0.0,,
u_39927,0.0,-1,0.0,,
u_39928,0.0,-1,0.0,,
u_39929,0.0,-1,0.0,,
u_39930,0.04176235529158438,439,0.0,0.787,0.0
u_39931,0.0,-1,0.0,,
u_39932,0.0,-1,0.0,,
u_39933,0.0,-1,0.0,,
u_39934,0.0,-1,0.0,,
u_39935,0.0,-1,0.0,,
u_39936,0.043034914056465874,5736,0.0,0.787,0.0
u_39937,0.0,-1,0.0,,
u_39938,0.0,-1,0.0,,
u_39939,0.0,-1,0.0,,
u_39940,0.02164048822227178,4330,0.0,0.396,0.0
u_39941,0.043034914056465874,5766,0.0,0.787,0.0
u_39942,0.07963145176697854,952,0.0,0.787,0.0
u_39943,0.0,-1,0.0,,
u_39944,0.0,-1,0.0,,
u_39945,0.0,-1,0.0,,
u_39946,0.0,-1,0.0,,
u_39947,0.0006182127637450918,161,0.0,0.011,0.0
u_39948,0.12132418955661652,1928,0.0,0.787,0.0
u_39949,0.04942751151171173,4697,0.0,0.904,0.0
u_39950,0.0,-1,0.0,,
u_39951,0.0,-1,0.0,,
u_39952,0.0,-1,0.0,,
u_39953,0.0,-1,0.0,,
u_39954,0.0,-1,0.0,,
u_39955,0.0,-1,0.0,,
u_39956,0.07974405351301678,2981,0.0,0.787,0.0
u_39957,0.0,-1,0.0,,
u_39958,0.0,-1,0.0,,
u_39959,0.08039895625850191,4022,0.0,0.787,0.0
u_39960,0.0,-1,0.0,,
u_39961,0.0,-1,0.0,,
u_39962,0.0,-1,0.0,,
u_39963,0.03989129929831137,1771,0.0,0.787,0.0
u_39964,0.08417531978986129,1885,0.0,0.787,0.0
u_39965,0.0,-1,0.0,,
u_39966,0.0,-1,0.0,,
u_39967,0.0,-1,0.0,,
u_39968,0.0,-1,0.0,,
u_39969,0.0,-1,0.0,,
u_39970,0.043034914056465874,5882,0.0,0.787,0.0
u_39971,0.043034914056465874,5767,0.0,0.787,0.0
u_39972,0.043034914056465874,3448,0.0,0.787,0.0
u_39973,0.0,-1,0.0,,
u_39974,0.0,-1,0.0,,
u_39975,0.0,-1,0.0,,
u_39976,0.007227705141702091,3457,0.0,0.068,0.0
u_39977,0.0,-1,0.0,,
u_39978,0.0,-1,0.0,,
u_39979,0.0,-1,0.0,,
u_39980,0.0,-1,0.0,,
u_39981,0.0,-1,0.0,,
u_39982,0.0,-1,0.0,,
u_39983,0.013510933591906412,359,0.0,0.126,0.0
u_39984,0.0,-1,0.0,,
u_39985,0.2036034233359674,1959,0.0,0.787,0.0
u_39986,0.04363549638440021,173,0.0,0.787,0.0
u_39987,0.0,-1,0.0,,
u_39988,0.0,-1,0.0,,
u_39989,0.0,-1,0.0,,
u_39990,0.005351255298347959,3652,0.0,0.098,0.0
u_39991,0.0,-1,0.0,,
u_39992,0.0,-1,0.0,,
u_39993,0.0,-1,0.0,,
u_39994,0.0,-1,0.0,,
u_39995,0.0,-1,0.0,,
u_39996,0.0,-1,0.0,,
u_39997,0.0,-1,0.0,,
u_39998,0.0,-1,0.0,,
u_39999,0.03988790817577699,613,0.0,0.787,0.0
u_40000,0.0,-1,0.0,,
u_40001,0.0,-1,0.0,,
u_40002,0.0,-1,0.0,,
u_40003,0.004773215828231645,472,0.0,0.086,0.0
u_40004,0.0,-1,0.0,,
u_40005,0.0,-1,0.0,,
u_40006,0.03988810691731926,3101,0.0,0.787,0.0
u_40007,0.0,-1,0.0,,
u_40008,0.0,-1,0.0,,
u_40009,0.0,-1,0.0,,
u_40010,0.0,-1,0.0,,
u_40011,0.035502147219551056,4567,0.0,0.649,0.0
u_40012,0.0,-1,0.0,,
u_40013,0.03989781380542112,4248,0.0,0.787,0.0
u_40014,0.0,-1,0.0,,
u_40015,0.043034914056465874,5486,0.0,0.787,0.0
u_40016,0.0,-1,0.0,,
u_40017,0.12079046955141216,89,0.0,0.787,0.0
u_40018,0.0,-1,0.0,,
u_40019,0.0,-1,0.0,,
u_40020,0.0,-1,0.0,,
u_40021,0.043034914056465874,5687,0.0,0.787,0.0
u_40022,0.0,-1,0.0,,
u_40023,0.08236630710979355,6330,0.0,0.787,0.0
u_40024,0.0,-1,0.0,,
u_40025,0.0,-1,0.0,,
u_40026,0.0,-1,0.0,,
u_40027,0.0,-1,0.0,,
u_40028,0.0,-1,0.0,,
u_40029,0.043077663730679186,3406,0.0,0.787,0.0
u_40030,0.043034914056465874,3137,0.0,0.787,0.0
u_40031,0.04033421989797696,1136,0.0,0.787,0.0
u_40032,0.03989052049433068,2680,0.0,0.787,0.0
u_40033,0.0001509452026594996,1330,0.0,0.003,0.0
u_40034,0.0,-1,0.0,,
u_40035,0.0,-1,0.0,,
u_40036,0.002610850935062998,222,0.0,0.051,0.0
u_40037,0.0,-1,0.0,,
u_40038,0.0009181780373862273,445,0.0,0.008,0.0
u_40039,0.0,-1,0.0,,
u_40040,0.0,-1,0.0,,
u_40041,0.0,-1,0.0,,
u_40042,0.025501447591206865,475,0.0,0.162,0.0
u_40043,0.0,-1,0.0,,
u_40044,0.0,-1,0.0,,
u_40045,0.0,-1,0.0,,
u_40046,0.0,-1,0.0,,
u_40047,0.043034914056465874,5085,0.0,0.787,0.0
u_40048,0.0,-1,0.0,,
u_40049,0.0,-1,0.0,,
u_40050,0.0,-1,0.0,,
u_40051,0.0,-1,0.0,,
u_40052,0.043034914056465874,5335,0.0,0.787,0.0
u_40053,0.0,-1,0.0,,
u_40054,0.043034914056465874,5931,0.0,0.787,0.0
u_40055,0.0,-1,0.0,,
u_40056,0.0,-1,0.0,,
u_40057,0.0,-1,0.0,,
u_40058,0.043034914056465874,2157,0.0,0.787,0.0
u_40059,0.0,-1,0.0,,
u_40060,0.043034914056465874,948,0.0,0.787,0.0
u_40061,0.043034914056465874,5537,0.0,0.787,0.0
u_40062,0.043034914056465874,6292,0.0,0.787,0.0
u_40063,0.0,-1,0.0,,
u_40064,0.0,-1,0.0,,
u_40065,0.0,-1,0.0,,
u_40066,0.0,-1,0.0,,
u_40067,0.0,-1,0.0,,
u_40068,0.0,-1,0.0,,
u_40069,0.043034914056465874,5495,0.0,0.787,0.0
u_40070,0.0,-1,0.0,,
u_40071,0.0,-1,0.0,,
u_40072,0.0,-1,0.0,,
u_40073,0.0,-1,0.0,,
u_40074,0.0,-1,0.0,,
u_40075,0.0,-1,0.0,,
u_40076,0.0,-1,0.0,,
u_40077,0.0,-1,0.0,,
u_40078,0.0358391896381641,4573,0.0,0.655,0.0
u_40079,0.0,-1,0.0,,
u_40080,0.0,-1,0.0,,
u_40081,0.0,-1,0.0,,
u_40082,0.043034914056465874,3614,0.0,0.787,0.0
u_40083,0.0,-1,0.0,,
u_40084,0.0,-1,0.0,,
u_40085,0.00836982888289488,3888,0.0,0.153,0.0
u_40086,0.0016360716193429287,2993,0.0,0.03,0.0
u_40087,0.0,-1,0.0,,
u_40088,0.0,-1,0.0,,
u_40089,0.0,-1,0.0,,
u_40090,0.0,-1,0.0,,
u_40091,0.0,-1,0.0,,
u_40092,0.043034914056465874,6295,0.0,0.787,0.0
u_40093,0.0,-1,0.0,,
u_40094,0.0,-1,0.0,,
u_40095,0.12430466192567365,1876,0.0,0.787,0.0
u_40096,0.0,-1,0.0,,
u_40097,0.0,-1,0.0,,
u_40098,0.043034914056465874,6278,0.0,0.787,0.0
u_40099,0.0,-1,0.0,,
u_40100,0.04195560705520288,3507,0.0,0.787,0.0
u_40101,0.00017501471717916518,1466,0.0,0.003,0.0
u_40102,0.08299107815930214,1674,0.0,0.787,0.0
u_40103,0.0,-1,0.0,,
u_40104,0.002077977027984612,475,0.0,0.019,0.0
u_40105,0.0,-1,0.0,,
u_40106,0.0,-1,0.0,,
u_40107,0.043034914056465874,4056,0.0,0.787,0.0
u_40108,0.043034914056465874,3305,0.0,0.787,0.0
u_40109,0.0,-1,0.0,,
u_40110,0.0,-1,0.0,,
u_40111,0.04164593950488939,22,0.0,0.787,0.0
u_40112,0.0,-1,0.0,,
u_40113,0.0,-1,0.0,,
u_40114,0.00030342298800268094,1893,0.0,0.006,0.0
u_40115,0.03988736839664718,1481,0.0,0.787,0.0
u_40116,0.00013910966336864628,1324,0.0,0.003,0.0
u_40117,0.041268438597043836,991,0.0,0.787,0.0
u_40118,0.039889312180375336,4650,0.0,0.787,0.0
u_40119,0.00017894301236636136,519,0.0,0.001,0.0
u_40120,0.041129258538227034,1809,0.0,0.787,0.0
u_40121,4.827573999502243e-05,189,0.0,0.001,0.0
u_40122,0.043034914056465874,4604,0.0,0.787,0.0
u_40123,0.04237874395470376,1905,0.0,0.787,0.0
u_40124,0.0,-1,0.0,,
u_40125,0.043034914056465874,5184,0.0,0.787,0.0
u_40126,0.0,-1,0.0,,
u_40127,0.00042061061567710107,583,0.0,0.004,0.0
u_40128,0.04188526127477894,41,0.0,0.391,0.0
u_40129,0.0,-1,0.0,,
u_40130,0.0,-1,0.0,,
u_40131,0.04436368874332968,1634,0.0,0.787,0.0
u_40132,0.002872388237089543,3294,0.0,0.053,0.0
u_40133,0.0,-1,0.0,,
u_40134,0.0,-1,0.0,,
u_40135,0.0,-1,0.0,,
u_40136,0.0,-1,0.0,,
u_40137,0.0,-1,0.0,,
u_40138,0.0,-1,0.0,,
u_40139,0.0,-1,0.0,,
u_40140,0.04023626857097457,460,0.0,0.787,0.0
u_40141,0.0,-1,0.0,,
u_40142,0.0,-1,0.0,,
u_40143,0.0,-1,0.0,,
u_40144,0.0,-1,0.0,,
u_40145,0.0,-1,0.0,,
u_40146,0.0,-1,0.0,,
u_40147,0.0,-1,0.0,,
u_40148,0.0443719922544402,2867,0.0,0.787,0.0
u_40149,0.0,-1,0.0,,
u_40150,0.0,-1,0.0,,
u_40151,0.0,-1,0.0,,
u_40152,0.0,-1,0.0,,
u_40153,0.0,-1,0.0,,
u_40154,0.0,-1,0.0,,
u_40155,0.041274650909363,1039,0.0,0.787,0.0
u_40156,0.0,-1,0.0,,
u_40157,0.0,-1,0.0,,
u_40158,0.04231886817018959,551,0.0,0.787,0.0
u_40159,0.043034914056465874,4953,0.0,0.787,0.0
u_40160,0.0,-1,0.0,,
u_40161,0.039887951012925166,1183,0.0,0.787,0.0
u_40162,0.0,-1,0.0,,
u_40163,0.0,-1,0.0,,
u_40164,0.0,-1,0.0,,
u_40165,0.043034914056465874,6108,0.0,0.787,0.0
u_40166,0.0,-1,0.0,,
u_40167,0.0,-1,0.0,,
u_40168,0.0,-1,0.0,,
u_40169,0.0,-1,0.0,,
u_40170,0.0,-1,0.0,,
u_40171,0.0,-1,0.0,,
u_40172,0.0,-1,0.0,,
u_40173,0.0,-1,0.0,,
u_40174,0.007015495048026127,1025,0.0,0.045,0.0
u_40175,0.0,-1,0.0,,
u_40176,0.0,-1,0.0,,
u_40177,0.0,-1,0.0,,
u_40178,0.00044938561686804125,2143,0.0,0.008,0.0
u_40179,0.0,-1,0.0,,
u_40180,0.0,-1,0.0,,
u_40181,0.0,-1,0.0,,
u_40182,0.0,-1,0.0,,
u_40183,0.008735122675655748,3913,0.0,0.16,0.0
u_40184,0.0,-1,0.0,,
u_40185,0.012159987748842081,4069,0.0,0.222,0.0
u_40186,0.043034914056465874,4078,0.0,0.787,0.0
u_40187,0.0,-1,0.0,,
u_40188,0.0,-1,0.0,,
u_40189,0.022903304587902674,4349,0.0,0.419,0.0
u_40190,0.0,-1,0.0,,
u_40191,0.0,-1,0.0,,
u_40192,0.0,-1,0.0,,
u_40193,0.0,-1,0.0,,
u_40194,0.043034914056465874,4818,0.0,0.787,0.0
u_40195,0.0001033303553589358,1045,0.0,0.002,0.0
u_40196,0.0,-1,0.0,,
u_40197,0.0,-1,0.0,,
u_40198,0.0,-1,0.0,,
u_40199,0.04011545002917775,567,0.0,0.787,0.0
u_40200,0.08052814107542962,798,0.0,0.787,0.0
u_40201,0.043034914056465874,3391,0.0,0.787,0.0
u_40202,0.0,-1,0.0,,
u_40203,0.08417531978986129,2624,0.0,0.787,0.0
u_40204,0.043034914056465874,5766,0.0,0.787,0.0
u_40205,0.03988855252160132,1570,0.0,0.787,0.0
u_40206,0.0,-1,0.0,,
u_40207,0.0,-1,0.0,,
u_40208,0.043034914056465874,1245,0.0,0.787,0.0
u_40209,0.039890288143155685,325,0.0,0.787,0.0
u_40210,0.039888197506590686,4529,0.0,0.787,0.0
u_40211,0.0,-1,0.0,,
u_40212,0.043034914056465874,4425,0.0,0.787,0.0
u_40213,0.0,-1,0.0,,
u_40214,0.043034914056465874,2793,0.0,0.787,0.0
u_40215,0.0,-1,0.0,,
u_40216,0.04130000879972042,2167,0.0,0.787,0.0
u_40217,0.0,-1,0.0,,
u_40218,0.0,-1,0.0,,
u_40219,0.0,-1,0.0,,
u_40220,0.0,-1,0.0,,
u_40221,0.0,-1,0.0,,
u_40222,0.0,-1,0.0,,
u_40223,0.0,-1,0.0,,
u_40224,0.08345273618774114,1265,0.0,0.787,0.0
u_40225,0.0,-1,0.0,,
u_40226,0.0,-1,0.0,,
u_40227,0.03988845715475379,4601,0.0,0.787,0.0
u_40228,0.0,-1,0.0,,
u_40229,0.0,-1,0.0,,
u_40230,0.0,-1,0.0,,
u_40231,0.0,-1,0.0,,
u_40232,0.0,-1,0.0,,
u_40233,0.0,-1,0.0,,
u_40234,0.0,-1,0.0,,
u_40235,0.0,-1,0.0,,
u_40236,0.0,-1,0.0,,
u_40237,0.0,-1,0.0,,
u_40238,0.0,-1,0.0,,
u_40239,0.043034914056465874,4109,0.0,0.787,0.0
u_40240,0.0,-1,0.0,,
u_40241,0.0,-1,0.0,,
u_40242,0.0,-1,0.0,,
u_40243,0.0,-1,0.0,,
u_40244,0.006698993171870691,656,0.0,0.13,0.0
u_40245,0.0,-1,0.0,,
u_40246,0.0,-1,0.0,,
u_40247,0.0,-1,0.0,,
u_40248,0.0,-1,0.0,,
u_40249,0.0,-1,0.0,,
u_40250,0.0,-1,0.0,,
u_40251,0.0,-1,0.0,,
u_40252,0.0,-1,0.0,,
u_40253,0.0,-1,0.0,,
u_40254,0.0,-1,0.0,,
u_40255,0.0,-1,0.0,,
u_40256,0.0,-1,0.0,,
u_40257,0.0,-1,0.0,,
u_40258,0.0,-1,0.0,,
u_40259,0.0,-1,0.0,,
u_40260,0.043034914056465874,5768,0.0,0.787,0.0
u_40261,0.0,-1,0.0,,
u_40262,0.043034914056465874,5379,0.0,0.787,0.0
u_40263,0.0,-1,0.0,,
u_40264,0.014951491648427235,4150,0.0,0.273,0.0
u_40265,0.0,-1,0.0,,
u_40266,0.0,-1,0.0,,
u_40267,0.0,-1,0.0,,
u_40268,0.043034914056465874,5903,0.0,0.787,0.0
u_40269,0.0,-1,0.0,,
u_40270,0.0,-1,0.0,,
u_40271,0.0,-1,0.0,,
u_40272,0.0,-1,0.0,,
u_40273,0.0,-1,0.0,,
u_40274,0.0,-1,0.0,,
u_40275,0.0,-1,0.0,,
u_40276,0.0,-1,0.0,,
u_40277,0.0,-1,0.0,,
u_40278,0.013533626781452052,1403,0.0,0.265,0.0
u_40279,0.0,-1,0.0,,
u_40280,0.0,-1,0.0,,
u_40281,0.0,-1,0.0,,
u_40282,0.04206251464833064,737,0.0,0.787,0.0
u_40283,0.0,-1,0.0,,
u_40284,0.0,-1,0.0,,
u_40285,0.0,-1,0.0,,
u_40286,0.043034914056465874,4105,0.0,0.787,0.0
u_40287,0.0,-1,0.0,,
u_40288,0.0,-1,0.0,,
u_40289,0.043034914056465874,6119,0.0,0.787,0.0
u_40290,0.0069856604802977515,379,0.0,0.065,0.0
u_40291,0.04219990410080208,1735,0.0,0.787,0.0
u_40292,0.043034914056465874,4321,0.0,0.787,0.0
u_40293,0.0,-1,0.0,,
u_40294,0.0,-1,0.0,,
u_40295,0.0,-1,0.0,,
u_40296,0.004334913115999749,1776,0.0,0.083,0.0
u_40297,5.8465417379129675e-05,161,0.0,0.001,0.0
u_40298,0.0,-1,0.0,,
u_40299,0.0,-1,0.0,,
u_40300,0.0,-1,0.0,,
u_40301,0.040622577354464715,1460,0.0,0.787,0.0
u_40302,0.0,-1,0.0,,
u_40303,0.0006838715311450135,2443,0.0,0.013,0.0
u_40304,0.00031832456251872603,1628,0.0,0.006,0.0
u_40305,0.0,-1,0.0,,
u_40306,0.0,-1,0.0,,
u_40307,0.0,-1,0.0,,
u_40308,8.968813349080427e-05,918,0.0,0.002,0.0
u_40309,0.0,-1,0.0,,
u_40310,0.0,-1,0.0,,
u_40311,0.0,-1,0.0,,
u_40312,0.0,-1,0.0,,
u_40313,0.0,-1,0.0,,
u_40314,0.0,-1,0.0,,
u_40315,0.0,-1,0.0,,
u_40316,0.0009289039188747062,2608,0.0,0.016,0.0
u_40317,0.0,-1,0.0,,
u_40318,0.043034914056465874,6226,0.0,0.787,0.0
u_40319,0.0,-1,0.0,,
u_40320,0.03988844635260997,3371,0.0,0.787,0.0
u_40321,0.00013779841887149514,1248,0.0,0.002,0.0
u_40322,0.0,-1,0.0,,
u_40323,0.025842676215286135,22,0.0,0.501,0.0
u_40324,0.0,-1,0.0,,
u_40325,0.0,-1,0.0,,
u_40326,0.046045188311207415,200,0.0,0.787,0.0
u_40327,0.04496555060570894,648,0.0,0.787,0.0
u_40328,0.043034914056465874,2810,0.0,0.787,0.0
u_40329,0.0,-1,0.0,,
u_40330,0.0,-1,0.0,,
u_40331,0.0012656598397155138,2842,0.0,0.024,0.0
u_40332,0.0,-1,0.0,,
u_40333,0.08027388143202104,1021,0.0,0.787,0.0
u_40334,0.0,-1,0.0,,
u_40335,0.0,-1,0.0,,
u_40336,0.00018669480370871682,1520,0.0,0.003,0.0
u_40337,0.04341978285692907,547,0.0,0.787,0.0
u_40338,0.04436346332453452,1356,0.0,0.787,0.0
u_40339,0.0,-1,0.0,,
u_40340,0.0,-1,0.0,,
u_40341,0.0,-1,0.0,,
u_40342,0.0,-1,0.0,,
u_40343,0.05159116241578004,266,0.0,0.97,0.0
u_40344,0.0,-1,0.0,,
u_40345,0.0,-1,0.0,,
u_40346,0.0,-1,0.0,,
u_40347,0.0,-1,0.0,,
u_40348,0.0,-1,0.0,,
u_40349,0.0,-1,0.0,,
u_40350,0.008724876754139715,3912,0.0,0.159,0.0
u_40351,0.0,-1,0.0,,
u_40352,0.0,-1,0.0,,
u_40353,0.04173361238287864,2263,0.0,0.787,0.0
u_40354,0.0,-1,0.0,,
u_40355,0.0,-1,0.0,,
u_40356,0.0,-1,0.0,,
u_40357,0.043034914056465874,5769,0.0,0.787,0.0
u_40358,0.0,-1,0.0,,
u_40359,0.0,-1,0.0,,
u_40360,0.06308205077252639,4320,0.0,0.586,0.0
u_40361,0.0,-1,0.0,,
u_40362,0.0,-1,0.0,,
u_40363,0.0,-1,0.0,,
u_40364,0.0,-1,0.0,,
u_40365,0.040572109826379925,299,0.0,0.787,0.0
u_40366,0.0,-1,0.0,,
u_40367,0.0,-1,0.0,,
u_40368,0.043034914056465874,5859,0.0,0.787,0.0
u_40369,0.0,-1,0.0,,
u_40370,0.0,-1,0.0,,
u_40371,0.0,-1,0.0,,
u_40372,0.0,-1,0.0,,
u_40373,0.0,-1,0.0,,
u_40374,0.0,-1,0.0,,
u_40375,0.0,-1,0.0,,
u_40376,0.043034914056465874,3298,0.0,0.787,0.0
u_40377,0.0,-1,0.0,,
u_40378,0.0,-1,0.0,,
u_40379,0.08022982685227047,1648,0.0,0.787,0.0
u_40380,0.0,-1,0.0,,
u_40381,0.0,-1,0.0,,
u_40382,0.0,-1,0.0,,
u_40383,0.0,-1,0.0,,
u_40384,0.0,-1,0.0,,
u_40385,0.0,-1,0.0,,
u_40386,0.04283743447665894,1221,0.0,0.787,0.0
u_40387,0.00037858836322445443,1066,0.0,0.007,0.0
u_40388,0.0,-1,0.0,,
u_40389,0.0,-1,0.0,,
u_40390,0.0,-1,0.0,,
u_40391,0.0,-1,0.0,,
u_40392,0.0,-1,0.0,,
u_40393,0.010358987423893736,3978,0.0,0.179,0.0
u_40394,0.0,-1,0.0,,
u_40395,0.0,-1,0.0,,
u_40396,0.0,-1,0.0,,
u_40397,0.043034914056465874,1411,0.0,0.787,0.0
u_40398,0.0,-1,0.0,,
u_40399,0.0,-1,0.0,,
u_40400,0.0,-1,0.0,,
u_40401,0.03988824946621379,152,0.0,0.787,0.0
u_40402,0.0,-1,0.0,,
u_40403,0.0,-1,0.0,,
u_40404,0.0,-1,0.0,,
u_40405,0.0,-1,0.0,,
u_40406,0.0014120438946026816,2899,0.0,0.026,0.0
u_40407,0.043034914056465874,5604,0.0,0.787,0.0
u_40408,0.0,-1,0.0,,
u_40409,0.00024953398651732093,915,0.0,0.005,0.0
u_40410,0.0009595298391138419,1940,0.0,0.006,0.0
u_40411,0.0,-1,0.0,,
u_40412,0.0,-1,0.0,,
u_40413,0.044371093004669175,3548,0.0,0.787,0.0
u_40414,0.0,-1,0.0,,
u_40415,0.0,-1,0.0,,
u_40416,0.043034914056465874,2934,0.0,0.787,0.0
u_40417,0.0,-1,0.0,,
u_40418,0.0,-1,0.0,,
u_40419,0.0,-1,0.0,,
u_40420,0.002437074779658623,168,0.0,0.045,0.0
u_40421,0.0,-1,0.0,,
u_40422,0.04542386506127119,2586,0.0,0.787,0.0
u_40423,0.0,-1,0.0,,
u_40424,0.0,-1,0.0,,
u_40425,0.0,-1,0.0,,
u_40426,0.0,-1,0.0,,
u_40427,0.043034914056465874,559,0.0,0.787,0.0
u_40428,0.0,-1,0.0,,
u_40429,0.0013132683404636822,341,0.0,0.012,0.0
u_40430,0.07962931756260405,4071,0.0,0.787,0.0
u_40431,0.0,-1,0.0,,
u_40432,0.0,-1,0.0,,
u_40433,0.0,-1,0.0,,
u_40434,0.0,-1,0.0,,
u_40435,0.043034914056465874,6232,0.0,0.787,0.0
u_40436,0.0,-1,0.0,,
u_40437,0.0,-1,0.0,,
u_40438,0.0,-1,0.0,,
u_40439,0.06852295262453308,13,0.0,0.653,0.0
u_40440,0.0,-1,0.0,,
u_40441,0.0,-1,0.0,,
u_40442,0.0,-1,0.0,,
u_40443,0.08236280128879066,2698,0.0,0.787,0.0
u_40444,0.0,-1,0.0,,
u_40445,0.0,-1,0.0,,
u_40446,0.04122542162567942,87,0.0,0.787,0.0
u_40447,0.0,-1,0.0,,
u_40448,0.0,-1,0.0,,
u_40449,0.03989074351492339,999,0.0,0.787,0.0
u_40450,0.0,-1,0.0,,
u_40451,0.0,-1,0.0,,
u_40452,0.043034914056465874,458,0.0,0.787,0.0
u_40453,0.0,-1,0.0,,
u_40454,0.043034914056465874,2873,0.0,0.787,0.0
u_40455,0.04537918949180849,3162,0.0,0.424,0.0
u_40456,0.043034914056465874,4987,0.0,0.787,0.0
u_40457,0.043034914056465874,6334,0.0,0.787,0.0
u_40458,0.0,-1,0.0,,
u_40459,0.043034914056465874,5697,0.0,0.787,0.0
u_40460,0.0016988967277466673,3006,0.0,0.031,0.0
u_40461,0.0021686293052720178,2733,0.0,0.02,0.0
u_40462,0.0,-1,0.0,,
u_40463,0.0,-1,0.0,,
u_40464,0.043034914056465874,5438,0.0,0.787,0.0
u_40465,0.0,-1,0.0,,
u_40466,0.0,-1,0.0,,
u_40467,0.0,-1,0.0,,
u_40468,0.07999707284259955,2805,0.0,0.787,0.0
u_40469,0.0007229049538025841,2474,0.0,0.013,0.0
u_40470,0.043034914056465874,6029,0.0,0.787,0.0
u_40471,0.0,-1,0.0,,
u_40472,9.177426485768645e-05,244,0.0,0.001,0.0
u_40473,0.0,-1,0.0,,
u_40474,0.0,-1,0.0,,
u_40475,0.0,-1,0.0,,
u_40476,0.0,-1,0.0,,
u_40477,0.0,-1,0.0,,
u_40478,0.043034914056465874,5886,0.0,0.787,0.0
u_40479,0.04181802427426682,1341,0.0,0.787,0.0
u_40480,0.0,-1,0.0,,
u_40481,0.0,-1,0.0,,
u_40482,0.03988817194449654,87,0.0,0.787,0.0
u_40483,0.0,-1,0.0,,
u_40484,0.0,-1,0.0,,
u_40485,0.0,-1,0.0,,
u_40486,0.0,-1,0.0,,
u_40487,0.0418798075502602,33,0.0,0.787,0.0
u_40488,0.0,-1,0.0,,
u_40489,0.0,-1,0.0,,
u_40490,0.0,-1,0.0,,
u_40491,0.0,-1,0.0,,
u_40492,0.0,-1,0.0,,
u_40493,0.043034914056465874,5397,0.0,0.787,0.0
u_40494,0.0,-1,0.0,,
u_40495,0.0005809924023100766,161,0.0,0.01,0.0
u_40496,0.043034914056465874,5278,0.0,0.787,0.0
u_40497,0.0,-1,0.0,,
u_40498,0.0,-1,0.0,,
u_40499,0.0,-1,0.0,,
u_40500,0.0,-1,0.0,,
u_40501,0.0,-1,0.0,,
u_40502,0.0,-1,0.0,,
u_40503,0.0,-1,0.0,,
u_40504,0.0,-1,0.0,,
u_40505,0.0,-1,0.0,,
u_40506,0.043034914056465874,5650,0.0,0.787,0.0
u_40507,0.00018043009405978446,805,0.0,0.003,0.0
u_40508,0.0,-1,0.0,,
u_40509,0.0,-1,0.0,,
u_40510,0.0,-1,0.0,,
u_40511,0.0,-1,0.0,,
u_40512,0.0,-1,0.0,,
u_40513,0.0,-1,0.0,,
u_40514,0.0,-1,0.0,,
u_40515,0.0,-1,0.0,,
u_40516,0.0,-1,0.0,,
u_40517,0.0,-1,0.0,,
u_40518,0.0,-1,0.0,,
u_40519,0.0,-1,0.0,,
u_40520,7.904024853873754e-05,827,0.0,0.002,0.0
u_40521,0.1253157255232567,347,0.0,0.787,0.0
u_40522,0.0,-1,0.0,,
u_40523,0.0,-1,0.0,,
u_40524,0.04042158557725615,1433,0.0,0.787,0.0
u_40525,0.0,-1,0.0,,
u_40526,0.043034914056465874,1184,0.0,0.787,0.0
u_40527,0.0,-1,0.0,,
u_40528,0.043034914056465874,6335,0.0,0.787,0.0
u_40529,0.00014383059460547438,709,0.0,0.001,0.0
u_40530,0.0,-1,0.0,,
u_40531,0.0,-1,0.0,,
u_40532,0.041254487247834905,697,0.0,0.787,0.0
u_40533,0.0,-1,0.0,,
u_40534,0.039891107144892274,2057,0.0,0.787,0.0
u_40535,0.0,-1,0.0,,
u_40536,0.043743720672156615,1776,0.0,0.787,0.0
u_40537,0.0,-1,0.0,,
u_40538,0.005641736206739722,162,0.0,0.11,0.0
u_40539,0.0,-1,0.0,,
u_40540,0.0,-1,0.0,,
u_40541,0.03988776088965009,588,0.0,0.787,0.0
u_40542,0.0,-1,0.0,,
u_40543,0.0,-1,0.0,,
u_40544,0.0,-1,0.0,,
u_40545,0.0,-1,0.0,,
u_40546,0.0,-1,0.0,,
u_40547,0.043034914056465874,651,0.0,0.787,0.0
u_40548,0.0,-1,0.0,,
u_40549,0.0,-1,0.0,,
u_40550,0.04244028575837499,1915,0.0,0.787,0.0
u_40551,0.0,-1,0.0,,
u_40552,0.0,-1,0.0,,
u_40553,0.043034914056465874,5709,0.0,0.787,0.0
u_40554,0.0,-1,0.0,,
u_40555,0.043034914056465874,6336,0.0,0.787,0.0
u_40556,0.0,-1,0.0,,
u_40557,0.0,-1,0.0,,
u_40558,0.0,-1,0.0,,
u_40559,0.042130407716432006,5344,0.0,0.787,0.0
u_40560,0.040120354188328516,118,0.0,0.787,0.0
u_40561,0.0,-1,0.0,,
u_40562,0.0,-1,0.0,,
u_40563,0.0,-1,0.0,,
u_40564,0.043034914056465874,5870,0.0,0.787,0.0
u_40565,0.0,-1,0.0,,
u_40566,0.0,-1,0.0,,
u_40567,0.0,-1,0.0,,
u_40568,0.0,-1,0.0,,
u_40569,0.0,-1,0.0,,
u_40570,0.0,-1,0.0,,
u_40571,0.0,-1,0.0,,
u_40572,0.0,-1,0.0,,
u_40573,0.000771262701000997,2508,0.0,0.014,0.0
u_40574,0.0398971589604806,3676,0.0,0.787,0.0
u_40575,0.0,-1,0.0,,
u_40576,0.0,-1,0.0,,
u_40577,0.0,-1,0.0,,
u_40578,0.0,-1,0.0,,
u_40579,0.0,-1,0.0,,
u_40580,0.043034914056465874,4008,0.0,0.787,0.0
u_40581,0.043034914056465874,4334,0.0,0.787,0.0
u_40582,0.0,-1,0.0,,
u_40583,0.0,-1,0.0,,
u_40584,0.0,-1,0.0,,
u_40585,0.0,-1,0.0,,
u_40586,0.0,-1,0.0,,
u_40587,0.0011287835749551219,2749,0.0,0.021,0.0
u_40588,0.00015428688129247992,168,0.0,0.001,0.0
u_40589,0.0,-1,0.0,,
u_40590,0.0,-1,0.0,,
u_40591,0.0,-1,0.0,,
u_40592,0.0,-1,0.0,,
u_40593,0.0,-1,0.0,,
u_40594,0.0,-1,0.0,,
u_40595,0.0,-1,0.0,,
u_40596,0.043034914056465874,1545,0.0,0.787,0.0
u_40597,0.0,-1,0.0,,
u_40598,0.0011560341381146582,2766,0.0,0.021,0.0
u_40599,0.0,-1,0.0,,
u_40600,0.0,-1,0.0,,
u_40601,0.0,-1,0.0,,
u_40602,0.039914508332927166,3560,0.0,0.787,0.0
u_40603,0.0,-1,0.0,,
u_40604,0.0,-1,0.0,,
u_40605,0.0,-1,0.0,,
u_40606,0.0,-1,0.0,,
u_40607,0.0,-1,0.0,,
u_40608,0.0,-1,0.0,,
u_40609,0.0,-1,0.0,,
u_40610,0.041056033937383864,254,0.0,0.787,0.0
u_40611,0.043034914056465874,642,0.0,0.787,0.0
u_40612,0.0,-1,0.0,,
u_40613,0.032244092300851956,4518,0.0,0.589,0.0
u_40614,0.042130407716432006,5309,0.0,0.787,0.0
u_40615,0.0,-1,0.0,,
u_40616,0.04057153577412573,3799,0.0,0.787,0.0
u_40617,0.0,-1,0.0,,
u_40618,0.0,-1,0.0,,
u_40619,0.0,-1,0.0,,
u_40620,0.0,-1,0.0,,
u_40621,0.0,-1,0.0,,
u_40622,0.0,-1,0.0,,
u_40623,0.0,-1,0.0,,
u_40624,0.0,-1,0.0,,
u_40625,0.0,-1,0.0,,
u_40626,0.03988845887330814,678,0.0,0.787,0.0
u_40627,0.0,-1,0.0,,
u_40628,0.002734731294545839,3267,0.0,0.05,0.0
u_40629,0.0,-1,0.0,,
u_40630,0.0,-1,0.0,,
u_40631,0.16651986623867837,2886,0.0,0.787,0.0
u_40632,0.0,-1,0.0,,
u_40633,0.0,-1,0.0,,
u_40634,0.0,-1,0.0,,
u_40635,0.0,-1,0.0,,
u_40636,0.001340825923649185,2864,0.0,0.025,0.0
u_40637,0.0,-1,0.0,,
u_40638,0.0,-1,0.0,,
u_40639,0.0802775630592817,3768,0.0,0.787,0.0
u_40640,0.0,-1,0.0,,
u_40641,0.0,-1,0.0,,
u_40642,0.0,-1,0.0,,
u_40643,0.0,-1,0.0,,
u_40644,0.0,-1,0.0,,
u_40645,0.0,-1,0.0,,
u_40646,0.0,-1,0.0,,
u_40647,0.0026157290220795485,1686,0.0,0.048,0.0
u_40648,0.0,-1,0.0,,
u_40649,0.0,-1,0.0,,
u_40650,0.0,-1,0.0,,
u_40651,0.0,-1,0.0,,
u_40652,0.0,-1,0.0,,
u_40653,0.0,-1,0.0,,
u_40654,0.0,-1,0.0,,
u_40655,0.0,-1,0.0,,
u_40656,0.043034914056465874,6337,0.0,0.787,0.0
u_40657,0.0,-1,0.0,,
u_40658,0.0,-1,0.0,,
u_40659,0.0,-1,0.0,,
u_40660,0.001811523687543359,2631,0.0,0.017,0.0
u_40661,0.0,-1,0.0,,
u_40662,0.06856063057032938,4556,0.0,0.641,0.0
u_40663,0.0,-1,0.0,,
u_40664,0.03989229076376142,4497,0.0,0.787,0.0
u_40665,0.0,-1,0.0,,
u_40666,0.0,-1,0.0,,
u_40667,0.0,-1,0.0,,
u_40668,0.0,-1,0.0,,
u_40669,0.0,-1,0.0,,
u_40670,0.0,-1,0.0,,
u_40671,0.0,-1,0.0,,
u_40672,0.0,-1,0.0,,
u_40673,0.0,-1,0.0,,
u_40674,0.0,-1,0.0,,
u_40675,0.0,-1,0.0,,
u_40676,0.0,-1,0.0,,
u_40677,0.0,-1,0.0,,
u_40678,0.043034914056465874,6005,0.0,0.787,0.0
u_40679,0.0,-1,0.0,,
u_40680,0.0,-1,0.0,,
u_40681,0.0,-1,0.0,,
u_40682,0.050982309366853565,4412,0.0,0.476,0.0
u_40683,0.0,-1,0.0,,
u_40684,0.044372180092825037,604,0.0,0.787,0.0
u_40685,0.03989002078882554,4421,0.0,0.787,0.0
u_40686,0.0,-1,0.0,,
u_40687,0.03161390990421764,4512,0.0,0.578,0.0
u_40688,0.0,-1,0.0,,
u_40689,0.03988848769526065,582,0.0,0.787,0.0
u_40690,0.08456961290115705,1507,0.0,0.787,0.0
u_40691,0.012256774321562131,4073,0.0,0.224,0.0
u_40692,0.0,-1,0.0,,
u_40693,0.0,-1,0.0,,
u_40694,0.0,-1,0.0,,
u_40695,0.08417531978986129,4481,0.0,0.787,0.0
u_40696,0.0,-1,0.0,,
u_40697,0.043034914056465874,3837,0.0,0.787,0.0
u_40698,0.0,-1,0.0,,
u_40699,0.0,-1,0.0,,
u_40700,0.0,-1,0.0,,
u_40701,0.0,-1,0.0,,
u_40702,0.0,-1,0.0,,
u_40703,0.0,-1,0.0,,
u_40704,0.0,-1,0.0,,
u_40705,0.043034914056465874,5572,0.0,0.787,0.0
u_40706,0.043034914056465874,3445,0.0,0.787,0.0
u_40707,0.08028951981875322,4687,0.0,0.787,0.0
u_40708,0.0,-1,0.0,,
u_40709,0.0,-1,0.0,,
u_40710,0.0,-1,0.0,,
u_40711,0.043034914056465874,5263,0.0,0.787,0.0
u_40712,0.0,-1,0.0,,
u_40713,0.0,-1,0.0,,
u_40714,0.00015155853479848958,1361,0.0,0.003,0.0
u_40715,5.951782982897945e-05,523,0.0,0.001,0.0
u_40716,0.0,-1,0.0,,
u_40717,0.0,-1,0.0,,
u_40718,0.003942118543503069,2140,0.0,0.037,0.0
u_40719,0.0,-1,0.0,,
u_40720,0.03989861941944495,58,0.0,0.787,0.0
u_40721,0.0,-1,0.0,,
u_40722,0.03988839030538659,277,0.0,0.787,0.0
u_40723,0.0,-1,0.0,,
u_40724,0.00039606393587201,2074,0.0,0.007,0.0
u_40725,0.0,-1,0.0,,
u_40726,0.0,-1,0.0,,
u_40727,0.03988798258039533,452,0.0,0.787,0.0
u_40728,0.050075125750054725,65,0.0,0.471,0.0
u_40729,0.0,-1,0.0,,
u_40730,0.043034914056465874,3170,0.0,0.787,0.0
u_40731,0.0,-1,0.0,,
u_40732,0.0,-1,0.0,,
u_40733,0.0,-1,0.0,,
u_40734,0.0801358478890686,1381,0.0,0.787,0.0
u_40735,0.0,-1,0.0,,
u_40736,0.0,-1,0.0,,
u_40737,0.0,-1,0.0,,
u_40738,0.043034914056465874,115,0.0,0.787,0.0
u_40739,0.039887916963774715,2362,0.0,0.787,0.0
u_40740,0.0,-1,0.0,,
u_40741,0.0,-1,0.0,,
u_40742,0.0,-1,0.0,,
u_40743,0.0,-1,0.0,,
u_40744,0.08417531978986129,5269,0.0,0.787,0.0
u_40745,0.00020201743420293823,1585,0.0,0.004,0.0
u_40746,0.0,-1,0.0,,
u_40747,0.0,-1,0.0,,
u_40748,0.0,-1,0.0,,
u_40749,0.0,-1,0.0,,
u_40750,0.043034914056465874,5712,0.0,0.787,0.0
u_40751,0.0,-1,0.0,,
u_40752,0.0,-1,0.0,,
u_40753,0.0,-1,0.0,,
u_40754,0.0,-1,0.0,,
u_40755,0.0,-1,0.0,,
u_40756,0.0,-1,0.0,,
u_40757,0.0,-1,0.0,,
u_40758,0.0,-1,0.0,,
u_40759,0.0,-1,0.0,,
u_40760,0.08040233288397045,1021,0.0,0.787,0.0
u_40761,0.0,-1,0.0,,
u_40762,0.0,-1,0.0,,
u_40763,0.0,-1,0.0,,
u_40764,0.0,-1,0.0,,
u_40765,0.043034914056465874,5770,0.0,0.787,0.0
u_40766,0.0,-1,0.0,,
u_40767,0.03560332788235042,259,0.0,0.646,0.0
u_40768,0.0,-1,0.0,,
u_40769,0.0,-1,0.0,,
u_40770,0.08032694350852716,168,0.0,0.787,0.0
u_40771,0.0,-1,0.0,,
u_40772,0.0,-1,0.0,,
u_40773,0.043034914056465874,5744,0.0,0.787,0.0
u_40774,0.0,-1,0.0,,
u_40775,0.043034914056465874,5982,0.0,0.787,0.0
u_40776,0.0,-1,0.0,,
u_40777,0.0,-1,0.0,,
u_40778,0.0,-1,0.0,,
u_40779,0.03988815720414173,379,0.0,0.787,0.0
u_40780,0.0,-1,0.0,,
u_40781,0.0,-1,0.0,,
u_40782,0.0,-1,0.0,,
u_40783,0.0,-1,0.0,,
u_40784,0.042130407716432006,5195,0.0,0.787,0.0
u_40785,0.0,-1,0.0,,
u_40786,0.0,-1,0.0,,
u_40787,0.0,-1,0.0,,
u_40788,0.0,-1,0.0,,
u_40789,0.0,-1,0.0,,
u_40790,0.03988912267763326,90,0.0,0.787,0.0
u_40791,0.0,-1,0.0,,
u_40792,0.0,-1,0.0,,
u_40793,0.0,-1,0.0,,
u_40794,0.0,-1,0.0,,
u_40795,0.0,-1,0.0,,
u_40796,0.0,-1,0.0,,
u_40797,0.0,-1,0.0,,
u_40798,0.0,-1,0.0,,
u_40799,7.694139626363084e-05,93,0.0,0.001,0.0
u_40800,0.0,-1,0.0,,
u_40801,0.0,-1,0.0,,
u_40802,0.0,-1,0.0,,
u_40803,0.16586128474727205,3268,0.0,0.787,0.0
u_40804,0.016389089750257064,3588,0.0,0.319,0.0
u_40805,0.0,-1,0.0,,
u_40806,0.0,-1,0.0,,
u_40807,0.0,-1,0.0,,
u_40808,0.043034914056465874,1457,0.0,0.787,0.0
u_40809,0.0,-1,0.0,,
u_40810,0.0,-1,0.0,,
u_40811,0.12186949718685304,919,0.0,0.787,0.0
u_40812,0.04226068884799723,109,0.0,0.787,0.0
u_40813,0.0,-1,0.0,,
u_40814,0.0,-1,0.0,,
u_40815,0.003017259204549083,2966,0.0,0.028,0.0
u_40816,6.558674253084289e-05,584,0.0,0.001,0.0
u_40817,0.043034914056465874,5648,0.0,0.787,0.0
u_40818,0.043034914056465874,5644,0.0,0.787,0.0
u_40819,0.0,-1,0.0,,
u_40820,0.0,-1,0.0,,
u_40821,0.0,-1,0.0,,
u_40822,0.0,-1,0.0,,
u_40823,0.0,-1,0.0,,
u_40824,0.00029670202886375484,1850,0.0,0.005,0.0
u_40825,0.043034914056465874,1719,0.0,0.787,0.0
u_40826,0.0,-1,0.0,,
u_40827,0.0,-1,0.0,,
u_40828,0.0,-1,0.0,,
u_40829,0.0,-1,0.0,,
u_40830,0.0,-1,0.0,,
u_40831,0.0,-1,0.0,,
u_40832,0.0,-1,0.0,,
u_40833,0.043034914056465874,5771,0.0,0.787,0.0
u_40834,0.0,-1,0.0,,
u_40835,0.0,-1,0.0,,
u_40836,0.0,-1,0.0,,
u_40837,0.0,-1,0.0,,
u_40838,0.0,-1,0.0,,
u_40839,0.0,-1,0.0,,
u_40840,0.0,-1,0.0,,
u_40841,0.0,-1,0.0,,
u_40842,0.0024206863630482998,3186,0.0,0.044,0.0
u_40843,0.04087715241456931,904,0.0,0.787,0.0
u_40844,0.0,-1,0.0,,
u_40845,0.00014181960675810153,682,0.0,0.001,0.0
u_40846,0.0,-1,0.0,,
u_40847,0.03989020220279862,3498,0.0,0.787,0.0
u_40848,0.0,-1,0.0,,
u_40849,0.04061138287247065,46,0.0,0.787,0.0
u_40850,0.0,-1,0.0,,
u_40851,0.08236630710979355,6132,0.0,0.787,0.0
u_40852,0.0,-1,0.0,,
u_40853,0.0,-1,0.0,,
u_40854,0.0,-1,0.0,,
u_40855,0.042334705870061384,742,0.0,0.787,0.0
u_40856,0.0,-1,0.0,,
u_40857,0.0,-1,0.0,,
u_40858,0.0,-1,0.0,,
u_40859,0.03989574637631758,1235,0.0,0.787,0.0
u_40860,0.11935563123503284,2790,0.0,0.787,0.0
u_40861,0.042130407716432006,4842,0.0,0.787,0.0
u_40862,0.0,-1,0.0,,
u_40863,0.043034914056465874,2889,0.0,0.787,0.0
u_40864,0.0,-1,0.0,,
u_40865,0.043034914056465874,6289,0.0,0.787,0.0
u_40866,0.0,-1,0.0,,
u_40867,0.003970940397232467,3490,0.0,0.073,0.0
u_40868,0.043034914056465874,4332,0.0,0.787,0.0
u_40869,0.044112946159669424,1011,0.0,0.787,0.0
u_40870,0.0,-1,0.0,,
u_40871,7.686147986724755e-05,87,0.0,0.002,0.0
u_40872,0.0,-1,0.0,,
u_40873,0.0,-1,0.0,,
u_40874,0.043034914056465874,4377,0.0,0.787,0.0
u_40875,0.0,-1,0.0,,
u_40876,0.0,-1,0.0,,
u_40877,0.0,-1,0.0,,
u_40878,0.0,-1,0.0,,
u_40879,0.039890350096182546,3392,0.0,0.787,0.0
u_40880,0.0,-1,0.0,,
u_40881,0.043034914056465874,2131,0.0,0.787,0.0
u_40882,0.0,-1,0.0,,
u_40883,9.700931822153654e-05,992,0.0,0.002,0.0
u_40884,0.0,-1,0.0,,
u_40885,0.0,-1,0.0,,
u_40886,0.0,-1,0.0,,
u_40887,0.00035032108064301094,1988,0.0,0.006,0.0
u_40888,0.0,-1,0.0,,
u_40889,0.0,-1,0.0,,
u_40890,0.0,-1,0.0,,
u_40891,0.0,-1,0.0,,
u_40892,0.0,-1,0.0,,
u_40893,0.08196260594717483,2311,0.0,0.787,0.0
u_40894,0.043034914056465874,5731,0.0,0.787,0.0
u_40895,0.03989316645446754,4603,0.0,0.787,0.0
u_40896,0.0,-1,0.0,,
u_40897,0.0,-1,0.0,,
u_40898,4.808073641782296e-05,255,0.0,0.001,0.0
u_40899,0.03989056236788201,2224,0.0,0.787,0.0
u_40900,0.03988759618338833,87,0.0,0.787,0.0
u_40901,0.0,-1,0.0,,
u_40902,0.0,-1,0.0,,
u_40903,0.0,-1,0.0,,
u_40904,0.0,-1,0.0,,
u_40905,0.0001246137614882336,1172,0.0,0.002,0.0
u_40906,0.0,-1,0.0,,
u_40907,0.0,-1,0.0,,
u_40908,0.0,-1,0.0,,
u_40909,0.000851822622954242,1196,0.0,0.008,0.0
u_40910,0.043034914056465874,6338,0.0,0.787,0.0
u_40911,0.001336583441824804,2197,0.0,0.013,0.0
u_40912,0.0,-1,0.0,,
u_40913,0.0,-1,0.0,,
u_40914,0.0,-1,0.0,,
u_40915,0.043034914056465874,769,0.0,0.787,0.0
u_40916,0.0013684845398808005,2876,0.0,0.025,0.0
u_40917,0.03988841884487934,1642,0.0,0.787,0.0
u_40918,0.0,-1,0.0,,
u_40919,0.043034914056465874,348,0.0,0.787,0.0
u_40920,0.043034914056465874,3918,0.0,0.787,0.0
u_40921,0.043034914056465874,6013,0.0,0.787,0.0
u_40922,0.04503220270203735,4656,0.0,0.823,0.0
u_40923,0.0,-1,0.0,,
u_40924,0.0,-1,0.0,,
u_40925,0.0,-1,0.0,,
u_40926,0.0,-1,0.0,,
u_40927,0.001158372205031548,2770,0.0,0.021,0.0
u_40928,0.0,-1,0.0,,
u_40929,0.0,-1,0.0,,
u_40930,0.0,-1,0.0,,
u_40931,0.0,-1,0.0,,
u_40932,0.0,-1,0.0,,
u_40933,0.043034914056465874,6143,0.0,0.787,0.0
u_40934,0.0,-1,0.0,,
u_40935,0.0,-1,0.0,,
u_40936,0.0,-1,0.0,,
u_40937,0.0,-1,0.0,,
u_40938,0.043034914056465874,4659,0.0,0.787,0.0
u_40939,0.0,-1,0.0,,
u_40940,0.0,-1,0.0,,
u_40941,0.043034914056465874,5598,0.0,0.787,0.0
u_40942,0.0,-1,0.0,,
u_40943,0.0,-1,0.0,,
u_40944,0.043034914056465874,4926,0.0,0.787,0.0
u_40945,0.0,-1,0.0,,
u_40946,0.07961265806970322,2491,0.0,0.758,0.0
u_40947,0.0,-1,0.0,,
u_40948,0.004839993506376599,2730,0.0,0.093,0.0
u_40949,0.0,-1,0.0,,
u_40950,0.0004254935761643854,1634,0.0,0.004,0.0
u_40951,0.042960981804842556,3687,0.0,0.787,0.0
u_40952,0.043034914056465874,2575,0.0,0.787,0.0
u_40953,0.07963106469455439,3288,0.0,0.787,0.0
u_40954,0.04087729024522602,805,0.0,0.787,0.0
u_40955,0.043034914056465874,2974,0.0,0.787,0.0
u_40956,0.0,-1,0.0,,
u_40957,0.0,-1,0.0,,
u_40958,0.0,-1,0.0,,
u_40959,0.043034914056465874,4904,0.0,0.787,0.0
u_40960,0.0,-1,0.0,,
u_40961,0.0,-1,0.0,,
u_40962,0.0,-1,0.0,,
u_40963,0.043034914056465874,3461,0.0,0.787,0.0
u_40964,0.041581833491315244,987,0.0,0.787,0.0
u_40965,0.0,-1,0.0,,
u_40966,0.0,-1,0.0,,
u_40967,0.039888484007981985,1436,0.0,0.787,0.0
u_40968,0.043034914056465874,5765,0.0,0.787,0.0
u_40969,0.0,-1,0.0,,
u_40970,0.0,-1,0.0,,
u_40971,0.0,-1,0.0,,
u_40972,0.0,-1,0.0,,
u_40973,0.0,-1,0.0,,
u_40974,0.0,-1,0.0,,
u_40975,0.04177086892280514,472,0.0,0.787,0.0
u_40976,0.041047390008044894,2929,0.0,0.787,0.0
u_40977,0.0,-1,0.0,,
u_40978,0.0,-1,0.0,,
u_40979,0.043034914056465874,5716,0.0,0.787,0.0
u_40980,0.043034914056465874,961,0.0,0.787,0.0
u_40981,0.0,-1,0.0,,
u_40982,0.043034914056465874,6129,0.0,0.787,0.0
u_40983,0.0,-1,0.0,,
u_40984,0.00261133663734107,2644,0.0,0.025,0.0
u_40985,0.04207090740765231,1288,0.0,0.787,0.0
u_40986,0.0,-1,0.0,,
u_40987,0.0,-1,0.0,,
u_40988,0.0,-1,0.0,,
u_40989,0.04032372172906213,5,0.0,0.787,0.0
u_40990,0.0024091109090849977,3222,0.0,0.047,0.0
u_40991,0.0,-1,0.0,,
u_40992,0.0,-1,0.0,,
u_40993,0.0,-1,0.0,,
u_40994,0.0,-1,0.0,,
u_40995,0.0,-1,0.0,,
u_40996,0.0,-1,0.0,,
u_40997,0.042130407716432006,5591,0.0,0.787,0.0
u_40998,0.03989021144003443,3639,0.0,0.787,0.0
u_40999,0.0,-1,0.0,,
u_41000,0.0,-1,0.0,,
u_41001,0.0009747204197420852,2663,0.0,0.018,0.0
u_41002,0.0003995214655745124,963,0.0,0.007,0.0
u_41003,0.0,-1,0.0,,
u_41004,5.7811535144506e-05,222,0.0,0.001,0.0
u_41005,0.0,-1,0.0,,
u_41006,0.04800137611489746,4680,0.0,0.877,0.0
u_41007,0.0,-1,0.0,,
u_41008,0.03988850173748684,670,0.0,0.787,0.0
u_41009,0.0,-1,0.0,,
u_41010,0.0,-1,0.0,,
u_41011,0.02637201283707628,176,0.0,0.502,0.0
u_41012,0.0,-1,0.0,,
u_41013,0.0,-1,0.0,,
u_41014,0.0,-1,0.0,,
u_41015,0.0,-1,0.0,,
u_41016,0.0,-1,0.0,,
u_41017,0.0,-1,0.0,,
u_41018,0.0,-1,0.0,,
u_41019,0.0,-1,0.0,,
u_41020,0.0,-1,0.0,,
u_41021,0.0,-1,0.0,,
u_41022,0.0005168492962775541,293,0.0,0.009,0.0
u_41023,0.0,-1,0.0,,
u_41024,0.0,-1,0.0,,
u_41025,0.0,-1,0.0,,
u_41026,7.845459984554169e-05,717,0.0,0.001,0.0
u_41027,0.0,-1,0.0,,
u_41028,0.043034914056465874,304,0.0,0.787,0.0
u_41029,0.0,-1,0.0,,
u_41030,0.0,-1,0.0,,
u_41031,0.002859561139938813,12,0.0,0.027,0.0
u_41032,0.0,-1,0.0,,
u_41033,0.0,-1,0.0,,
u_41034,0.043034914056465874,2763,0.0,0.787,0.0
u_41035,0.043034914056465874,2108,0.0,0.787,0.0
u_41036,5.2666617102179476e-05,395,0.0,0.001,0.0
u_41037,0.022538524776374008,4339,0.0,0.406,0.0
u_41038,0.0,-1,0.0,,
u_41039,0.0,-1,0.0,,
u_41040,0.00705575165871127,3829,0.0,0.137,0.0
u_41041,0.0,-1,0.0,,
u_41042,0.0010787923293486348,809,0.0,0.02,0.0
u_41043,0.0,-1,0.0,,
u_41044,0.0,-1,0.0,,
u_41045,0.0,-1,0.0,,
u_41046,0.04040849518547921,3045,0.0,0.787,0.0
u_41047,0.043034914056465874,848,0.0,0.787,0.0
u_41048,0.0,-1,0.0,,
u_41049,0.0,-1,0.0,,
u_41050,0.0,-1,0.0,,
u_41051,0.0,-1,0.0,,
u_41052,0.0,-1,0.0,,
u_41053,0.0011321934528872465,1737,0.0,0.01,0.0
u_41054,0.0,-1,0.0,,
u_41055,0.0,-1,0.0,,
u_41056,0.003655909827241551,3435,0.0,0.065,0.0
u_41057,0.0,-1,0.0,,
u_41058,0.0,-1,0.0,,
u_41059,0.0,-1,0.0,,
u_41060,0.043034914056465874,5772,0.0,0.787,0.0
u_41061,0.0,-1,0.0,,
u_41062,0.043034914056465874,5342,0.0,0.787,0.0
u_41063,0.0,-1,0.0,,
u_41064,0.0,-1,0.0,,
u_41065,0.0,-1,0.0,,
u_41066,0.0,-1,0.0,,
u_41067,0.0,-1,0.0,,
u_41068,0.043034914056465874,5762,0.0,0.787,0.0
u_41069,0.0,-1,0.0,,
u_41070,0.043034914056465874,2708,0.0,0.787,0.0
u_41071,0.0,-1,0.0,,
u_41072,0.0,-1,0.0,,
u_41073,0.0,-1,0.0,,
u_41074,0.0,-1,0.0,,
u_41075,0.00030776366063216417,1878,0.0,0.006,0.0
u_41076,0.0,-1,0.0,,
u_41077,0.0,-1,0.0,,
u_41078,0.0,-1,0.0,,
u_41079,0.043034914056465874,6115,0.0,0.787,0.0
u_41080,0.001296247173940277,2843,0.0,0.024,0.0
u_41081,0.0,-1,0.0,,
u_41082,0.0,-1,0.0,,
u_41083,0.0,-1,0.0,,
u_41084,0.0,-1,0.0,,
u_41085,0.0,-1,0.0,,
u_41086,8.722716354981804e-05,881,0.0,0.002,0.0
u_41087,0.043034914056465874,6124,0.0,0.787,0.0
u_41088,0.042400591920508005,2396,0.0,0.266,0.0
u_41089,0.0,-1,0.0,,
u_41090,0.0,-1,0.0,,
u_41091,0.0003348170010389669,1996,0.0,0.006,0.0
u_41092,0.0,-1,0.0,,
u_41093,0.0,-1,0.0,,
u_41094,0.0,-1,0.0,,
u_41095,0.0,-1,0.0,,
u_41096,0.0,-1,0.0,,
u_41097,0.0,-1,0.0,,
u_41098,0.043034914056465874,5685,0.0,0.787,0.0
u_41099,0.0,-1,0.0,,
u_41100,0.009514052935079077,3960,0.0,0.174,0.0
u_41101,0.0,-1,0.0,,
u_41102,0.0031283079441622227,3352,0.0,0.057,0.0
u_41103,0.0,-1,0.0,,
u_41104,0.0,-1,0.0,,
u_41105,0.0,-1,0.0,,
u_41106,0.039889535119631656,940,0.0,0.787,0.0
u_41107,0.0,-1,0.0,,
u_41108,0.0,-1,0.0,,
u_41109,0.025671689591742798,4401,0.0,0.469,0.0
u_41110,0.0,-1,0.0,,
u_41111,0.0,-1,0.0,,
u_41112,0.0,-1,0.0,,
u_41113,0.0,-1,0.0,,
u_41114,0.0,-1,0.0,,
u_41115,0.0,-1,0.0,,
u_41116,0.0,-1,0.0,,
u_41117,0.0,-1,0.0,,
u_41118,0.03961332157442239,4598,0.0,0.724,0.0
u_41119,0.0,-1,0.0,,
u_41120,0.08156544121391607,485,0.0,0.787,0.0
u_41121,0.043034914056465874,5476,0.0,0.787,0.0
u_41122,0.0,-1,0.0,,
u_41123,0.0705160424481724,3728,0.0,0.659,0.0
u_41124,0.009398741547921126,3956,0.0,0.172,0.0
u_41125,0.0,-1,0.0,,
u_41126,0.0,-1,0.0,,
u_41127,0.0,-1,0.0,,
u_41128,0.0,-1,0.0,,
u_41129,0.07083419043929376,4163,0.0,0.678,0.0
u_41130,0.0,-1,0.0,,
u_41131,0.0,-1,0.0,,
u_41132,0.0,-1,0.0,,
u_41133,0.08417531978986129,5733,0.0,0.787,0.0
u_41134,0.0,-1,0.0,,
u_41135,0.0,-1,0.0,,
u_41136,0.0,-1,0.0,,
u_41137,0.010334776853823948,1972,0.0,0.101,0.0
u_41138,0.043034914056465874,3483,0.0,0.787,0.0
u_41139,0.09824901349470469,4687,0.0,0.883,0.0
u_41140,0.0539259818808066,670,0.0,0.984,0.0
u_41141,0.0,-1,0.0,,
u_41142,0.0,-1,0.0,,
u_41143,0.0,-1,0.0,,
u_41144,0.0,-1,0.0,,
u_41145,0.043034914056465874,4719,0.0,0.787,0.0
u_41146,0.0,-1,0.0,,
u_41147,0.043034914056465874,5006,0.0,0.787,0.0
u_41148,0.0,-1,0.0,,
u_41149,0.08062439791947168,1471,0.0,0.787,0.0
u_41150,0.0,-1,0.0,,
u_41151,0.0,-1,0.0,,
u_41152,0.0,-1,0.0,,
u_41153,0.0032772654508422326,3384,0.0,0.06,0.0
u_41154,0.0,-1,0.0,,
u_41155,0.0,-1,0.0,,
u_41156,0.0,-1,0.0,,
u_41157,0.0,-1,0.0,,
u_41158,0.0,-1,0.0,,
u_41159,0.003971449959393143,2971,0.0,0.073,0.0
u_41160,0.041373590836986836,2713,0.0,0.787,0.0
u_41161,0.0,-1,0.0,,
u_41162,0.08495019634232433,3588,0.0,0.787,0.0
u_41163,0.0,-1,0.0,,
u_41164,0.03988750484187438,4,0.0,0.787,0.0
u_41165,0.0026454769011866846,3243,0.0,0.048,0.0
u_41166,0.0,-1,0.0,,
u_41167,0.0,-1,0.0,,
u_41168,0.0,-1,0.0,,
u_41169,0.0,-1,0.0,,
u_41170,0.0,-1,0.0,,
u_41171,0.042996542318298,3620,0.0,0.787,0.0
u_41172,0.007221502300595155,1773,0.0,0.136,0.0
u_41173,0.0,-1,0.0,,
u_41174,0.043034914056465874,5706,0.0,0.787,0.0
u_41175,0.0,-1,0.0,,
u_41176,0.0,-1,0.0,,
u_41177,0.043034914056465874,5062,0.0,0.787,0.0
u_41178,0.0,-1,0.0,,
u_41179,0.043034914056465874,5159,0.0,0.787,0.0
u_41180,0.0,-1,0.0,,
u_41181,0.0,-1,0.0,,
u_41182,0.0,-1,0.0,,
u_41183,0.0,-1,0.0,,
u_41184,0.0,-1,0.0,,
u_41185,0.0,-1,0.0,,
u_41186,0.0,-1,0.0,,
u_41187,0.0,-1,0.0,,
u_41188,0.07964336369826898,4584,0.0,0.787,0.0
u_41189,0.04067255888808126,168,0.0,0.787,0.0
u_41190,0.0,-1,0.0,,
u_41191,0.0,-1,0.0,,
u_41192,0.043034914056465874,2193,0.0,0.787,0.0
u_41193,0.0,-1,0.0,,
u_41194,0.039887860221486826,3540,0.0,0.787,0.0
u_41195,0.0,-1,0.0,,
u_41196,0.0,-1,0.0,,
u_41197,0.0,-1,0.0,,
u_41198,0.0,-1,0.0,,
u_41199,0.03996855079505603,229,0.0,0.787,0.0
u_41200,0.043034914056465874,5757,0.0,0.787,0.0
u_41201,0.01551307527079079,4170,0.0,0.284,0.0
u_41202,0.040570284801713194,402,0.0,0.787,0.0
u_41203,0.0,-1,0.0,,
u_41204,0.039887825970052124,909,0.0,0.787,0.0
u_41205,0.0,-1,0.0,,
u_41206,0.0,-1,0.0,,
u_41207,0.0,-1,0.0,,
u_41208,0.001070402279188384,2678,0.0,0.018,0.0
u_41209,0.0,-1,0.0,,
u_41210,0.0,-1,0.0,,
u_41211,0.0023595630586605728,222,0.0,0.023,0.0
u_41212,0.0,-1,0.0,,
u_41213,0.0,-1,0.0,,
u_41214,0.0,-1,0.0,,
u_41215,0.0,-1,0.0,,
u_41216,0.0,-1,0.0,,
u_41217,0.003977630834025025,3492,0.0,0.073,0.0
u_41218,0.0,-1,0.0,,
u_41219,0.0,-1,0.0,,
u_41220,0.0,-1,0.0,,
u_41221,0.0,-1,0.0,,
u_41222,0.03988890145249647,4044,0.0,0.787,0.0
u_41223,0.12350102653581074,3629,0.0,0.787,0.0
u_41224,0.0,-1,0.0,,
u_41225,0.043034914056465874,5773,0.0,0.787,0.0
u_41226,0.0,-1,0.0,,
u_41227,0.0,-1,0.0,,
u_41228,0.0001625163900562964,833,0.0,0.002,0.0
u_41229,0.0,-1,0.0,,
u_41230,0.043034914056465874,5774,0.0,0.787,0.0
u_41231,0.0,-1,0.0,,
u_41232,0.0,-1,0.0,,
u_41233,0.0,-1,0.0,,
u_41234,0.0,-1,0.0,,
u_41235,0.0,-1,0.0,,
u_41236,0.0,-1,0.0,,
u_41237,0.0,-1,0.0,,
u_41238,0.0,-1,0.0,,
u_41239,0.0,-1,0.0,,
u_41240,0.0032656987735024275,3381,0.0,0.06,0.0
u_41241,0.0,-1,0.0,,
u_41242,0.0,-1,0.0,,
u_41243,0.0,-1,0.0,,
u_41244,0.0,-1,0.0,,
u_41245,0.08351761018273136,1989,0.0,0.787,0.0
u_41246,0.0,-1,0.0,,
u_41247,0.0,-1,0.0,,
u_41248,0.0,-1,0.0,,
u_41249,0.0,-1,0.0,,
u_41250,0.043034914056465874,5951,0.0,0.787,0.0
u_41251,0.0,-1,0.0,,
u_41252,0.0,-1,0.0,,
u_41253,0.0,-1,0.0,,
u_41254,0.0,-1,0.0,,
u_41255,0.043034914056465874,1364,0.0,0.787,0.0
u_41256,0.0,-1,0.0,,
u_41257,0.0,-1,0.0,,
u_41258,0.043034914056465874,5426,0.0,0.787,0.0
u_41259,0.0,-1,0.0,,
u_41260,0.0,-1,0.0,,
u_41261,0.0,-1,0.0,,
u_41262,0.04368831854513432,3395,0.0,0.787,0.0
u_41263,0.0,-1,0.0,,
u_41264,0.0,-1,0.0,,
u_41265,0.0,-1,0.0,,
u_41266,0.0,-1,0.0,,
u_41267,0.0,-1,0.0,,
u_41268,0.0,-1,0.0,,
u_41269,0.022407027434635764,3844,0.0,0.141,0.0
u_41270,0.0,-1,0.0,,
u_41271,0.0,-1,0.0,,
u_41272,0.0,-1,0.0,,
u_41273,0.043034914056465874,6098,0.0,0.787,0.0
u_41274,0.0,-1,0.0,,
u_41275,0.0,-1,0.0,,
u_41276,0.0,-1,0.0,,
u_41277,0.0,-1,0.0,,
u_41278,0.0,-1,0.0,,
u_41279,0.0,-1,0.0,,
u_41280,0.0,-1,0.0,,
u_41281,0.0,-1,0.0,,
u_41282,0.0,-1,0.0,,
u_41283,0.0,-1,0.0,,
u_41284,0.043034914056465874,4355,0.0,0.787,0.0
u_41285,0.0,-1,0.0,,
u_41286,0.0,-1,0.0,,
u_41287,0.0,-1,0.0,,
u_41288,0.0,-1,0.0,,
u_41289,0.0,-1,0.0,,
u_41290,0.0,-1,0.0,,
u_41291,0.0,-1,0.0,,
u_41292,0.0,-1,0.0,,
u_41293,0.0,-1,0.0,,
u_41294,0.0,-1,0.0,,
u_41295,0.0,-1,0.0,,
u_41296,0.0,-1,0.0,,
u_41297,0.0,-1,0.0,,
u_41298,0.0,-1,0.0,,
u_41299,0.043034914056465874,5207,0.0,0.787,0.0
u_41300,0.0,-1,0.0,,
u_41301,0.0,-1,0.0,,
u_41302,0.000561380748114037,1144,0.0,0.011,0.0
u_41303,0.0,-1,0.0,,
u_41304,0.0,-1,0.0,,
u_41305,0.0,-1,0.0,,
u_41306,0.042130407716432006,4907,0.0,0.787,0.0
u_41307,0.0013349415129752715,2840,0.0,0.024,0.0
u_41308,0.0,-1,0.0,,
u_41309,0.0,-1,0.0,,
u_41310,0.0,-1,0.0,,
u_41311,0.0019016178131382583,3061,0.0,0.035,0.0
u_41312,0.0,-1,0.0,,
u_41313,0.041816253254907995,669,0.0,0.787,0.0
u_41314,0.043034914056465874,3758,0.0,0.787,0.0
u_41315,0.0,-1,0.0,,
u_41316,0.0,-1,0.0,,
u_41317,0.039888245559989224,162,0.0,0.787,0.0
u_41318,0.0,-1,0.0,,
u_41319,0.0,-1,0.0,,
u_41320,0.0,-1,0.0,,
u_41321,0.0,-1,0.0,,
u_41322,0.0,-1,0.0,,
u_41323,0.0,-1,0.0,,
u_41324,0.0,-1,0.0,,
u_41325,0.043034914056465874,3450,0.0,0.787,0.0
u_41326,0.0,-1,0.0,,
u_41327,0.0,-1,0.0,,
u_41328,0.0,-1,0.0,,
u_41329,0.0,-1,0.0,,
u_41330,0.043034914056465874,5046,0.0,0.787,0.0
u_41331,0.0,-1,0.0,,
u_41332,0.043034914056465874,5529,0.0,0.787,0.0
u_41333,0.0,-1,0.0,,
u_41334,0.0,-1,0.0,,
u_41335,0.0,-1,0.0,,
u_41336,0.039898112578034106,1277,0.0,0.787,0.0
u_41337,0.0,-1,0.0,,
u_41338,0.0,-1,0.0,,
u_41339,0.040383864214232366,3126,0.0,0.787,0.0
u_41340,0.0,-1,0.0,,
u_41341,0.0,-1,0.0,,
u_41342,0.0,-1,0.0,,
u_41343,0.0,-1,0.0,,
u_41344,0.0,-1,0.0,,
u_41345,0.0,-1,0.0,,
u_41346,0.0,-1,0.0,,
u_41347,0.08347086653733046,5015,0.0,0.787,0.0
u_41348,0.0,-1,0.0,,
u_41349,0.043034914056465874,5575,0.0,0.787,0.0
u_41350,0.0,-1,0.0,,
u_41351,0.0454908111714534,4360,0.0,0.434,0.0
u_41352,0.0,-1,0.0,,
u_41353,0.02941339521713507,4160,0.0,0.278,0.0
u_41354,0.041131730886312716,5,0.0,0.787,0.0
u_41355,0.0,-1,0.0,,
u_41356,0.04253827637923579,1767,0.0,0.411,0.0
u_41357,0.043034914056465874,5901,0.0,0.787,0.0
u_41358,0.0,-1,0.0,,
u_41359,0.0,-1,0.0,,
u_41360,0.043034914056465874,4469,0.0,0.787,0.0
u_41361,0.0,-1,0.0,,
u_41362,0.0,-1,0.0,,
u_41363,0.0,-1,0.0,,
u_41364,0.03990322539181568,3363,0.0,0.787,0.0
u_41365,0.006889060320711003,3374,0.0,0.064,0.0
u_41366,0.043034914056465874,1660,0.0,0.787,0.0
u_41367,0.0,-1,0.0,,
u_41368,0.0027179516467002946,473,0.0,0.053,0.0
u_41369,0.0,-1,0.0,,
u_41370,0.00011612103233236794,1142,0.0,0.002,0.0
u_41371,0.0,-1,0.0,,
u_41372,0.0,-1,0.0,,
u_41373,0.0,-1,0.0,,
u_41374,0.0,-1,0.0,,
u_41375,0.0,-1,0.0,,
u_41376,0.0411511540708304,1390,0.0,0.787,0.0
u_41377,0.0,-1,0.0,,
u_41378,0.043034914056465874,6301,0.0,0.787,0.0
u_41379,0.0,-1,0.0,,
u_41380,0.0,-1,0.0,,
u_41381,0.0,-1,0.0,,
u_41382,0.0,-1,0.0,,
u_41383,0.0,-1,0.0,,
u_41384,0.043034914056465874,5775,0.0,0.787,0.0
u_41385,0.0,-1,0.0,,
u_41386,0.0,-1,0.0,,
u_41387,0.0,-1,0.0,,
u_41388,0.007486099204299538,3827,0.0,0.137,0.0
u_41389,0.0,-1,0.0,,
u_41390,0.043034914056465874,5616,0.0,0.787,0.0
u_41391,0.0,-1,0.0,,
u_41392,0.0398884275916267,453,0.0,0.787,0.0
u_41393,0.043034914056465874,5400,0.0,0.787,0.0
u_41394,0.0001809146787736927,1460,0.0,0.003,0.0
u_41395,0.0,-1,0.0,,
u_41396,8.03070420333594e-05,794,0.0,0.001,0.0
u_41397,0.0,-1,0.0,,
u_41398,0.0,-1,0.0,,
u_41399,0.0,-1,0.0,,
u_41400,0.0,-1,0.0,,
u_41401,0.043034914056465874,5727,0.0,0.787,0.0
u_41402,0.07963092798803667,295,0.0,0.787,0.0
u_41403,0.041367132452977344,1702,0.0,0.787,0.0
u_41404,0.0,-1,0.0,,
u_41405,0.0,-1,0.0,,
u_41406,0.043034914056465874,6268,0.0,0.787,0.0
u_41407,0.0,-1,0.0,,
u_41408,0.0,-1,0.0,,
u_41409,0.0,-1,0.0,,
u_41410,0.0,-1,0.0,,
u_41411,0.08027380985376506,49,0.0,0.787,0.0
u_41412,0.0,-1,0.0,,
u_41413,0.0,-1,0.0,,
u_41414,0.0,-1,0.0,,
u_41415,0.043034914056465874,5446,0.0,0.787,0.0
u_41416,0.0,-1,0.0,,
u_41417,0.0,-1,0.0,,
u_41418,0.0,-1,0.0,,
u_41419,0.0,-1,0.0,,
u_41420,0.0019699955004038434,3079,0.0,0.036,0.0
u_41421,0.0404144536465451,1534,0.0,0.787,0.0
u_41422,0.043034914056465874,6339,0.0,0.787,0.0
u_41423,0.0,-1,0.0,,
u_41424,0.0,-1,0.0,,
u_41425,0.0,-1,0.0,,
u_41426,0.0,-1,0.0,,
u_41427,0.08236705853496017,1285,0.0,0.787,0.0
u_41428,0.0,-1,0.0,,
u_41429,0.08417531978986129,3551,0.0,0.787,0.0
u_41430,0.00025176395045592437,466,0.0,0.005,0.0
u_41431,0.0,-1,0.0,,
u_41432,0.04063642812403729,693,0.0,0.787,0.0
u_41433,0.0,-1,0.0,,
u_41434,0.0,-1,0.0,,
u_41435,0.0,-1,0.0,,
u_41436,0.0,-1,0.0,,
u_41437,0.0,-1,0.0,,
u_41438,0.0,-1,0.0,,
u_41439,0.0,-1,0.0,,
u_41440,0.043034914056465874,5596,0.0,0.787,0.0
u_41441,0.043034914056465874,5491,0.0,0.787,0.0
u_41442,0.0,-1,0.0,,
u_41443,0.0,-1,0.0,,
u_41444,0.0,-1,0.0,,
u_41445,0.0,-1,0.0,,
u_41446,0.0,-1,0.0,,
u_41447,0.0,-1,0.0,,
u_41448,0.0,-1,0.0,,
u_41449,0.011660362347807006,222,0.0,0.217,0.0
u_41450,0.0,-1,0.0,,
u_41451,0.0,-1,0.0,,
u_41452,0.0,-1,0.0,,
u_41453,0.0,-1,0.0,,
u_41454,0.0,-1,0.0,,
u_41455,0.0,-1,0.0,,
u_41456,0.0,-1,0.0,,
u_41457,0.0,-1,0.0,,
u_41458,0.00169671826496905,2583,0.0,0.016,0.0
u_41459,0.0,-1,0.0,,
u_41460,0.0,-1,0.0,,
u_41461,0.0,-1,0.0,,
u_41462,0.0,-1,0.0,,
u_41463,0.08417531978986129,5776,0.0,0.787,0.0
u_41464,0.0,-1,0.0,,
u_41465,0.007466668013992496,3825,0.0,0.136,0.0
u_41466,0.0,-1,0.0,,
u_41467,0.0016827109948695368,1800,0.0,0.033,0.0
u_41468,0.040925374755182556,266,0.0,0.787,0.0
u_41469,0.0,-1,0.0,,
u_41470,0.0,-1,0.0,,
u_41471,0.043034914056465874,5624,0.0,0.787,0.0
u_41472,0.0,-1,0.0,,
u_41473,0.0,-1,0.0,,
u_41474,0.04325232582270583,2730,0.0,0.787,0.0
u_41475,0.0,-1,0.0,,
u_41476,0.0,-1,0.0,,
u_41477,0.043034914056465874,5813,0.0,0.787,0.0
u_41478,0.0,-1,0.0,,
u_41479,0.0,-1,0.0,,
u_41480,0.0,-1,0.0,,
u_41481,0.00011144594534393608,1120,0.0,0.002,0.0
u_41482,0.0,-1,0.0,,
u_41483,0.0,-1,0.0,,
u_41484,0.0,-1,0.0,,
u_41485,0.0,-1,0.0,,
u_41486,0.0,-1,0.0,,
u_41487,0.043034914056465874,5322,0.0,0.787,0.0
u_41488,0.0,-1,0.0,,
u_41489,0.043034914056465874,5658,0.0,0.787,0.0
u_41490,0.0,-1,0.0,,
u_41491,0.0,-1,0.0,,
u_41492,0.043034914056465874,5138,0.0,0.787,0.0
u_41493,0.042130407716432006,5777,0.0,0.787,0.0
u_41494,0.0,-1,0.0,,
u_41495,0.0,-1,0.0,,
u_41496,0.0,-1,0.0,,
u_41497,0.0,-1,0.0,,
u_41498,0.0,-1,0.0,,
u_41499,0.0,-1,0.0,,
u_41500,0.0,-1,0.0,,
u_41501,0.043034914056465874,4459,0.0,0.787,0.0
u_41502,0.0403327757293709,2884,0.0,0.787,0.0
u_41503,0.0,-1,0.0,,
u_41504,0.0016420596832332868,2586,0.0,0.016,0.0
u_41505,0.0,-1,0.0,,
u_41506,0.043034914056465874,1365,0.0,0.787,0.0
u_41507,0.0,-1,0.0,,
u_41508,0.04086186269353175,797,0.0,0.787,0.0
u_41509,0.0,-1,0.0,,
u_41510,8.358216057944246e-05,96,0.0,0.001,0.0
u_41511,0.039887379445971725,855,0.0,0.787,0.0
u_41512,0.043034914056465874,5152,0.0,0.787,0.0
u_41513,0.0,-1,0.0,,
u_41514,0.0,-1,0.0,,
u_41515,0.043034914056465874,3014,0.0,0.787,0.0
u_41516,0.0,-1,0.0,,
u_41517,0.0,-1,0.0,,
u_41518,0.0,-1,0.0,,
u_41519,0.0,-1,0.0,,
u_41520,0.0026072647699540968,2883,0.0,0.025,0.0
u_41521,0.043034914056465874,5188,0.0,0.787,0.0
u_41522,0.0,-1,0.0,,
u_41523,0.03988854343975579,2711,0.0,0.787,0.0
u_41524,0.043034914056465874,4984,0.0,0.787,0.0
u_41525,0.006971385556209096,3253,0.0,0.126,0.0
u_41526,0.0,-1,0.0,,
u_41527,0.043034914056465874,6173,0.0,0.787,0.0
u_41528,0.000923438594740009,2188,0.0,0.009,0.0
u_41529,0.16473451738633568,940,0.0,0.787,0.0
u_41530,0.0,-1,0.0,,
u_41531,0.0,-1,0.0,,
u_41532,0.0,-1,0.0,,
u_41533,0.0,-1,0.0,,
u_41534,0.0,-1,0.0,,
u_41535,0.0002291864278318038,168,0.0,0.004,0.0
u_41536,0.0,-1,0.0,,
u_41537,0.08417531978986129,5752,0.0,0.787,0.0
u_41538,0.017375766965529962,1,0.0,0.339,0.0
u_41539,0.0,-1,0.0,,
u_41540,0.0,-1,0.0,,
u_41541,0.0,-1,0.0,,
u_41542,0.03252307249369057,4196,0.0,0.304,0.0
u_41543,0.0,-1,0.0,,
u_41544,0.0,-1,0.0,,
u_41545,0.0,-1,0.0,,
u_41546,0.012647270435511185,3620,0.0,0.121,0.0
u_41547,0.0,-1,0.0,,
u_41548,0.043034914056465874,5657,0.0,0.787,0.0
u_41549,0.03988708436527449,3685,0.0,0.787,0.0
u_41550,0.0,-1,0.0,,
u_41551,0.08027563161691621,63,0.0,0.787,0.0
u_41552,0.0,-1,0.0,,
u_41553,0.04381621713368998,486,0.0,0.787,0.0
u_41554,0.0,-1,0.0,,
u_41555,0.0,-1,0.0,,
u_41556,0.0,-1,0.0,,
u_41557,0.043034914056465874,5764,0.0,0.787,0.0
u_41558,0.0,-1,0.0,,
u_41559,0.0,-1,0.0,,
u_41560,0.043034914056465874,5778,0.0,0.787,0.0
u_41561,0.0,-1,0.0,,
u_41562,0.0,-1,0.0,,
u_41563,0.0,-1,0.0,,
u_41564,0.0,-1,0.0,,
u_41565,0.0,-1,0.0,,
u_41566,0.0,-1,0.0,,
u_41567,0.08205779358742395,1770,0.0,0.787,0.0
u_41568,0.0,-1,0.0,,
u_41569,0.0,-1,0.0,,
u_41570,0.00029610463796124985,101,0.0,0.003,0.0
u_41571,0.0,-1,0.0,,
u_41572,0.0,-1,0.0,,
u_41573,0.0030178744679233774,22,0.0,0.058,0.0
u_41574,0.0,-1,0.0,,
u_41575,0.0,-1,0.0,,
u_41576,0.0,-1,0.0,,
u_41577,0.08061512988524973,1345,0.0,0.787,0.0
u_41578,0.0,-1,0.0,,
u_41579,0.0,-1,0.0,,
u_41580,0.0,-1,0.0,,
u_41581,0.0,-1,0.0,,
u_41582,0.043034914056465874,2459,0.0,0.787,0.0
u_41583,0.0,-1,0.0,,
u_41584,0.03988779455113002,1743,0.0,0.787,0.0
u_41585,0.0,-1,0.0,,
u_41586,0.0,-1,0.0,,
u_41587,0.0,-1,0.0,,
u_41588,0.0,-1,0.0,,
u_41589,0.07963273822684619,4347,0.0,0.787,0.0
u_41590,0.0,-1,0.0,,
u_41591,0.0,-1,0.0,,
u_41592,0.07054042708724169,1771,0.0,0.649,0.0
u_41593,0.0,-1,0.0,,
u_41594,0.0,-1,0.0,,
u_41595,0.0,-1,0.0,,
u_41596,0.002130437688475337,702,0.0,0.041,0.0
u_41597,0.0,-1,0.0,,
u_41598,0.0,-1,0.0,,
u_41599,0.0,-1,0.0,,
u_41600,0.0,-1,0.0,,
u_41601,0.03988787661230804,24,0.0,0.787,0.0
u_41602,0.0,-1,0.0,,
u_41603,0.0,-1,0.0,,
u_41604,0.0,-1,0.0,,
u_41605,0.0,-1,0.0,,
u_41606,0.0,-1,0.0,,
u_41607,0.08417531978986129,3876,0.0,0.787,0.0
u_41608,0.039888323141953105,1648,0.0,0.787,0.0
u_41609,0.04338126396654747,4639,0.0,0.793,0.0
u_41610,0.0,-1,0.0,,
u_41611,0.0,-1,0.0,,
u_41612,0.0,-1,0.0,,
u_41613,0.0,-1,0.0,,
u_41614,0.0,-1,0.0,,
u_41615,0.0,-1,0.0,,
u_41616,0.0,-1,0.0,,
u_41617,0.04063102948984571,61,0.0,0.787,0.0
u_41618,0.03988831116663297,1056,0.0,0.787,0.0
u_41619,0.008568173334175144,3903,0.0,0.157,0.0
u_41620,0.042130407716432006,5503,0.0,0.787,0.0
u_41621,6.808431033587404e-05,623,0.0,0.001,0.0
u_41622,0.0,-1,0.0,,
u_41623,0.0,-1,0.0,,
u_41624,0.043034914056465874,1552,0.0,0.787,0.0
u_41625,0.0,-1,0.0,,
u_41626,0.0,-1,0.0,,
u_41627,0.0,-1,0.0,,
u_41628,0.0,-1,0.0,,
u_41629,0.0,-1,0.0,,
u_41630,0.00370306996672072,529,0.0,0.035,0.0
u_41631,0.05107768382425759,4712,0.0,0.934,0.0
u_41632,0.0,-1,0.0,,
u_41633,0.12169783702192051,481,0.0,0.787,0.0
u_41634,0.043034914056465874,6075,0.0,0.787,0.0
u_41635,0.005698145373218489,3681,0.0,0.104,0.0
u_41636,0.0,-1,0.0,,
u_41637,0.04570881217877108,519,0.0,0.787,0.0
u_41638,0.0,-1,0.0,,
u_41639,0.021453299947242557,4322,0.0,0.392,0.0
u_41640,0.0,-1,0.0,,
u_41641,0.0,-1,0.0,,
u_41642,0.043034914056465874,5525,0.0,0.787,0.0
u_41643,0.0,-1,0.0,,
u_41644,0.043034914056465874,4272,0.0,0.787,0.0
u_41645,0.0,-1,0.0,,
u_41646,0.0,-1,0.0,,
u_41647,0.0,-1,0.0,,
u_41648,0.0,-1,0.0,,
u_41649,0.043034914056465874,5115,0.0,0.787,0.0
u_41650,0.0,-1,0.0,,
u_41651,0.0,-1,0.0,,
u_41652,0.043034914056465874,5647,0.0,0.787,0.0
u_41653,0.0,-1,0.0,,
u_41654,0.0,-1,0.0,,
u_41655,0.043034914056465874,2384,0.0,0.787,0.0
u_41656,0.0016804208678532963,2576,0.0,0.016,0.0
u_41657,0.0,-1,0.0,,
u_41658,0.0,-1,0.0,,
u_41659,0.0012364199489823156,1347,0.0,0.024,0.0
u_41660,0.0043830152363660965,1328,0.0,0.082,0.0
u_41661,0.0031917555675420816,2990,0.0,0.03,0.0
u_41662,0.06791479339433829,2038,0.0,0.635,0.0
u_41663,0.043034914056465874,749,0.0,0.787,0.0
u_41664,0.04830652549603131,2488,0.0,0.443,0.0
u_41665,0.0,-1,0.0,,
u_41666,0.0,-1,0.0,,
u_41667,0.043034914056465874,5767,0.0,0.787,0.0
u_41668,0.03990030414486603,3495,0.0,0.787,0.0
u_41669,0.0,-1,0.0,,
u_41670,0.0,-1,0.0,,
u_41671,0.0,-1,0.0,,
u_41672,0.03988815686620582,3860,0.0,0.787,0.0
u_41673,0.043034914056465874,6126,0.0,0.787,0.0
u_41674,0.0,-1,0.0,,
u_41675,0.0,-1,0.0,,
u_41676,0.0,-1,0.0,,
u_41677,0.0,-1,0.0,,
u_41678,0.0,-1,0.0,,
u_41679,0.039887650920977825,74,0.0,0.787,0.0
u_41680,0.0,-1,0.0,,
u_41681,0.0,-1,0.0,,
u_41682,0.0,-1,0.0,,
u_41683,0.0,-1,0.0,,
u_41684,0.0,-1,0.0,,
u_41685,0.0,-1,0.0,,
u_41686,0.0796415602677985,3268,0.0,0.787,0.0
u_41687,0.0,-1,0.0,,
u_41688,0.0,-1,0.0,,
u_41689,0.0,-1,0.0,,
u_41690,0.0,-1,0.0,,
u_41691,0.0,-1,0.0,,
u_41692,0.043034914056465874,5655,0.0,0.787,0.0
u_41693,0.0,-1,0.0,,
u_41694,0.0,-1,0.0,,
u_41695,0.0006692515682102666,2425,0.0,0.012,0.0
u_41696,0.0,-1,0.0,,
u_41697,0.0,-1,0.0,,
u_41698,0.0,-1,0.0,,
u_41699,0.0,-1,0.0,,
u_41700,0.0,-1,0.0,,
u_41701,0.0,-1,0.0,,
u_41702,0.0,-1,0.0,,
u_41703,0.003077293873902939,2979,0.0,0.029,0.0
u_41704,0.043034914056465874,398,0.0,0.787,0.0
u_41705,0.0,-1,0.0,,
u_41706,0.0,-1,0.0,,
u_41707,0.08359891078863667,2279,0.0,0.787,0.0
u_41708,0.0,-1,0.0,,
u_41709,0.0,-1,0.0,,
u_41710,0.0,-1,0.0,,
u_41711,0.0,-1,0.0,,
u_41712,0.0,-1,0.0,,
u_41713,0.0,-1,0.0,,
u_41714,0.043034914056465874,396,0.0,0.787,0.0
u_41715,0.0,-1,0.0,,
u_41716,0.0,-1,0.0,,
u_41717,0.0,-1,0.0,,
u_41718,0.0,-1,0.0,,
u_41719,0.043034914056465874,5589,0.0,0.787,0.0
u_41720,0.0007815798132946276,1611,0.0,0.015,0.0
u_41721,0.0,-1,0.0,,
u_41722,0.0,-1,0.0,,
u_41723,0.0,-1,0.0,,
u_41724,0.0,-1,0.0,,
u_41725,0.07964972078367517,1308,0.0,0.787,0.0
u_41726,0.0,-1,0.0,,
u_41727,0.0,-1,0.0,,
u_41728,0.046275661825023115,592,0.0,0.787,0.0
u_41729,0.0,-1,0.0,,
u_41730,0.0,-1,0.0,,
u_41731,0.006324170901570042,3734,0.0,0.116,0.0
u_41732,0.0,-1,0.0,,
u_41733,0.043034914056465874,2381,0.0,0.787,0.0
u_41734,0.0008040757103639645,2537,0.0,0.015,0.0
u_41735,0.0,-1,0.0,,
u_41736,0.043034914056465874,1318,0.0,0.787,0.0
u_41737,0.002043717564875717,1252,0.0,0.039,0.0
u_41738,0.042130407716432006,5568,0.0,0.787,0.0
u_41739,0.006345926245197977,3738,0.0,0.116,0.0
u_41740,0.0,-1,0.0,,
u_41741,0.0,-1,0.0,,
u_41742,0.0,-1,0.0,,
u_41743,0.0,-1,0.0,,
u_41744,0.043034914056465874,6067,0.0,0.787,0.0
u_41745,0.0,-1,0.0,,
u_41746,0.0,-1,0.0,,
u_41747,0.0,-1,0.0,,
u_41748,0.0,-1,0.0,,
u_41749,0.043034914056465874,673,0.0,0.787,0.0
u_41750,0.03988767687553644,2687,0.0,0.787,0.0
u_41751,0.0,-1,0.0,,
u_41752,0.0,-1,0.0,,
u_41753,0.0,-1,0.0,,
u_41754,0.0,-1,0.0,,
u_41755,0.0,-1,0.0,,
u_41756,0.0,-1,0.0,,
u_41757,0.0,-1,0.0,,
u_41758,0.0,-1,0.0,,
u_41759,0.04084435699727173,4572,0.0,0.787,0.0
u_41760,0.00034357963820276104,7,0.0,0.003,0.0
u_41761,0.08762317116148376,419,0.0,0.787,0.0
u_41762,0.0,-1,0.0,,
u_41763,0.0,-1,0.0,,
u_41764,0.0,-1,0.0,,
u_41765,0.0,-1,0.0,,
u_41766,0.0,-1,0.0,,
u_41767,0.040571745137735,168,0.0,0.787,0.0
u_41768,0.0,-1,0.0,,
u_41769,0.08038801598149893,1496,0.0,0.787,0.0
u_41770,0.00022586143635747576,1666,0.0,0.004,0.0
u_41771,0.0,-1,0.0,,
u_41772,0.0,-1,0.0,,
u_41773,0.0,-1,0.0,,
u_41774,0.0,-1,0.0,,
u_41775,0.0,-1,0.0,,
u_41776,0.0,-1,0.0,,
u_41777,0.0,-1,0.0,,
u_41778,0.0005074640645487117,2279,0.0,0.01,0.0
u_41779,0.040571925598204585,3379,0.0,0.787,0.0
u_41780,0.0,-1,0.0,,
u_41781,0.0,-1,0.0,,
u_41782,0.0,-1,0.0,,
u_41783,0.043034914056465874,4245,0.0,0.787,0.0
u_41784,0.04036329115360827,882,0.0,0.787,0.0
u_41785,0.0,-1,0.0,,
u_41786,0.0,-1,0.0,,
u_41787,0.0,-1,0.0,,
u_41788,0.0,-1,0.0,,
u_41789,0.041364357456354424,207,0.0,0.787,0.0
u_41790,0.0,-1,0.0,,
u_41791,0.04302745408481492,4083,0.0,0.787,0.0
u_41792,0.04399867067387619,1920,0.0,0.787,0.0
u_41793,0.0,-1,0.0,,
u_41794,0.043034914056465874,6170,0.0,0.787,0.0
u_41795,0.0,-1,0.0,,
u_41796,0.08112975616163393,1418,0.0,0.787,0.0
u_41797,0.0008544792863701932,2573,0.0,0.016,0.0
u_41798,0.0,-1,0.0,,
u_41799,0.0,-1,0.0,,
u_41800,0.0,-1,0.0,,
u_41801,0.039887174606659796,3674,0.0,0.787,0.0
u_41802,0.0,-1,0.0,,
u_41803,0.0,-1,0.0,,
u_41804,0.043034914056465874,5075,0.0,0.787,0.0
u_41805,0.0,-1,0.0,,
u_41806,0.0,-1,0.0,,
u_41807,0.043034914056465874,4707,0.0,0.787,0.0
u_41808,0.0,-1,0.0,,
u_41809,0.0,-1,0.0,,
u_41810,0.0,-1,0.0,,
u_41811,0.0,-1,0.0,,
u_41812,0.0,-1,0.0,,
u_41813,0.0,-1,0.0,,
u_41814,0.0,-1,0.0,,
u_41815,0.009299649630779989,3950,0.0,0.17,0.0
u_41816,0.043034914056465874,4784,0.0,0.787,0.0
u_41817,0.0,-1,0.0,,
u_41818,0.0,-1,0.0,,
u_41819,0.0,-1,0.0,,
u_41820,0.0004413170069692005,2148,0.0,0.008,0.0
u_41821,0.043034914056465874,6340,0.0,0.787,0.0
u_41822,0.0,-1,0.0,,
u_41823,0.0,-1,0.0,,
u_41824,0.0003248094172027834,1894,0.0,0.006,0.0
u_41825,0.0,-1,0.0,,
u_41826,0.0,-1,0.0,,
u_41827,0.0005323918087881217,2244,0.0,0.009,0.0
u_41828,0.0,-1,0.0,,
u_41829,0.0,-1,0.0,,
u_41830,0.0024685656388550954,3241,0.0,0.048,0.0
u_41831,0.0,-1,0.0,,
u_41832,0.0,-1,0.0,,
u_41833,0.0,-1,0.0,,
u_41834,0.0,-1,0.0,,
u_41835,0.043034914056465874,553,0.0,0.787,0.0
u_41836,0.0,-1,0.0,,
u_41837,0.0,-1,0.0,,
u_41838,0.043034914056465874,4901,0.0,0.787,0.0
u_41839,0.0,-1,0.0,,
u_41840,0.0,-1,0.0,,
u_41841,0.03988764984926053,1271,0.0,0.787,0.0
u_41842,0.03988863078205378,332,0.0,0.787,0.0
u_41843,0.0,-1,0.0,,
u_41844,0.03988741698481751,1802,0.0,0.787,0.0
u_41845,0.0,-1,0.0,,
u_41846,0.0,-1,0.0,,
u_41847,0.0,-1,0.0,,
u_41848,0.08978226327096667,2245,0.0,0.839,0.0
u_41849,0.0,-1,0.0,,
u_41850,0.0,-1,0.0,,
u_41851,0.0,-1,0.0,,
u_41852,0.0,-1,0.0,,
u_41853,0.0,-1,0.0,,
u_41854,0.0,-1,0.0,,
u_41855,0.0,-1,0.0,,
u_41856,0.0,-1,0.0,,
u_41857,0.0,-1,0.0,,
u_41858,0.0,-1,0.0,,
u_41859,0.0,-1,0.0,,
u_41860,0.0,-1,0.0,,
u_41861,0.0,-1,0.0,,
u_41862,0.0,-1,0.0,,
u_41863,0.0,-1,0.0,,
u_41864,0.0,-1,0.0,,
u_41865,0.0,-1,0.0,,
u_41866,0.0,-1,0.0,,
u_41867,0.043034914056465874,6074,0.0,0.787,0.0
u_41868,0.0,-1,0.0,,
u_41869,0.0,-1,0.0,,
u_41870,0.043034914056465874,1911,0.0,0.787,0.0
u_41871,0.04260392003546025,27,0.0,0.787,0.0
u_41872,0.0,-1,0.0,,
u_41873,0.0,-1,0.0,,
u_41874,0.0006251160255744868,343,0.0,0.011,0.0
u_41875,0.043034914056465874,5665,0.0,0.787,0.0
u_41876,0.0,-1,0.0,,
u_41877,0.0,-1,0.0,,
u_41878,0.0,-1,0.0,,
u_41879,0.0,-1,0.0,,
u_41880,0.0,-1,0.0,,
u_41881,0.0,-1,0.0,,
u_41882,0.0,-1,0.0,,
u_41883,0.0,-1,0.0,,
u_41884,0.0,-1,0.0,,
u_41885,0.0,-1,0.0,,
u_41886,0.0004349367439214231,2134,0.0,0.008,0.0
u_41887,0.0,-1,0.0,,
u_41888,0.0,-1,0.0,,
u_41889,0.0,-1,0.0,,
u_41890,0.0001847554028331972,89,0.0,0.004,0.0
u_41891,0.043034914056465874,5695,0.0,0.787,0.0
u_41892,0.039887684360793735,611,0.0,0.787,0.0
u_41893,0.0,-1,0.0,,
u_41894,0.0,-1,0.0,,
u_41895,0.0,-1,0.0,,
u_41896,0.0,-1,0.0,,
u_41897,0.043034914056465874,6239,0.0,0.787,0.0
u_41898,0.0,-1,0.0,,
u_41899,0.0,-1,0.0,,
u_41900,0.043034914056465874,2292,0.0,0.787,0.0
u_41901,0.0,-1,0.0,,
u_41902,0.0,-1,0.0,,
u_41903,0.036185054859958765,3664,0.0,0.677,0.0
u_41904,0.0,-1,0.0,,
u_41905,0.0008674896594391802,2584,0.0,0.016,0.0
u_41906,0.042130407716432006,5219,0.0,0.787,0.0
u_41907,0.0,-1,0.0,,
u_41908,0.0,-1,0.0,,
u_41909,0.0,-1,0.0,,
u_41910,0.0,-1,0.0,,
u_41911,0.0,-1,0.0,,
u_41912,0.0,-1,0.0,,
u_41913,0.0,-1,0.0,,
u_41914,0.043034914056465874,5170,0.0,0.787,0.0
u_41915,0.043034914056465874,6341,0.0,0.787,0.0
u_41916,0.0,-1,0.0,,
u_41917,0.002231608010539347,1577,0.0,0.043,0.0
u_41918,0.0,-1,0.0,,
u_41919,0.0,-1,0.0,,
u_41920,0.0,-1,0.0,,
u_41921,0.0,-1,0.0,,
u_41922,0.0,-1,0.0,,
u_41923,0.0,-1,0.0,,
u_41924,0.12592813957629725,789,0.0,0.787,0.0
u_41925,0.0004796896451204705,2206,0.0,0.009,0.0
u_41926,0.0036239126718628158,2049,0.0,0.065,0.0
u_41927,0.0,-1,0.0,,
u_41928,0.0,-1,0.0,,
u_41929,0.0,-1,0.0,,
u_41930,0.0,-1,0.0,,
u_41931,0.0,-1,0.0,,
u_41932,0.0,-1,0.0,,
u_41933,0.043034914056465874,6190,0.0,0.787,0.0
u_41934,0.0,-1,0.0,,
u_41935,0.043034914056465874,5432,0.0,0.787,0.0
u_41936,0.0,-1,0.0,,
u_41937,0.0,-1,0.0,,
u_41938,0.0,-1,0.0,,
u_41939,0.07976322403392301,1179,0.0,0.787,0.0
u_41940,0.0,-1,0.0,,
u_41941,0.0802813921041704,2806,0.0,0.787,0.0
u_41942,0.0012631198363305045,2822,0.0,0.023,0.0
u_41943,0.043034914056465874,5722,0.0,0.787,0.0
u_41944,0.043034914056465874,5738,0.0,0.787,0.0
u_41945,0.0,-1,0.0,,
u_41946,0.0,-1,0.0,,
u_41947,0.006761960427984242,3775,0.0,0.124,0.0
u_41948,0.0,-1,0.0,,
u_41949,0.0,-1,0.0,,
u_41950,0.04183194436472025,222,0.0,0.787,0.0
u_41951,0.043034914056465874,5986,0.0,0.787,0.0
u_41952,0.0,-1,0.0,,
u_41953,0.043034914056465874,1484,0.0,0.787,0.0
u_41954,0.08482238948619866,4731,0.0,0.787,0.0
u_41955,0.0,-1,0.0,,
u_41956,0.0,-1,0.0,,
u_41957,0.0,-1,0.0,,
u_41958,0.043034914056465874,4192,0.0,0.787,0.0
u_41959,0.044371268669883494,3530,0.0,0.787,0.0
u_41960,0.0,-1,0.0,,
u_41961,0.0,-1,0.0,,
u_41962,0.0,-1,0.0,,
u_41963,0.043034914056465874,3174,0.0,0.787,0.0
u_41964,0.0,-1,0.0,,
u_41965,0.015254909402370894,797,0.0,0.29,0.0
u_41966,0.0,-1,0.0,,
u_41967,0.0,-1,0.0,,
u_41968,0.0,-1,0.0,,
u_41969,0.0,-1,0.0,,
u_41970,0.043034914056465874,6054,0.0,0.787,0.0
u_41971,0.0,-1,0.0,,
u_41972,0.0,-1,0.0,,
u_41973,0.0,-1,0.0,,
u_41974,0.04436948164669208,2188,0.0,0.787,0.0
u_41975,0.0,-1,0.0,,
u_41976,0.0,-1,0.0,,
u_41977,0.0,-1,0.0,,
u_41978,7.54950807561485e-05,777,0.0,0.001,0.0
u_41979,0.0,-1,0.0,,
u_41980,0.0,-1,0.0,,
u_41981,0.0,-1,0.0,,
u_41982,0.0,-1,0.0,,
u_41983,0.0,-1,0.0,,
u_41984,0.0,-1,0.0,,
u_41985,0.0,-1,0.0,,
u_41986,0.014774316228724459,1055,0.0,0.141,0.0
u_41987,0.04094651977722794,274,0.0,0.787,0.0
u_41988,0.04161120725694185,286,0.0,0.787,0.0
u_41989,0.0,-1,0.0,,
u_41990,0.0,-1,0.0,,
u_41991,0.043034914056465874,4202,0.0,0.787,0.0
u_41992,0.0,-1,0.0,,
u_41993,0.0,-1,0.0,,
u_41994,0.0,-1,0.0,,
u_41995,0.0,-1,0.0,,
u_41996,0.0,-1,0.0,,
u_41997,0.0,-1,0.0,,
u_41998,0.0,-1,0.0,,
u_41999,0.0,-1,0.0,,
u_42000,0.0,-1,0.0,,
u_42001,0.0,-1,0.0,,
u_42002,0.0,-1,0.0,,
u_42003,0.0,-1,0.0,,
u_42004,0.0,-1,0.0,,
u_42005,0.0,-1,0.0,,
u_42006,0.0,-1,0.0,,
u_42007,0.0,-1,0.0,,
u_42008,0.043034914056465874,5720,0.0,0.787,0.0
u_42009,0.0,-1,0.0,,
u_42010,0.043034914056465874,1013,0.0,0.787,0.0
u_42011,0.0014904848822490531,2940,0.0,0.027,0.0
u_42012,0.0,-1,0.0,,
u_42013,0.0,-1,0.0,,
u_42014,0.0,-1,0.0,,
u_42015,0.0,-1,0.0,,
u_42016,0.0,-1,0.0,,
u_42017,0.0,-1,0.0,,
u_42018,0.0,-1,0.0,,
u_42019,0.0,-1,0.0,,
u_42020,0.009624033946757475,3619,0.0,0.091,0.0
u_42021,0.043034914056465874,5526,0.0,0.787,0.0
u_42022,0.0,-1,0.0,,
u_42023,0.04078367241169621,3295,0.0,0.787,0.0
u_42024,0.039888567566442656,2488,0.0,0.787,0.0
u_42025,0.0,-1,0.0,,
u_42026,0.0,-1,0.0,,
u_42027,0.0,-1,0.0,,
u_42028,0.0,-1,0.0,,
u_42029,0.0,-1,0.0,,
u_42030,0.0,-1,0.0,,
u_42031,0.00011231232437000043,1112,0.0,0.002,0.0
u_42032,0.0,-1,0.0,,
u_42033,0.0,-1,0.0,,
u_42034,0.043034914056465874,6026,0.0,0.787,0.0
u_42035,0.0001446763680280073,744,0.0,0.001,0.0
u_42036,0.0,-1,0.0,,
u_42037,0.03988743203846763,1247,0.0,0.787,0.0
u_42038,0.0,-1,0.0,,
u_42039,0.05760975357145181,4464,0.0,0.53,0.0
u_42040,0.043034914056465874,5265,0.0,0.787,0.0
u_42041,0.0,-1,0.0,,
u_42042,0.0,-1,0.0,,
u_42043,0.0,-1,0.0,,
u_42044,0.0,-1,0.0,,
u_42045,0.0011206695627072644,2740,0.0,0.02,0.0
u_42046,0.0,-1,0.0,,
u_42047,0.0,-1,0.0,,
u_42048,0.0,-1,0.0,,
u_42049,0.0,-1,0.0,,
u_42050,0.0,-1,0.0,,
u_42051,0.0,-1,0.0,,
u_42052,0.0,-1,0.0,,
u_42053,0.08417531978986129,3571,0.0,0.787,0.0
u_42054,0.0,-1,0.0,,
u_42055,0.04243137545983724,61,0.0,0.787,0.0
u_42056,0.0015044528773306704,2945,0.0,0.027,0.0
u_42057,0.0,-1,0.0,,
u_42058,0.0,-1,0.0,,
u_42059,0.0,-1,0.0,,
u_42060,0.0,-1,0.0,,
u_42061,0.025921108619799012,1748,0.0,0.495,0.0
u_42062,0.0002773186164604498,162,0.0,0.003,0.0
u_42063,0.0,-1,0.0,,
u_42064,0.0,-1,0.0,,
u_42065,0.0,-1,0.0,,
u_42066,0.0,-1,0.0,,
u_42067,0.039888730149451365,251,0.0,0.787,0.0
u_42068,0.043034914056465874,6342,0.0,0.787,0.0
u_42069,0.043034914056465874,4349,0.0,0.787,0.0
u_42070,0.04138827485906582,1372,0.0,0.787,0.0
u_42071,0.027456335201793736,4439,0.0,0.502,0.0
u_42072,0.0,-1,0.0,,
u_42073,0.0,-1,0.0,,
u_42074,0.0,-1,0.0,,
u_42075,0.043034914056465874,4923,0.0,0.787,0.0
u_42076,0.0,-1,0.0,,
u_42077,0.08151055377493001,2044,0.0,0.787,0.0
u_42078,0.0,-1,0.0,,
u_42079,0.0,-1,0.0,,
u_42080,0.0,-1,0.0,,
u_42081,0.03315496613435043,61,0.0,0.595,0.0
u_42082,9.041348130074911e-05,676,0.0,0.002,0.0
u_42083,0.0,-1,0.0,,
u_42084,0.0,-1,0.0,,
u_42085,0.0,-1,0.0,,
u_42086,0.0,-1,0.0,,
u_42087,0.0006407344455260747,2397,0.0,0.012,0.0
u_42088,0.0,-1,0.0,,
u_42089,0.0,-1,0.0,,
u_42090,0.0,-1,0.0,,
u_42091,0.0,-1,0.0,,
u_42092,0.0,-1,0.0,,
u_42093,0.0,-1,0.0,,
u_42094,0.0,-1,0.0,,
u_42095,0.0,-1,0.0,,
u_42096,0.0,-1,0.0,,
u_42097,0.0,-1,0.0,,
u_42098,0.0,-1,0.0,,
u_42099,0.0,-1,0.0,,
u_42100,0.0,-1,0.0,,
u_42101,0.0,-1,0.0,,
u_42102,0.0,-1,0.0,,
u_42103,0.0,-1,0.0,,
u_42104,0.039898185196184426,2061,0.0,0.787,0.0
u_42105,0.0,-1,0.0,,
u_42106,7.971963329598152e-05,217,0.0,0.002,0.0
u_42107,0.0,-1,0.0,,
u_42108,0.08417531978986129,2648,0.0,0.787,0.0
u_42109,0.0,-1,0.0,,
u_42110,0.0,-1,0.0,,
u_42111,0.08474375718684612,223,0.0,0.787,0.0
u_42112,0.0,-1,0.0,,
u_42113,0.0,-1,0.0,,
u_42114,0.0,-1,0.0,,
u_42115,0.043034914056465874,5418,0.0,0.787,0.0
u_42116,0.0,-1,0.0,,
u_42117,0.0,-1,0.0,,
u_42118,0.0,-1,0.0,,
u_42119,0.043034914056465874,6312,0.0,0.787,0.0
u_42120,0.0,-1,0.0,,
u_42121,0.0008318344927207249,2556,0.0,0.015,0.0
u_42122,0.0,-1,0.0,,
u_42123,0.0,-1,0.0,,
u_42124,0.0443715717685034,3824,0.0,0.787,0.0
u_42125,0.0,-1,0.0,,
u_42126,0.0,-1,0.0,,
u_42127,0.0,-1,0.0,,
u_42128,0.0,-1,0.0,,
u_42129,0.0,-1,0.0,,
u_42130,0.0,-1,0.0,,
u_42131,0.039888238892230754,2166,0.0,0.787,0.0
u_42132,0.043034914056465874,6238,0.0,0.787,0.0
u_42133,0.0,-1,0.0,,
u_42134,0.0,-1,0.0,,
u_42135,0.043034914056465874,1261,0.0,0.787,0.0
u_42136,0.00037182865741897494,2078,0.0,0.007,0.0
u_42137,0.0,-1,0.0,,
u_42138,0.0,-1,0.0,,
u_42139,0.0,-1,0.0,,
u_42140,0.0,-1,0.0,,
u_42141,0.0,-1,0.0,,
u_42142,0.043034914056465874,4616,0.0,0.787,0.0
u_42143,0.00017400338896563427,890,0.0,0.003,0.0
u_42144,0.0,-1,0.0,,
u_42145,0.012361512524798538,4082,0.0,0.226,0.0
u_42146,0.0,-1,0.0,,
u_42147,0.043034914056465874,5182,0.0,0.787,0.0
u_42148,0.0,-1,0.0,,
u_42149,0.0,-1,0.0,,
u_42150,0.0,-1,0.0,,
u_42151,0.0,-1,0.0,,
u_42152,0.07961433235000372,3288,0.0,0.787,0.0
u_42153,0.0,-1,0.0,,
u_42154,0.0,-1,0.0,,
u_42155,0.007745674454045069,3222,0.0,0.14,0.0
u_42156,0.0,-1,0.0,,
u_42157,0.0,-1,0.0,,
u_42158,0.0,-1,0.0,,
u_42159,0.0,-1,0.0,,
u_42160,0.00015125863903973216,1358,0.0,0.003,0.0
u_42161,0.0,-1,0.0,,
u_42162,0.0,-1,0.0,,
u_42163,0.0,-1,0.0,,
u_42164,0.0002483401075909609,1765,0.0,0.005,0.0
u_42165,0.0,-1,0.0,,
u_42166,0.04263555945844896,222,0.0,0.787,0.0
u_42167,0.0,-1,0.0,,
u_42168,0.043034914056465874,5044,0.0,0.787,0.0
u_42169,0.04082377449368027,950,0.0,0.787,0.0
u_42170,0.0,-1,0.0,,
u_42171,0.0,-1,0.0,,
u_42172,0.0,-1,0.0,,
u_42173,0.0,-1,0.0,,
u_42174,0.0,-1,0.0,,
u_42175,0.0,-1,0.0,,
u_42176,0.0,-1,0.0,,
u_42177,0.0,-1,0.0,,
u_42178,0.0,-1,0.0,,
u_42179,0.0,-1,0.0,,
u_42180,9.977011342970596e-05,290,0.0,0.001,0.0
u_42181,0.04114155905881393,690,0.0,0.787,0.0
u_42182,0.0,-1,0.0,,
u_42183,0.0,-1,0.0,,
u_42184,0.0,-1,0.0,,
u_42185,0.0,-1,0.0,,
u_42186,0.0,-1,0.0,,
u_42187,0.0,-1,0.0,,
u_42188,0.0,-1,0.0,,
u_42189,0.0,-1,0.0,,
u_42190,0.043034914056465874,5759,0.0,0.787,0.0
u_42191,0.024066866052939985,97,0.0,0.439,0.0
u_42192,0.0,-1,0.0,,
u_42193,0.043034914056465874,5779,0.0,0.787,0.0
u_42194,0.0,-1,0.0,,
u_42195,0.0,-1,0.0,,
u_42196,0.0,-1,0.0,,
u_42197,0.0,-1,0.0,,
u_42198,0.0,-1,0.0,,
u_42199,0.0,-1,0.0,,
u_42200,0.0,-1,0.0,,
u_42201,0.0023622244904427194,58,0.0,0.022,0.0
u_42202,0.0,-1,0.0,,
u_42203,0.0,-1,0.0,,
u_42204,0.0,-1,0.0,,
u_42205,0.0,-1,0.0,,
u_42206,0.0,-1,0.0,,
u_42207,0.0,-1,0.0,,
u_42208,0.0,-1,0.0,,
u_42209,0.010122588035430176,87,0.0,0.197,0.0
u_42210,0.0,-1,0.0,,
u_42211,0.0,-1,0.0,,
u_42212,0.04149548482291094,168,0.0,0.787,0.0
u_42213,0.013766307074374979,4118,0.0,0.252,0.0
u_42214,0.043034914056465874,6225,0.0,0.787,0.0
u_42215,0.0,-1,0.0,,
u_42216,0.043034914056465874,5780,0.0,0.787,0.0
u_42217,0.02679311168371151,4426,0.0,0.49,0.0
u_42218,0.0,-1,0.0,,
u_42219,0.0,-1,0.0,,
u_42220,0.0,-1,0.0,,
u_42221,0.0,-1,0.0,,
u_42222,0.08394524211045509,2944,0.0,0.787,0.0
u_42223,0.0,-1,0.0,,
u_42224,0.0,-1,0.0,,
u_42225,0.039890201758552624,4493,0.0,0.787,0.0
u_42226,0.12352114743689599,3503,0.0,0.787,0.0
u_42227,0.043034914056465874,4507,0.0,0.787,0.0
u_42228,0.043957398833043844,869,0.0,0.787,0.0
u_42229,0.0,-1,0.0,,
u_42230,0.0,-1,0.0,,
u_42231,0.043034914056465874,6195,0.0,0.787,0.0
u_42232,0.0,-1,0.0,,
u_42233,0.0,-1,0.0,,
u_42234,0.0,-1,0.0,,
u_42235,0.043034914056465874,4191,0.0,0.787,0.0
u_42236,0.0,-1,0.0,,
u_42237,0.03988721876769722,4116,0.0,0.787,0.0
u_42238,0.0,-1,0.0,,
u_42239,0.0,-1,0.0,,
u_42240,0.0,-1,0.0,,
u_42241,0.0,-1,0.0,,
u_42242,0.0,-1,0.0,,
u_42243,0.0,-1,0.0,,
u_42244,0.004591578317633453,1916,0.0,0.085,0.0
u_42245,0.00023970934532039183,326,0.0,0.005,0.0
u_42246,0.0,-1,0.0,,
u_42247,0.0,-1,0.0,,
u_42248,0.0,-1,0.0,,
u_42249,5.094635044949422e-05,287,0.0,0.001,0.0
u_42250,0.043034914056465874,6343,0.0,0.787,0.0
u_42251,0.0,-1,0.0,,
u_42252,0.0,-1,0.0,,
u_42253,0.0,-1,0.0,,
u_42254,0.0,-1,0.0,,
u_42255,0.0,-1,0.0,,
u_42256,0.043034914056465874,6036,0.0,0.787,0.0
u_42257,0.0,-1,0.0,,
u_42258,0.0,-1,0.0,,
u_42259,0.004854174954809929,3604,0.0,0.089,0.0
u_42260,0.0,-1,0.0,,
u_42261,0.04310937217119728,2999,0.0,0.787,0.0
u_42262,0.0,-1,0.0,,
u_42263,0.0,-1,0.0,,
u_42264,0.0,-1,0.0,,
u_42265,0.0407967376427468,168,0.0,0.787,0.0
u_42266,0.0006406965672176846,1928,0.0,0.006,0.0
u_42267,0.0,-1,0.0,,
u_42268,0.03989216083809284,3105,0.0,0.787,0.0
u_42269,0.0,-1,0.0,,
u_42270,0.043034914056465874,3181,0.0,0.787,0.0
u_42271,0.0,-1,0.0,,
u_42272,0.0,-1,0.0,,
u_42273,0.00016154163741949072,826,0.0,0.002,0.0
u_42274,0.0,-1,0.0,,
u_42275,0.0,-1,0.0,,
u_42276,0.043034914056465874,4351,0.0,0.787,0.0
u_42277,0.0429794191660303,2395,0.0,0.787,0.0
u_42278,0.08417531978986129,5781,0.0,0.787,0.0
u_42279,0.00019882456835029714,1049,0.0,0.002,0.0
u_42280,0.043034914056465874,5502,0.0,0.787,0.0
u_42281,0.08002031021581811,252,0.0,0.787,0.0
u_42282,0.13339295793034103,811,0.0,0.837,0.0
u_42283,0.043034914056465874,5696,0.0,0.787,0.0
u_42284,0.0,-1,0.0,,
u_42285,0.08236630710979355,5573,0.0,0.787,0.0
u_42286,0.0,-1,0.0,,
u_42287,0.043034914056465874,6344,0.0,0.787,0.0
u_42288,0.0,-1,0.0,,
u_42289,0.0,-1,0.0,,
u_42290,0.0,-1,0.0,,
u_42291,0.043034914056465874,5637,0.0,0.787,0.0
u_42292,0.0,-1,0.0,,
u_42293,0.040573655114055966,3142,0.0,0.787,0.0
u_42294,0.0,-1,0.0,,
u_42295,0.0,-1,0.0,,
u_42296,0.04717365493056376,4668,0.0,0.862,0.0
u_42297,0.0,-1,0.0,,
u_42298,0.0,-1,0.0,,
u_42299,0.0,-1,0.0,,
u_42300,0.0,-1,0.0,,
u_42301,0.0,-1,0.0,,
u_42302,0.033683361975635394,366,0.0,0.581,0.0
u_42303,0.0,-1,0.0,,
u_42304,0.0,-1,0.0,,
u_42305,0.0,-1,0.0,,
u_42306,0.03989398143412004,26,0.0,0.787,0.0
u_42307,0.0,-1,0.0,,
u_42308,0.0,-1,0.0,,
u_42309,0.0,-1,0.0,,
u_42310,0.0,-1,0.0,,
u_42311,0.0,-1,0.0,,
u_42312,0.0,-1,0.0,,
u_42313,0.0,-1,0.0,,
u_42314,0.0,-1,0.0,,
u_42315,0.043034914056465874,5091,0.0,0.787,0.0
u_42316,0.0,-1,0.0,,
u_42317,0.0,-1,0.0,,
u_42318,0.0,-1,0.0,,
u_42319,0.0,-1,0.0,,
u_42320,0.0,-1,0.0,,
u_42321,0.04101324999603636,929,0.0,0.787,0.0
u_42322,0.039887153781105626,4104,0.0,0.787,0.0
u_42323,0.08186904543819801,1676,0.0,0.787,0.0
u_42324,0.0,-1,0.0,,
u_42325,0.0010602555683036099,1569,0.0,0.021,0.0
u_42326,0.043034914056465874,5782,0.0,0.787,0.0
u_42327,0.0,-1,0.0,,
u_42328,0.0,-1,0.0,,
u_42329,0.0,-1,0.0,,
u_42330,0.0,-1,0.0,,
u_42331,0.0,-1,0.0,,
u_42332,0.0,-1,0.0,,
u_42333,0.0,-1,0.0,,
u_42334,0.043034914056465874,4821,0.0,0.787,0.0
u_42335,0.0,-1,0.0,,
u_42336,0.0,-1,0.0,,
u_42337,0.0,-1,0.0,,
u_42338,0.0,-1,0.0,,
u_42339,9.039252331267225e-05,189,0.0,0.001,0.0
u_42340,0.0,-1,0.0,,
u_42341,0.0,-1,0.0,,
u_42342,0.04187444619209548,3509,0.0,0.787,0.0
u_42343,0.0,-1,0.0,,
u_42344,0.0,-1,0.0,,
u_42345,0.0,-1,0.0,,
u_42346,0.0,-1,0.0,,
u_42347,0.0,-1,0.0,,
u_42348,0.0,-1,0.0,,
u_42349,0.0,-1,0.0,,
u_42350,0.0,-1,0.0,,
u_42351,0.043034914056465874,4341,0.0,0.787,0.0
u_42352,0.0,-1,0.0,,
u_42353,0.0,-1,0.0,,
u_42354,0.08417531978986129,4855,0.0,0.787,0.0
u_42355,0.0,-1,0.0,,
u_42356,0.03988783652585521,3078,0.0,0.787,0.0
u_42357,0.0,-1,0.0,,
u_42358,0.0,-1,0.0,,
u_42359,0.0,-1,0.0,,
u_42360,0.0,-1,0.0,,
u_42361,0.0,-1,0.0,,
u_42362,0.0,-1,0.0,,
u_42363,0.043034914056465874,5530,0.0,0.787,0.0
u_42364,0.0,-1,0.0,,
u_42365,0.0,-1,0.0,,
u_42366,0.043034914056465874,6256,0.0,0.787,0.0
u_42367,0.04371178412749837,2189,0.0,0.787,0.0
u_42368,0.0,-1,0.0,,
u_42369,0.0020877424025909563,2194,0.0,0.02,0.0
u_42370,0.0,-1,0.0,,
u_42371,0.0,-1,0.0,,
u_42372,0.043034914056465874,5200,0.0,0.787,0.0
u_42373,0.0,-1,0.0,,
u_42374,0.00010577232378472286,1109,0.0,0.002,0.0
u_42375,0.039907945271940186,1435,0.0,0.787,0.0
u_42376,0.0,-1,0.0,,
u_42377,0.0,-1,0.0,,
u_42378,0.0,-1,0.0,,
u_42379,0.0007828051607781259,1511,0.0,0.014,0.0
u_42380,0.0,-1,0.0,,
u_42381,0.0,-1,0.0,,
u_42382,0.0,-1,0.0,,
u_42383,0.0,-1,0.0,,
u_42384,0.0,-1,0.0,,
u_42385,0.0,-1,0.0,,
u_42386,0.0,-1,0.0,,
u_42387,0.0,-1,0.0,,
u_42388,0.043034914056465874,6302,0.0,0.787,0.0
u_42389,0.013267643341690309,4107,0.0,0.243,0.0
u_42390,0.0,-1,0.0,,
u_42391,0.043034914056465874,5783,0.0,0.787,0.0
u_42392,0.0,-1,0.0,,
u_42393,0.0,-1,0.0,,
u_42394,0.0,-1,0.0,,
u_42395,0.0009741678059756446,2662,0.0,0.018,0.0
u_42396,0.009699087075814584,3976,0.0,0.177,0.0
u_42397,0.03989547681452788,2027,0.0,0.787,0.0
u_42398,0.08236630710979355,4955,0.0,0.787,0.0
u_42399,0.04418115679498429,358,0.0,0.787,0.0
u_42400,0.0,-1,0.0,,
u_42401,0.04193035462892896,5015,0.0,0.787,0.0
u_42402,0.03988828180816493,49,0.0,0.787,0.0
u_42403,0.0002526394650296186,1179,0.0,0.005,0.0
u_42404,0.043034914056465874,6242,0.0,0.787,0.0
u_42405,0.08392412582804024,61,0.0,0.787,0.0
u_42406,0.0024465251825005465,127,0.0,0.024,0.0
u_42407,0.00025298696678276454,419,0.0,0.005,0.0
u_42408,0.0,-1,0.0,,
u_42409,0.0,-1,0.0,,
u_42410,0.0,-1,0.0,,
u_42411,0.0,-1,0.0,,
u_42412,0.0,-1,0.0,,
u_42413,0.00014403621892218808,712,0.0,0.001,0.0
u_42414,0.0,-1,0.0,,
u_42415,0.043034914056465874,5382,0.0,0.787,0.0
u_42416,0.0,-1,0.0,,
u_42417,0.00014014817572405433,1291,0.0,0.003,0.0
u_42418,0.0,-1,0.0,,
u_42419,0.0,-1,0.0,,
u_42420,0.0,-1,0.0,,
u_42421,0.08011672825486243,1723,0.0,0.787,0.0
u_42422,0.0,-1,0.0,,
u_42423,0.000617476450604905,2359,0.0,0.011,0.0
u_42424,0.082366015301156,2319,0.0,0.787,0.0
u_42425,0.0,-1,0.0,,
u_42426,0.0,-1,0.0,,
u_42427,0.0,-1,0.0,,
u_42428,0.043034914056465874,2216,0.0,0.787,0.0
u_42429,0.0,-1,0.0,,
u_42430,0.0,-1,0.0,,
u_42431,0.0,-1,0.0,,
u_42432,0.001355090412712827,2872,0.0,0.025,0.0
u_42433,0.0,-1,0.0,,
u_42434,0.04217787223288642,61,0.0,0.787,0.0
u_42435,0.0,-1,0.0,,
u_42436,0.0,-1,0.0,,
u_42437,0.0436171405910866,2630,0.0,0.787,0.0
u_42438,0.0,-1,0.0,,
u_42439,0.0,-1,0.0,,
u_42440,0.0,-1,0.0,,
u_42441,0.0,-1,0.0,,
u_42442,0.0,-1,0.0,,
u_42443,0.0,-1,0.0,,
u_42444,0.01941836257499804,1524,0.0,0.184,0.0
u_42445,0.040712521470135994,2033,0.0,0.787,0.0
u_42446,0.0,-1,0.0,,
u_42447,0.043034914056465874,4921,0.0,0.787,0.0
u_42448,0.043034914056465874,6120,0.0,0.787,0.0
u_42449,0.0,-1,0.0,,
u_42450,0.0,-1,0.0,,
u_42451,0.04037336681546677,1332,0.0,0.787,0.0
u_42452,0.03989054462514503,790,0.0,0.787,0.0
u_42453,0.0,-1,0.0,,
u_42454,0.0,-1,0.0,,
u_42455,0.043034914056465874,5299,0.0,0.787,0.0
u_42456,0.0,-1,0.0,,
u_42457,0.0,-1,0.0,,
u_42458,0.0,-1,0.0,,
u_42459,0.08163138160891203,2064,0.0,0.787,0.0
u_42460,0.0,-1,0.0,,
u_42461,0.0,-1,0.0,,
u_42462,0.043034914056465874,5753,0.0,0.787,0.0
u_42463,0.0,-1,0.0,,
u_42464,0.043034914056465874,6326,0.0,0.787,0.0
u_42465,0.043034914056465874,5784,0.0,0.787,0.0
u_42466,0.0,-1,0.0,,
u_42467,0.0,-1,0.0,,
u_42468,0.0,-1,0.0,,
u_42469,0.0,-1,0.0,,
u_42470,0.0,-1,0.0,,
u_42471,0.043034914056465874,1952,0.0,0.787,0.0
u_42472,0.0,-1,0.0,,
u_42473,0.08237369506927174,3038,0.0,0.787,0.0
u_42474,0.0,-1,0.0,,
u_42475,0.0,-1,0.0,,
u_42476,0.0,-1,0.0,,
u_42477,0.043034914056465874,5250,0.0,0.787,0.0
u_42478,0.0,-1,0.0,,
u_42479,0.0,-1,0.0,,
u_42480,0.0,-1,0.0,,
u_42481,0.0,-1,0.0,,
u_42482,0.0,-1,0.0,,
u_42483,0.043034914056465874,2933,0.0,0.787,0.0
u_42484,0.0,-1,0.0,,
u_42485,0.0,-1,0.0,,
u_42486,0.04272343592307358,2881,0.0,0.787,0.0
u_42487,0.0,-1,0.0,,
u_42488,0.0069060284846753,3051,0.0,0.064,0.0
u_42489,0.002943327098686857,2046,0.0,0.052,0.0
u_42490,0.0,-1,0.0,,
u_42491,0.0,-1,0.0,,
u_42492,0.043034914056465874,5756,0.0,0.787,0.0
u_42493,0.0,-1,0.0,,
u_42494,0.0,-1,0.0,,
u_42495,0.0,-1,0.0,,
u_42496,0.0,-1,0.0,,
u_42497,8.420598496079237e-05,813,0.0,0.001,0.0
u_42498,0.0,-1,0.0,,
u_42499,0.0,-1,0.0,,
u_42500,0.00033335403663775734,1935,0.0,0.006,0.0
u_42501,0.0,-1,0.0,,
u_42502,0.043034914056465874,5785,0.0,0.787,0.0
u_42503,0.043034914056465874,6134,0.0,0.787,0.0
u_42504,0.0025614957171196983,3227,0.0,0.047,0.0
u_42505,0.0,-1,0.0,,
u_42506,0.0060901083836943076,3740,0.0,0.117,0.0
u_42507,0.0,-1,0.0,,
u_42508,8.707876491712595e-05,55,0.0,0.002,0.0
u_42509,0.04436646147745678,3431,0.0,0.787,0.0
u_42510,0.0,-1,0.0,,
u_42511,0.0,-1,0.0,,
u_42512,0.03988752155999855,1250,0.0,0.787,0.0
u_42513,0.0,-1,0.0,,
u_42514,0.0,-1,0.0,,
u_42515,0.0,-1,0.0,,
u_42516,0.0,-1,0.0,,
u_42517,0.0,-1,0.0,,
u_42518,0.0,-1,0.0,,
u_42519,0.043034914056465874,5000,0.0,0.787,0.0
u_42520,0.0,-1,0.0,,
u_42521,0.0,-1,0.0,,
u_42522,0.0,-1,0.0,,
u_42523,0.0,-1,0.0,,
u_42524,0.0,-1,0.0,,
u_42525,0.043034914056465874,2808,0.0,0.787,0.0
u_42526,0.0,-1,0.0,,
u_42527,0.043034914056465874,2517,0.0,0.787,0.0
u_42528,0.043037044238204376,2845,0.0,0.787,0.0
u_42529,0.0,-1,0.0,,
u_42530,0.04034756947049175,775,0.0,0.787,0.0
u_42531,0.0,-1,0.0,,
u_42532,0.043034914056465874,2195,0.0,0.787,0.0
u_42533,0.043078719442411775,2469,0.0,0.787,0.0
u_42534,0.0,-1,0.0,,
u_42535,0.03989084680980169,3569,0.0,0.787,0.0
u_42536,0.0003234867341473704,197,0.0,0.006,0.0
u_42537,0.0,-1,0.0,,
u_42538,0.0,-1,0.0,,
u_42539,0.0,-1,0.0,,
u_42540,0.0003296495260365083,1070,0.0,0.006,0.0
u_42541,0.0,-1,0.0,,
u_42542,0.0,-1,0.0,,
u_42543,0.0,-1,0.0,,
u_42544,0.05035471492839063,4704,0.0,0.92,0.0
u_42545,0.00016861807628539875,1470,0.0,0.003,0.0
u_42546,0.0,-1,0.0,,
u_42547,0.0,-1,0.0,,
u_42548,0.0,-1,0.0,,
u_42549,0.0,-1,0.0,,
u_42550,0.04755835080879712,4676,0.0,0.869,0.0
u_42551,0.03989084680980169,3569,0.0,0.787,0.0
u_42552,0.043034914056465874,6303,0.0,0.787,0.0
u_42553,0.0,-1,0.0,,
u_42554,0.0,-1,0.0,,
u_42555,0.043034914056465874,4899,0.0,0.787,0.0
u_42556,0.0,-1,0.0,,
u_42557,0.020817693746024477,4311,0.0,0.381,0.0
u_42558,0.0,-1,0.0,,
u_42559,0.0,-1,0.0,,
u_42560,0.0,-1,0.0,,
u_42561,0.0,-1,0.0,,
u_42562,0.0,-1,0.0,,
u_42563,0.0,-1,0.0,,
u_42564,0.0,-1,0.0,,
u_42565,0.03989316645446754,4603,0.0,0.787,0.0
u_42566,0.04449274973791993,2263,0.0,0.787,0.0
u_42567,0.039889531222917884,334,0.0,0.787,0.0
u_42568,0.0,-1,0.0,,
u_42569,0.0,-1,0.0,,
u_42570,0.0,-1,0.0,,
u_42571,0.08347086653733046,5477,0.0,0.787,0.0
u_42572,0.0,-1,0.0,,
u_42573,0.041716750611488544,797,0.0,0.787,0.0
u_42574,0.0,-1,0.0,,
u_42575,0.0,-1,0.0,,
u_42576,0.0,-1,0.0,,
u_42577,0.0,-1,0.0,,
u_42578,0.0,-1,0.0,,
u_42579,0.0,-1,0.0,,
u_42580,0.0,-1,0.0,,
u_42581,0.043034914056465874,5246,0.0,0.787,0.0
u_42582,0.0,-1,0.0,,
u_42583,0.0,-1,0.0,,
u_42584,0.043034914056465874,5735,0.0,0.787,0.0
u_42585,0.03988854522984242,548,0.0,0.787,0.0
u_42586,0.0,-1,0.0,,
u_42587,0.043034914056465874,6227,0.0,0.787,0.0
u_42588,0.0,-1,0.0,,
u_42589,0.0,-1,0.0,,
u_42590,0.07964751949761387,1678,0.0,0.787,0.0
u_42591,0.0,-1,0.0,,
u_42592,0.0,-1,0.0,,
u_42593,0.0,-1,0.0,,
u_42594,0.0,-1,0.0,,
u_42595,0.0,-1,0.0,,
u_42596,0.0,-1,0.0,,
u_42597,0.0,-1,0.0,,
u_42598,0.0003370041301519836,1454,0.0,0.003,0.0
u_42599,0.0,-1,0.0,,
u_42600,0.0,-1,0.0,,
u_42601,0.0,-1,0.0,,
u_42602,0.00024327688073361536,1700,0.0,0.004,0.0
u_42603,0.0,-1,0.0,,
u_42604,0.0,-1,0.0,,
u_42605,0.00038348282139645605,2052,0.0,0.007,0.0
u_42606,0.000495455942073864,1771,0.0,0.005,0.0
u_42607,0.0,-1,0.0,,
u_42608,0.043034914056465874,6196,0.0,0.787,0.0
u_42609,0.0,-1,0.0,,
u_42610,0.0,-1,0.0,,
u_42611,0.0028795376645552816,168,0.0,0.056,0.0
u_42612,0.0,-1,0.0,,
u_42613,0.0,-1,0.0,,
u_42614,0.043034914056465874,5786,0.0,0.787,0.0
u_42615,0.0,-1,0.0,,
u_42616,0.0,-1,0.0,,
u_42617,0.0,-1,0.0,,
u_42618,0.0,-1,0.0,,
u_42619,0.043034914056465874,5732,0.0,0.787,0.0
u_42620,0.0,-1,0.0,,
u_42621,0.0,-1,0.0,,
u_42622,0.0,-1,0.0,,
u_42623,0.0,-1,0.0,,
u_42624,0.044372676178706494,4042,0.0,0.787,0.0
u_42625,0.08414275152102828,1903,0.0,0.787,0.0
u_42626,0.0,-1,0.0,,
u_42627,0.043034914056465874,5386,0.0,0.787,0.0
u_42628,0.0,-1,0.0,,
u_42629,0.040563439309874966,666,0.0,0.787,0.0
u_42630,0.0,-1,0.0,,
u_42631,0.0,-1,0.0,,
u_42632,0.0,-1,0.0,,
u_42633,0.0,-1,0.0,,
u_42634,0.043034914056465874,5353,0.0,0.787,0.0
u_42635,0.0,-1,0.0,,
u_42636,0.0,-1,0.0,,
u_42637,4.50318085746954e-05,135,0.0,0.001,0.0
u_42638,0.0,-1,0.0,,
u_42639,0.043034914056465874,5787,0.0,0.787,0.0
u_42640,0.0,-1,0.0,,
u_42641,0.0,-1,0.0,,
u_42642,0.0,-1,0.0,,
u_42643,0.0,-1,0.0,,
u_42644,0.0,-1,0.0,,
u_42645,0.0,-1,0.0,,
u_42646,0.0,-1,0.0,,
u_42647,0.0,-1,0.0,,
u_42648,0.0,-1,0.0,,
u_42649,0.003179828393536811,78,0.0,0.061,0.0
u_42650,0.0,-1,0.0,,
u_42651,0.0,-1,0.0,,
u_42652,0.0,-1,0.0,,
u_42653,0.0,-1,0.0,,
u_42654,0.0,-1,0.0,,
u_42655,0.0,-1,0.0,,
u_42656,0.0,-1,0.0,,
u_42657,0.043034914056465874,5306,0.0,0.787,0.0
u_42658,0.0,-1,0.0,,
u_42659,0.0,-1,0.0,,
u_42660,0.04306540033967188,276,0.0,0.787,0.0
u_42661,0.0,-1,0.0,,
u_42662,0.0,-1,0.0,,
u_42663,0.03990301735117119,652,0.0,0.787,0.0
u_42664,0.07440503303071688,626,0.0,0.723,0.0
u_42665,0.08370547490414067,511,0.0,0.787,0.0
u_42666,0.0,-1,0.0,,
u_42667,0.007226989717938687,3796,0.0,0.128,0.0
u_42668,0.043034914056465874,5788,0.0,0.787,0.0
u_42669,0.0,-1,0.0,,
u_42670,0.012839079946168517,534,0.0,0.082,0.0
u_42671,0.0,-1,0.0,,
u_42672,0.0,-1,0.0,,
u_42673,0.0,-1,0.0,,
u_42674,0.0,-1,0.0,,
u_42675,0.0,-1,0.0,,
u_42676,0.0802763421783412,3208,0.0,0.787,0.0
u_42677,0.043034914056465874,5750,0.0,0.787,0.0
u_42678,0.0,-1,0.0,,
u_42679,0.0,-1,0.0,,
u_42680,0.04102638570225281,1159,0.0,0.787,0.0
u_42681,0.0,-1,0.0,,
u_42682,0.0,-1,0.0,,
u_42683,0.043034914056465874,1322,0.0,0.787,0.0
u_42684,5.2562626644773475e-05,328,0.0,0.001,0.0
u_42685,0.0,-1,0.0,,
u_42686,0.0,-1,0.0,,
u_42687,0.0,-1,0.0,,
u_42688,0.0,-1,0.0,,
u_42689,0.0006689878473586927,2458,0.0,0.013,0.0
u_42690,0.043034914056465874,6345,0.0,0.787,0.0
u_42691,0.042346722383789934,266,0.0,0.787,0.0
u_42692,0.08591043923560718,333,0.0,0.545,0.0
u_42693,0.0,-1,0.0,,
u_42694,0.039890484323614445,168,0.0,0.787,0.0
u_42695,0.0,-1,0.0,,
u_42696,0.00024369439215726478,1709,0.0,0.004,0.0
u_42697,0.0,-1,0.0,,
u_42698,0.0,-1,0.0,,
u_42699,0.0,-1,0.0,,
u_42700,0.0002416111373003454,646,0.0,0.002,0.0
u_42701,0.0,-1,0.0,,
u_42702,0.0,-1,0.0,,
u_42703,0.0,-1,0.0,,
u_42704,0.0,-1,0.0,,
u_42705,0.0,-1,0.0,,
u_42706,0.0,-1,0.0,,
u_42707,0.0,-1,0.0,,
u_42708,0.043034914056465874,5789,0.0,0.787,0.0
u_42709,0.009837468252084274,3627,0.0,0.092,0.0
u_42710,0.0398873307982323,3201,0.0,0.787,0.0
u_42711,0.0,-1,0.0,,
u_42712,0.0,-1,0.0,,
u_42713,0.0,-1,0.0,,
u_42714,0.0,-1,0.0,,
u_42715,0.043034914056465874,5815,0.0,0.787,0.0
u_42716,0.0,-1,0.0,,
u_42717,0.0,-1,0.0,,
u_42718,0.0,-1,0.0,,
u_42719,0.0,-1,0.0,,
u_42720,0.0,-1,0.0,,
u_42721,0.0,-1,0.0,,
u_42722,0.0,-1,0.0,,
u_42723,0.0,-1,0.0,,
u_42724,0.008481590112383601,3896,0.0,0.155,0.0
u_42725,0.0,-1,0.0,,
u_42726,0.0,-1,0.0,,
u_42727,0.043034914056465874,4819,0.0,0.787,0.0
u_42728,0.031826591420258295,473,0.0,0.608,0.0
u_42729,0.043034914056465874,6332,0.0,0.787,0.0
u_42730,0.043034914056465874,2185,0.0,0.787,0.0
u_42731,0.0,-1,0.0,,
u_42732,0.03988808523069597,3262,0.0,0.787,0.0
u_42733,0.04264745158626163,2725,0.0,0.787,0.0
u_42734,0.0,-1,0.0,,
u_42735,0.001177397069626312,2786,0.0,0.022,0.0
u_42736,0.0,-1,0.0,,
u_42737,0.0,-1,0.0,,
u_42738,0.0,-1,0.0,,
u_42739,0.04081175900005864,911,0.0,0.787,0.0
u_42740,0.0,-1,0.0,,
u_42741,0.0,-1,0.0,,
u_42742,0.0,-1,0.0,,
u_42743,0.0,-1,0.0,,
u_42744,0.0,-1,0.0,,
u_42745,0.0,-1,0.0,,
u_42746,8.503123238365638e-05,277,0.0,0.002,0.0
u_42747,0.0,-1,0.0,,
u_42748,0.0,-1,0.0,,
u_42749,0.0,-1,0.0,,
u_42750,0.043034914056465874,6230,0.0,0.787,0.0
u_42751,0.043034914056465874,5790,0.0,0.787,0.0
u_42752,0.043034914056465874,1819,0.0,0.787,0.0
u_42753,0.0,-1,0.0,,
u_42754,0.0,-1,0.0,,
u_42755,0.0,-1,0.0,,
u_42756,0.0,-1,0.0,,
u_42757,0.0016953071841081734,112,0.0,0.016,0.0
u_42758,0.043034914056465874,3644,0.0,0.787,0.0
u_42759,0.04020803484087217,1122,0.0,0.787,0.0
u_42760,0.043034914056465874,5791,0.0,0.787,0.0
u_42761,0.0,-1,0.0,,
u_42762,0.0,-1,0.0,,
u_42763,0.042349419929297936,3988,0.0,0.787,0.0
u_42764,0.0,-1,0.0,,
u_42765,0.0,-1,0.0,,
u_42766,0.0,-1,0.0,,
u_42767,0.0,-1,0.0,,
u_42768,0.0,-1,0.0,,
u_42769,0.0,-1,0.0,,
u_42770,0.07922719304453194,960,0.0,0.787,0.0
u_42771,0.043034914056465874,6346,0.0,0.787,0.0
u_42772,0.0,-1,0.0,,
u_42773,0.006157727384435899,3700,0.0,0.109,0.0
u_42774,0.0,-1,0.0,,
u_42775,0.0,-1,0.0,,
u_42776,0.03988903579612112,1425,0.0,0.787,0.0
u_42777,0.08527181115590646,2717,0.0,0.787,0.0
u_42778,0.0,-1,0.0,,
u_42779,0.040573956597863704,47,0.0,0.787,0.0
u_42780,0.0,-1,0.0,,
u_42781,0.0,-1,0.0,,
u_42782,0.0,-1,0.0,,
u_42783,0.006868372907045754,3783,0.0,0.126,0.0
u_42784,0.0,-1,0.0,,
u_42785,0.0,-1,0.0,,
u_42786,0.0,-1,0.0,,
u_42787,0.079633184466475,11,0.0,0.787,0.0
u_42788,0.0,-1,0.0,,
u_42789,0.0,-1,0.0,,
u_42790,0.0,-1,0.0,,
u_42791,0.0,-1,0.0,,
u_42792,0.0,-1,0.0,,
u_42793,0.030319802285626623,4169,0.0,0.283,0.0
u_42794,0.12156519062018406,2337,0.0,0.787,0.0
u_42795,0.0,-1,0.0,,
u_42796,0.042130407716432006,5276,0.0,0.787,0.0
u_42797,0.0,-1,0.0,,
u_42798,0.04191396530663763,1210,0.0,0.787,0.0
u_42799,0.0,-1,0.0,,
u_42800,0.0,-1,0.0,,
u_42801,0.0,-1,0.0,,
u_42802,0.040982168100616646,489,0.0,0.787,0.0
u_42803,0.0,-1,0.0,,
u_42804,0.0,-1,0.0,,
u_42805,0.0,-1,0.0,,
u_42806,0.08120891653271803,97,0.0,0.787,0.0
u_42807,0.0,-1,0.0,,
u_42808,0.0,-1,0.0,,
u_42809,0.0,-1,0.0,,
u_42810,0.043034914056465874,5667,0.0,0.787,0.0
u_42811,0.0,-1,0.0,,
u_42812,0.0,-1,0.0,,
u_42813,0.0,-1,0.0,,
u_42814,0.0,-1,0.0,,
u_42815,0.0,-1,0.0,,
u_42816,0.04162557519055203,1414,0.0,0.787,0.0
u_42817,0.0,-1,0.0,,
u_42818,0.0,-1,0.0,,
u_42819,0.0,-1,0.0,,
u_42820,0.043034914056465874,5512,0.0,0.787,0.0
u_42821,0.0,-1,0.0,,
u_42822,0.0,-1,0.0,,
u_42823,0.0,-1,0.0,,
u_42824,0.0,-1,0.0,,
u_42825,0.0006874876492544162,2424,0.0,0.012,0.0
u_42826,0.00019740853401194067,1574,0.0,0.004,0.0
u_42827,0.009276864123196673,3689,0.0,0.172,0.0
u_42828,0.0,-1,0.0,,
u_42829,0.0,-1,0.0,,
u_42830,0.0,-1,0.0,,
u_42831,0.0,-1,0.0,,
u_42832,0.0,-1,0.0,,
u_42833,0.0,-1,0.0,,
u_42834,0.0,-1,0.0,,
u_42835,0.0,-1,0.0,,
u_42836,0.0,-1,0.0,,
u_42837,0.0,-1,0.0,,
u_42838,0.0,-1,0.0,,
u_42839,0.0,-1,0.0,,
u_42840,0.0,-1,0.0,,
u_42841,0.0,-1,0.0,,
u_42842,0.00047719286347254627,2199,0.0,0.009,0.0
u_42843,0.0,-1,0.0,,
u_42844,0.0,-1,0.0,,
u_42845,0.043034914056465874,5784,0.0,0.787,0.0
u_42846,0.0,-1,0.0,,
u_42847,0.0,-1,0.0,,
u_42848,0.0,-1,0.0,,
u_42849,0.0,-1,0.0,,
u_42850,0.0,-1,0.0,,
u_42851,0.0,-1,0.0,,
u_42852,0.043034914056465874,6189,0.0,0.787,0.0
u_42853,0.043417040931708395,2996,0.0,0.787,0.0
u_42854,0.0,-1,0.0,,
u_42855,0.0,-1,0.0,,
u_42856,0.043034914056465874,6340,0.0,0.787,0.0
u_42857,0.0004075275975613391,2094,0.0,0.007,0.0
u_42858,0.0,-1,0.0,,
u_42859,0.0013993589775378554,474,0.0,0.026,0.0
u_42860,4.16398436166418e-05,31,0.0,0.001,0.0
u_42861,0.0,-1,0.0,,
u_42862,0.04057137736441513,222,0.0,0.787,0.0
u_42863,0.0,-1,0.0,,
u_42864,0.0758803383337319,2264,0.0,0.709,0.0
u_42865,0.0,-1,0.0,,
u_42866,0.0,-1,0.0,,
u_42867,0.0,-1,0.0,,
u_42868,0.044370424956950746,3286,0.0,0.787,0.0
u_42869,0.039888045129392924,1818,0.0,0.787,0.0
u_42870,0.006969611243500535,3792,0.0,0.127,0.0
u_42871,0.0,-1,0.0,,
u_42872,0.0,-1,0.0,,
u_42873,0.0,-1,0.0,,
u_42874,0.043034914056465874,4746,0.0,0.787,0.0
u_42875,0.0,-1,0.0,,
u_42876,0.0,-1,0.0,,
u_42877,0.0005299871835190213,1817,0.0,0.005,0.0
u_42878,0.0,-1,0.0,,
u_42879,0.0,-1,0.0,,
u_42880,0.0,-1,0.0,,
u_42881,0.0,-1,0.0,,
u_42882,0.0,-1,0.0,,
u_42883,0.08417531978986129,4006,0.0,0.787,0.0
u_42884,0.0,-1,0.0,,
u_42885,0.0,-1,0.0,,
u_42886,0.0,-1,0.0,,
u_42887,0.08417531978986129,5792,0.0,0.787,0.0
u_42888,0.0,-1,0.0,,
u_42889,0.0,-1,0.0,,
u_42890,0.0,-1,0.0,,
u_42891,0.0,-1,0.0,,
u_42892,0.043034914056465874,6342,0.0,0.787,0.0
u_42893,0.0,-1,0.0,,
u_42894,0.0,-1,0.0,,
u_42895,0.0,-1,0.0,,
u_42896,0.0,-1,0.0,,
u_42897,0.0792231255804101,1891,0.0,0.787,0.0
u_42898,0.0,-1,0.0,,
u_42899,0.0,-1,0.0,,
u_42900,0.043034914056465874,4998,0.0,0.787,0.0
u_42901,0.043034914056465874,5661,0.0,0.787,0.0
u_42902,0.021506485236133112,4325,0.0,0.393,0.0
u_42903,0.0,-1,0.0,,
u_42904,0.0,-1,0.0,,
u_42905,0.0388829856691268,2960,0.0,0.363,0.0
u_42906,0.0,-1,0.0,,
u_42907,0.0,-1,0.0,,
u_42908,0.0,-1,0.0,,
u_42909,0.044365066339942284,2851,0.0,0.787,0.0
u_42910,0.0,-1,0.0,,
u_42911,0.0,-1,0.0,,
u_42912,0.0,-1,0.0,,
u_42913,0.0,-1,0.0,,
u_42914,0.0,-1,0.0,,
u_42915,0.0,-1,0.0,,
u_42916,0.001287932487879106,2834,0.0,0.024,0.0
u_42917,0.04169158985355,2073,0.0,0.787,0.0
u_42918,0.02014024279259908,3045,0.0,0.126,0.0
u_42919,0.0,-1,0.0,,
u_42920,0.0,-1,0.0,,
u_42921,0.0,-1,0.0,,
u_42922,0.0008206030042819975,168,0.0,0.015,0.0
u_42923,0.004764636786301139,643,0.0,0.045,0.0
u_42924,0.0,-1,0.0,,
u_42925,7.568645126080202e-05,746,0.0,0.001,0.0
u_42926,0.0,-1,0.0,,
u_42927,0.0003918754284951195,2065,0.0,0.007,0.0
u_42928,0.0,-1,0.0,,
u_42929,0.0,-1,0.0,,
u_42930,0.0,-1,0.0,,
u_42931,0.0,-1,0.0,,
u_42932,0.0,-1,0.0,,
u_42933,0.0,-1,0.0,,
u_42934,0.0,-1,0.0,,
u_42935,0.0,-1,0.0,,
u_42936,0.0,-1,0.0,,
u_42937,0.0,-1,0.0,,
u_42938,0.0,-1,0.0,,
u_42939,0.04302731816616097,2071,0.0,0.787,0.0
u_42940,0.043034914056465874,5419,0.0,0.787,0.0
u_42941,0.0032117529197853863,3343,0.0,0.057,0.0
u_42942,0.043034914056465874,6339,0.0,0.787,0.0
u_42943,0.03989411683967723,1584,0.0,0.787,0.0
u_42944,0.0,-1,0.0,,
u_42945,0.0007193584271315068,797,0.0,0.013,0.0
u_42946,0.0,-1,0.0,,
u_42947,0.0,-1,0.0,,
u_42948,0.0,-1,0.0,,
u_42949,0.0,-1,0.0,,
u_42950,0.008632737535175822,3618,0.0,0.158,0.0
u_42951,0.0,-1,0.0,,
u_42952,0.0,-1,0.0,,
u_42953,0.0,-1,0.0,,
u_42954,0.03988865792046467,1876,0.0,0.787,0.0
u_42955,0.020213285119893197,4289,0.0,0.369,0.0
u_42956,0.0,-1,0.0,,
u_42957,0.0,-1,0.0,,
u_42958,0.043034914056465874,5317,0.0,0.787,0.0
u_42959,0.0,-1,0.0,,
u_42960,0.039892652932865265,1589,0.0,0.787,0.0
u_42961,0.0,-1,0.0,,
u_42962,0.0,-1,0.0,,
u_42963,0.0,-1,0.0,,
u_42964,0.0,-1,0.0,,
u_42965,0.043034914056465874,4791,0.0,0.787,0.0
u_42966,0.0,-1,0.0,,
u_42967,0.12664309348806208,2580,0.0,0.787,0.0
u_42968,0.0,-1,0.0,,
u_42969,0.0,-1,0.0,,
u_42970,0.0,-1,0.0,,
u_42971,0.0,-1,0.0,,
u_42972,0.0,-1,0.0,,
u_42973,0.0,-1,0.0,,
u_42974,0.0,-1,0.0,,
u_42975,0.0443718285094311,1682,0.0,0.787,0.0
u_42976,0.0,-1,0.0,,
u_42977,0.04065673586502823,366,0.0,0.787,0.0
u_42978,0.043034914056465874,1609,0.0,0.787,0.0
u_42979,0.0,-1,0.0,,
u_42980,0.0,-1,0.0,,
u_42981,0.08417531978986129,1916,0.0,0.787,0.0
u_42982,0.04095942682347579,3542,0.0,0.787,0.0
u_42983,0.0,-1,0.0,,
u_42984,0.0,-1,0.0,,
u_42985,0.0,-1,0.0,,
u_42986,0.04095163053179669,2019,0.0,0.787,0.0
u_42987,0.0,-1,0.0,,
u_42988,0.0005091281035098297,2248,0.0,0.009,0.0
u_42989,0.0,-1,0.0,,
u_42990,0.0,-1,0.0,,
u_42991,0.0,-1,0.0,,
u_42992,0.0,-1,0.0,,
u_42993,0.0,-1,0.0,,
u_42994,0.043034914056465874,6347,0.0,0.787,0.0
u_42995,0.0,-1,0.0,,
u_42996,0.0,-1,0.0,,
u_42997,0.0,-1,0.0,,
u_42998,0.0,-1,0.0,,
u_42999,0.0,-1,0.0,,
u_43000,0.0,-1,0.0,,
u_43001,0.0,-1,0.0,,
u_43002,0.0,-1,0.0,,
u_43003,0.0398875247840844,1224,0.0,0.787,0.0
u_43004,0.0,-1,0.0,,
u_43005,0.0,-1,0.0,,
u_43006,0.0,-1,0.0,,
u_43007,0.0,-1,0.0,,
u_43008,0.043034914056465874,4964,0.0,0.787,0.0
u_43009,0.043034914056465874,422,0.0,0.787,0.0
u_43010,0.0,-1,0.0,,
u_43011,0.0,-1,0.0,,
u_43012,0.0,-1,0.0,,
u_43013,0.043034914056465874,5793,0.0,0.787,0.0
u_43014,0.0,-1,0.0,,
u_43015,0.0,-1,0.0,,
u_43016,0.0,-1,0.0,,
u_43017,0.00013744688311363997,640,0.0,0.001,0.0
u_43018,0.0,-1,0.0,,
u_43019,0.0,-1,0.0,,
u_43020,0.043034914056465874,5519,0.0,0.787,0.0
u_43021,0.0,-1,0.0,,
u_43022,0.0,-1,0.0,,
u_43023,0.0,-1,0.0,,
u_43024,0.0,-1,0.0,,
u_43025,0.03988813925415752,4042,0.0,0.787,0.0
u_43026,0.0,-1,0.0,,
u_43027,0.0,-1,0.0,,
u_43028,0.0,-1,0.0,,
u_43029,0.043034914056465874,6130,0.0,0.787,0.0
u_43030,0.039887863430779776,1908,0.0,0.787,0.0
u_43031,0.0,-1,0.0,,
u_43032,0.0,-1,0.0,,
u_43033,0.0,-1,0.0,,
u_43034,0.0,-1,0.0,,
u_43035,0.0,-1,0.0,,
u_43036,0.0,-1,0.0,,
u_43037,0.043034914056465874,5794,0.0,0.787,0.0
u_43038,5.707883522251176e-05,444,0.0,0.001,0.0
u_43039,0.04019072034585289,1095,0.0,0.787,0.0
u_43040,0.0,-1,0.0,,
u_43041,0.0,-1,0.0,,
u_43042,0.0,-1,0.0,,
u_43043,0.0,-1,0.0,,
u_43044,0.0,-1,0.0,,
u_43045,0.0,-1,0.0,,
u_43046,0.043034914056465874,5398,0.0,0.787,0.0
u_43047,0.04049558914213721,89,0.0,0.787,0.0
u_43048,0.0,-1,0.0,,
u_43049,0.0,-1,0.0,,
u_43050,0.043034914056465874,4181,0.0,0.787,0.0
u_43051,0.0,-1,0.0,,
u_43052,0.0,-1,0.0,,
u_43053,0.0,-1,0.0,,
u_43054,0.043034914056465874,2482,0.0,0.787,0.0
u_43055,0.0,-1,0.0,,
u_43056,0.0,-1,0.0,,
u_43057,0.0,-1,0.0,,
u_43058,0.0,-1,0.0,,
u_43059,0.0,-1,0.0,,
u_43060,0.043034914056465874,6111,0.0,0.787,0.0
u_43061,0.044021039690175366,2004,0.0,0.787,0.0
u_43062,0.0,-1,0.0,,
u_43063,0.043034914056465874,5304,0.0,0.787,0.0
u_43064,0.0,-1,0.0,,
u_43065,0.0,-1,0.0,,
u_43066,0.0,-1,0.0,,
u_43067,0.08027411212929518,168,0.0,0.787,0.0
u_43068,0.002164106490903942,3132,0.0,0.04,0.0
u_43069,0.0,-1,0.0,,
u_43070,0.0009528311683737982,2646,0.0,0.017,0.0
u_43071,0.043034914056465874,5079,0.0,0.787,0.0
u_43072,0.0,-1,0.0,,
u_43073,0.0,-1,0.0,,
u_43074,0.0,-1,0.0,,
u_43075,0.043034914056465874,5780,0.0,0.787,0.0
u_43076,0.0,-1,0.0,,
u_43077,0.0,-1,0.0,,
u_43078,0.0,-1,0.0,,
u_43079,0.0,-1,0.0,,
u_43080,0.0,-1,0.0,,
u_43081,0.0,-1,0.0,,
u_43082,0.0,-1,0.0,,
u_43083,0.0,-1,0.0,,
u_43084,0.0,-1,0.0,,
u_43085,0.043034914056465874,6331,0.0,0.787,0.0
u_43086,0.0,-1,0.0,,
u_43087,0.08417531978986129,5194,0.0,0.787,0.0
u_43088,0.0,-1,0.0,,
u_43089,0.0007507568070814805,2493,0.0,0.014,0.0
u_43090,0.0,-1,0.0,,
u_43091,0.0443729774165377,290,0.0,0.787,0.0
u_43092,0.0,-1,0.0,,
u_43093,0.0,-1,0.0,,
u_43094,0.0007097454595797471,2028,0.0,0.007,0.0
u_43095,0.0,-1,0.0,,
u_43096,0.0,-1,0.0,,
u_43097,0.0,-1,0.0,,
u_43098,0.0,-1,0.0,,
u_43099,0.0,-1,0.0,,
u_43100,0.0,-1,0.0,,
u_43101,0.0,-1,0.0,,
u_43102,0.0,-1,0.0,,
u_43103,0.043034914056465874,4684,0.0,0.787,0.0
u_43104,0.0,-1,0.0,,
u_43105,0.0,-1,0.0,,
u_43106,0.0,-1,0.0,,
u_43107,0.0,-1,0.0,,
u_43108,0.0,-1,0.0,,
u_43109,0.03988775032826888,849,0.0,0.787,0.0
u_43110,0.0,-1,0.0,,
u_43111,0.0,-1,0.0,,
u_43112,0.0,-1,0.0,,
u_43113,0.043034914056465874,6166,0.0,0.787,0.0
u_43114,0.0,-1,0.0,,
u_43115,0.0,-1,0.0,,
u_43116,0.03988941821038336,2072,0.0,0.787,0.0
u_43117,0.0,-1,0.0,,
u_43118,0.04011796053718363,74,0.0,0.772,0.0
u_43119,0.043034914056465874,6304,0.0,0.787,0.0
u_43120,0.0,-1,0.0,,
u_43121,0.0,-1,0.0,,
u_43122,0.0,-1,0.0,,
u_43123,0.03988769203811637,1758,0.0,0.787,0.0
u_43124,0.042054779962498456,1599,0.0,0.787,0.0
u_43125,8.218973580862526e-05,822,0.0,0.002,0.0
u_43126,0.0,-1,0.0,,
u_43127,0.00046209245572607384,2194,0.0,0.009,0.0
u_43128,0.0,-1,0.0,,
u_43129,0.00017128144939245035,878,0.0,0.002,0.0
u_43130,0.0,-1,0.0,,
u_43131,0.0,-1,0.0,,
u_43132,0.0,-1,0.0,,
u_43133,0.0,-1,0.0,,
u_43134,0.037907117377655015,430,0.0,0.372,0.0
u_43135,0.04593855572690512,1891,0.0,0.787,0.0
u_43136,0.0,-1,0.0,,
u_43137,0.0,-1,0.0,,
u_43138,0.0,-1,0.0,,
u_43139,0.0,-1,0.0,,
u_43140,0.042130407716432006,5442,0.0,0.787,0.0
u_43141,0.08610781396955448,1348,0.0,0.787,0.0
u_43142,0.0398918099835275,569,0.0,0.787,0.0
u_43143,0.0,-1,0.0,,
u_43144,0.0,-1,0.0,,
u_43145,0.0,-1,0.0,,
u_43146,0.0,-1,0.0,,
u_43147,0.08482581910160875,3356,0.0,0.787,0.0
u_43148,0.0,-1,0.0,,
u_43149,0.0,-1,0.0,,
u_43150,0.0,-1,0.0,,
u_43151,0.0,-1,0.0,,
u_43152,0.0,-1,0.0,,
u_43153,0.0,-1,0.0,,
u_43154,0.003164714005187166,960,0.0,0.058,0.0
u_43155,0.0,-1,0.0,,
u_43156,0.0,-1,0.0,,
u_43157,0.0,-1,0.0,,
u_43158,0.0,-1,0.0,,
u_43159,0.0,-1,0.0,,
u_43160,0.043034914056465874,6181,0.0,0.787,0.0
u_43161,0.0,-1,0.0,,
u_43162,0.0,-1,0.0,,
u_43163,0.04189226862072162,97,0.0,0.787,0.0
u_43164,0.039889018030728876,3164,0.0,0.787,0.0
u_43165,0.0,-1,0.0,,
u_43166,0.043034914056465874,4994,0.0,0.787,0.0
u_43167,0.0,-1,0.0,,
u_43168,0.0,-1,0.0,,
u_43169,0.043034914056465874,4864,0.0,0.787,0.0
u_43170,0.043034914056465874,3155,0.0,0.787,0.0
u_43171,0.09821376868581858,112,0.0,0.946,0.0
u_43172,0.0,-1,0.0,,
u_43173,0.0,-1,0.0,,
u_43174,0.0,-1,0.0,,
u_43175,0.0,-1,0.0,,
u_43176,0.0,-1,0.0,,
u_43177,0.03678936794743192,1628,0.0,0.688,0.0
u_43178,0.0,-1,0.0,,
u_43179,0.0,-1,0.0,,
u_43180,0.0,-1,0.0,,
u_43181,0.0,-1,0.0,,
u_43182,0.0,-1,0.0,,
u_43183,0.00090762182217531,2612,0.0,0.017,0.0
u_43184,0.0,-1,0.0,,
u_43185,0.0,-1,0.0,,
u_43186,0.0,-1,0.0,,
u_43187,0.0,-1,0.0,,
u_43188,0.0,-1,0.0,,
u_43189,0.0,-1,0.0,,
u_43190,0.0,-1,0.0,,
u_43191,0.043034914056465874,4737,0.0,0.787,0.0
u_43192,0.0,-1,0.0,,
u_43193,0.0,-1,0.0,,
u_43194,0.0,-1,0.0,,
u_43195,0.043034914056465874,5149,0.0,0.787,0.0
u_43196,0.0,-1,0.0,,
u_43197,0.0,-1,0.0,,
u_43198,0.0,-1,0.0,,
u_43199,0.0,-1,0.0,,
u_43200,0.0,-1,0.0,,
u_43201,0.0,-1,0.0,,
u_43202,0.043034914056465874,5272,0.0,0.787,0.0
u_43203,0.0,-1,0.0,,
u_43204,0.0,-1,0.0,,
u_43205,0.0,-1,0.0,,
u_43206,0.0,-1,0.0,,
u_43207,0.0,-1,0.0,,
u_43208,0.0404237766598524,360,0.0,0.787,0.0
u_43209,0.042130407716432006,4995,0.0,0.787,0.0
u_43210,0.0,-1,0.0,,
u_43211,0.043034914056465874,5055,0.0,0.787,0.0
u_43212,0.04114949668550941,49,0.0,0.787,0.0
u_43213,0.0,-1,0.0,,
u_43214,0.043034914056465874,6343,0.0,0.787,0.0
u_43215,0.043034914056465874,6210,0.0,0.787,0.0
u_43216,0.0,-1,0.0,,
u_43217,0.0,-1,0.0,,
u_43218,4.178787146783442e-05,36,0.0,0.001,0.0
u_43219,0.0,-1,0.0,,
u_43220,0.0,-1,0.0,,
u_43221,0.0,-1,0.0,,
u_43222,0.0,-1,0.0,,
u_43223,0.0,-1,0.0,,
u_43224,0.0,-1,0.0,,
u_43225,0.0,-1,0.0,,
u_43226,0.0,-1,0.0,,
u_43227,0.0,-1,0.0,,
u_43228,0.04311799797235023,4634,0.0,0.788,0.0
u_43229,0.0,-1,0.0,,
u_43230,0.043034914056465874,5915,0.0,0.787,0.0
u_43231,0.0,-1,0.0,,
u_43232,0.0,-1,0.0,,
u_43233,0.036014838108243484,4555,0.0,0.638,0.0
u_43234,0.0,-1,0.0,,
u_43235,0.0008847165140494141,968,0.0,0.017,0.0
u_43236,0.0,-1,0.0,,
u_43237,0.08236630710979355,6044,0.0,0.787,0.0
u_43238,0.0,-1,0.0,,
u_43239,0.0,-1,0.0,,
u_43240,0.043034914056465874,5934,0.0,0.787,0.0
u_43241,0.001090720858004064,2741,0.0,0.02,0.0
u_43242,0.043034914056465874,3956,0.0,0.787,0.0
u_43243,0.0,-1,0.0,,
u_43244,0.0,-1,0.0,,
u_43245,0.0,-1,0.0,,
u_43246,0.0,-1,0.0,,
u_43247,0.0,-1,0.0,,
u_43248,0.0,-1,0.0,,
u_43249,0.043034914056465874,5660,0.0,0.787,0.0
u_43250,0.0,-1,0.0,,
u_43251,0.0,-1,0.0,,
u_43252,0.0,-1,0.0,,
u_43253,0.00021281080616337566,1619,0.0,0.004,0.0
u_43254,0.0,-1,0.0,,
u_43255,0.0,-1,0.0,,
u_43256,0.0,-1,0.0,,
u_43257,0.0,-1,0.0,,
u_43258,0.0,-1,0.0,,
u_43259,0.043034914056465874,6015,0.0,0.787,0.0
u_43260,0.043034914056465874,5968,0.0,0.787,0.0
u_43261,0.0,-1,0.0,,
u_43262,0.0,-1,0.0,,
u_43263,0.043034914056465874,3935,0.0,0.787,0.0
u_43264,0.0,-1,0.0,,
u_43265,0.0,-1,0.0,,
u_43266,0.0012639581956607447,2823,0.0,0.023,0.0
u_43267,0.0,-1,0.0,,
u_43268,0.0,-1,0.0,,
u_43269,0.0,-1,0.0,,
u_43270,0.0,-1,0.0,,
u_43271,0.043034914056465874,1422,0.0,0.787,0.0
u_43272,0.0,-1,0.0,,
u_43273,0.0,-1,0.0,,
u_43274,4.114006278811372e-05,9,0.0,0.001,0.0
u_43275,0.0,-1,0.0,,
u_43276,0.0,-1,0.0,,
u_43277,0.00023642114119873657,168,0.0,0.002,0.0
u_43278,0.00010151202631186854,1035,0.0,0.002,0.0
u_43279,0.0,-1,0.0,,
u_43280,0.0,-1,0.0,,
u_43281,0.0,-1,0.0,,
u_43282,0.043034914056465874,4080,0.0,0.787,0.0
u_43283,0.0,-1,0.0,,
u_43284,0.043034914056465874,4865,0.0,0.787,0.0
u_43285,0.0,-1,0.0,,
u_43286,0.08417531978986129,3158,0.0,0.787,0.0
u_43287,0.0,-1,0.0,,
u_43288,0.0,-1,0.0,,
u_43289,0.03988723870959828,626,0.0,0.787,0.0
u_43290,0.0009738538263992804,2242,0.0,0.009,0.0
u_43291,0.0,-1,0.0,,
u_43292,0.0,-1,0.0,,
u_43293,0.0,-1,0.0,,
u_43294,0.0,-1,0.0,,
u_43295,0.0,-1,0.0,,
u_43296,0.043034914056465874,5595,0.0,0.787,0.0
u_43297,5.0258718572749947e-05,271,0.0,0.001,0.0
u_43298,0.03988844996687442,2465,0.0,0.787,0.0
u_43299,0.0,-1,0.0,,
u_43300,0.0,-1,0.0,,
u_43301,0.0,-1,0.0,,
u_43302,0.04436893310804078,818,0.0,0.787,0.0
u_43303,0.043034914056465874,5887,0.0,0.787,0.0
u_43304,0.0,-1,0.0,,
u_43305,0.0,-1,0.0,,
u_43306,0.0,-1,0.0,,
u_43307,0.0,-1,0.0,,
u_43308,0.0,-1,0.0,,
u_43309,0.04332972518184228,868,0.0,0.787,0.0
u_43310,0.0,-1,0.0,,
u_43311,0.0,-1,0.0,,
u_43312,0.0,-1,0.0,,
u_43313,0.0,-1,0.0,,
u_43314,0.0,-1,0.0,,
u_43315,0.08417531978986129,3039,0.0,0.787,0.0
u_43316,0.0,-1,0.0,,
u_43317,0.0,-1,0.0,,
u_43318,0.08417531978986129,3021,0.0,0.787,0.0
u_43319,0.043034914056465874,5906,0.0,0.787,0.0
u_43320,0.043034914056465874,5467,0.0,0.787,0.0
u_43321,0.0,-1,0.0,,
u_43322,0.0,-1,0.0,,
u_43323,0.0415237614579784,1854,0.0,0.787,0.0
u_43324,0.0,-1,0.0,,
u_43325,0.0,-1,0.0,,
u_43326,0.001251386325101116,2816,0.0,0.023,0.0
u_43327,0.0,-1,0.0,,
u_43328,0.0,-1,0.0,,
u_43329,0.05345388568672051,3807,0.0,0.959,0.0
u_43330,0.0,-1,0.0,,
u_43331,0.0,-1,0.0,,
u_43332,0.0,-1,0.0,,
u_43333,0.0,-1,0.0,,
u_43334,0.0,-1,0.0,,
u_43335,0.0,-1,0.0,,
u_43336,0.0,-1,0.0,,
u_43337,0.0,-1,0.0,,
u_43338,0.082358267439522,2588,0.0,0.787,0.0
u_43339,0.12169877067061971,3908,0.0,0.787,0.0
u_43340,0.0,-1,0.0,,
u_43341,0.0,-1,0.0,,
u_43342,0.0,-1,0.0,,
u_43343,0.0,-1,0.0,,
u_43344,0.04304877040167024,976,0.0,0.787,0.0
u_43345,0.0003817910138087746,1235,0.0,0.002,0.0
u_43346,0.040578578865196585,1209,0.0,0.787,0.0
u_43347,0.043034914056465874,2062,0.0,0.787,0.0
u_43348,0.0,-1,0.0,,
u_43349,0.0,-1,0.0,,
u_43350,0.044116994348863216,173,0.0,0.787,0.0
u_43351,0.0,-1,0.0,,
u_43352,0.0,-1,0.0,,
u_43353,0.08187980400040556,2018,0.0,0.787,0.0
u_43354,0.0010741363801234623,222,0.0,0.02,0.0
u_43355,0.0,-1,0.0,,
u_43356,0.0,-1,0.0,,
u_43357,0.0,-1,0.0,,
u_43358,0.08270801081515322,468,0.0,0.787,0.0
u_43359,0.0,-1,0.0,,
u_43360,0.0,-1,0.0,,
u_43361,0.0,-1,0.0,,
u_43362,0.0,-1,0.0,,
u_43363,0.0,-1,0.0,,
u_43364,0.01095821418886539,2586,0.0,0.068,0.0
u_43365,0.043034914056465874,5329,0.0,0.787,0.0
u_43366,0.0,-1,0.0,,
u_43367,0.0,-1,0.0,,
u_43368,0.0,-1,0.0,,
u_43369,0.0,-1,0.0,,
u_43370,0.0,-1,0.0,,
u_43371,0.0,-1,0.0,,
u_43372,0.0,-1,0.0,,
u_43373,0.0,-1,0.0,,
u_43374,0.0,-1,0.0,,
u_43375,0.08551018700784205,1636,0.0,0.787,0.0
u_43376,0.0,-1,0.0,,
u_43377,0.0,-1,0.0,,
u_43378,0.0,-1,0.0,,
u_43379,0.0,-1,0.0,,
u_43380,0.0,-1,0.0,,
u_43381,0.0,-1,0.0,,
u_43382,0.004282227526522102,1126,0.0,0.079,0.0
u_43383,0.0,-1,0.0,,
u_43384,0.043034914056465874,5653,0.0,0.787,0.0
u_43385,0.0,-1,0.0,,
u_43386,0.08145792231364463,1025,0.0,0.787,0.0
u_43387,0.0,-1,0.0,,
u_43388,0.0,-1,0.0,,
u_43389,0.0,-1,0.0,,
u_43390,0.0,-1,0.0,,
u_43391,0.043034914056465874,4808,0.0,0.787,0.0
u_43392,0.0,-1,0.0,,
u_43393,0.0,-1,0.0,,
u_43394,0.0,-1,0.0,,
u_43395,0.03988960863548124,881,0.0,0.787,0.0
u_43396,0.0,-1,0.0,,
u_43397,0.0,-1,0.0,,
u_43398,0.0,-1,0.0,,
u_43399,0.0,-1,0.0,,
u_43400,0.0,-1,0.0,,
u_43401,0.0,-1,0.0,,
u_43402,0.0,-1,0.0,,
u_43403,0.0,-1,0.0,,
u_43404,0.043034914056465874,5701,0.0,0.787,0.0
u_43405,0.03988837108700549,419,0.0,0.787,0.0
u_43406,0.0,-1,0.0,,
u_43407,0.0,-1,0.0,,
u_43408,0.0,-1,0.0,,
u_43409,0.043034914056465874,1831,0.0,0.787,0.0
u_43410,0.0,-1,0.0,,
u_43411,0.04384797223273651,2525,0.0,0.787,0.0
u_43412,0.0,-1,0.0,,
u_43413,0.0,-1,0.0,,
u_43414,0.0,-1,0.0,,
u_43415,0.0,-1,0.0,,
u_43416,0.0,-1,0.0,,
u_43417,0.0,-1,0.0,,
u_43418,0.0,-1,0.0,,
u_43419,0.0,-1,0.0,,
u_43420,0.0,-1,0.0,,
u_43421,0.0,-1,0.0,,
u_43422,0.040846425209368854,1088,0.0,0.787,0.0
u_43423,0.0,-1,0.0,,
u_43424,0.001418115167717651,2903,0.0,0.026,0.0
u_43425,0.0,-1,0.0,,
u_43426,0.043034914056465874,5649,0.0,0.787,0.0
u_43427,0.0,-1,0.0,,
u_43428,0.0,-1,0.0,,
u_43429,0.0,-1,0.0,,
u_43430,0.049201730019022075,1407,0.0,0.922,0.0
u_43431,0.0,-1,0.0,,
u_43432,0.0,-1,0.0,,
u_43433,0.04713444160508917,4667,0.0,0.862,0.0
u_43434,0.0,-1,0.0,,
u_43435,0.08049522729530037,1430,0.0,0.787,0.0
u_43436,0.0,-1,0.0,,
u_43437,0.0029384674646648298,2978,0.0,0.029,0.0
u_43438,0.0,-1,0.0,,
u_43439,8.903149806795711e-05,148,0.0,0.001,0.0
u_43440,0.042500374017099295,3864,0.0,0.787,0.0
u_43441,0.0,-1,0.0,,
u_43442,0.0,-1,0.0,,
u_43443,0.043034914056465874,4897,0.0,0.787,0.0
u_43444,0.07922614851671085,272,0.0,0.787,0.0
u_43445,0.0,-1,0.0,,
u_43446,0.0,-1,0.0,,
u_43447,0.010832200346584785,2717,0.0,0.205,0.0
u_43448,0.0032098713887008835,1756,0.0,0.06,0.0
u_43449,0.00035541152384106913,168,0.0,0.007,0.0
u_43450,0.0,-1,0.0,,
u_43451,0.0,-1,0.0,,
u_43452,0.0,-1,0.0,,
u_43453,0.043034914056465874,5340,0.0,0.787,0.0
u_43454,0.0,-1,0.0,,
u_43455,0.0,-1,0.0,,
u_43456,0.0,-1,0.0,,
u_43457,0.0,-1,0.0,,
u_43458,0.043034914056465874,5853,0.0,0.787,0.0
u_43459,0.0,-1,0.0,,
u_43460,0.0,-1,0.0,,
u_43461,0.0,-1,0.0,,
u_43462,0.0,-1,0.0,,
u_43463,0.0,-1,0.0,,
u_43464,0.014094111205571875,2821,0.0,0.132,0.0
u_43465,0.0,-1,0.0,,
u_43466,0.0,-1,0.0,,
u_43467,0.040453966957815266,1945,0.0,0.787,0.0
u_43468,0.0,-1,0.0,,
u_43469,0.0,-1,0.0,,
u_43470,0.0,-1,0.0,,
u_43471,0.0,-1,0.0,,
u_43472,0.0013913522889424637,2466,0.0,0.013,0.0
u_43473,0.0,-1,0.0,,
u_43474,0.043034914056465874,6140,0.0,0.787,0.0
u_43475,0.0,-1,0.0,,
u_43476,0.0,-1,0.0,,
u_43477,0.0,-1,0.0,,
u_43478,0.043034914056465874,6318,0.0,0.787,0.0
u_43479,0.0,-1,0.0,,
u_43480,0.0,-1,0.0,,
u_43481,0.0,-1,0.0,,
u_43482,0.0,-1,0.0,,
u_43483,0.0,-1,0.0,,
u_43484,0.0,-1,0.0,,
u_43485,0.0,-1,0.0,,
u_43486,0.043034914056465874,3361,0.0,0.787,0.0
u_43487,0.03988826320112946,347,0.0,0.787,0.0
u_43488,0.0,-1,0.0,,
u_43489,0.0,-1,0.0,,
u_43490,0.0,-1,0.0,,
u_43491,0.043034914056465874,6222,0.0,0.787,0.0
u_43492,0.0,-1,0.0,,
u_43493,0.0,-1,0.0,,
u_43494,0.0,-1,0.0,,
u_43495,0.04346006860595112,1892,0.0,0.787,0.0
u_43496,0.0,-1,0.0,,
u_43497,0.0,-1,0.0,,
u_43498,0.0,-1,0.0,,
u_43499,0.043034914056465874,4097,0.0,0.787,0.0
u_43500,0.0,-1,0.0,,
u_43501,0.0,-1,0.0,,
u_43502,0.0,-1,0.0,,
u_43503,0.043034914056465874,5294,0.0,0.787,0.0
u_43504,0.0,-1,0.0,,
u_43505,0.0,-1,0.0,,
u_43506,0.0,-1,0.0,,
u_43507,0.0,-1,0.0,,
u_43508,0.0,-1,0.0,,
u_43509,0.0,-1,0.0,,
u_43510,0.0,-1,0.0,,
u_43511,0.0,-1,0.0,,
u_43512,0.0,-1,0.0,,
u_43513,0.0,-1,0.0,,
u_43514,0.0,-1,0.0,,
u_43515,0.0,-1,0.0,,
u_43516,0.0,-1,0.0,,
u_43517,0.0013477424945517887,1376,0.0,0.025,0.0
u_43518,0.0,-1,0.0,,
u_43519,0.0,-1,0.0,,
u_43520,0.0,-1,0.0,,
u_43521,0.0,-1,0.0,,
u_43522,0.0005474650802915733,1811,0.0,0.005,0.0
u_43523,0.04129233614268536,585,0.0,0.787,0.0
u_43524,0.0,-1,0.0,,
u_43525,0.0,-1,0.0,,
u_43526,0.0,-1,0.0,,
u_43527,0.043034914056465874,4767,0.0,0.787,0.0
u_43528,0.0,-1,0.0,,
u_43529,0.0,-1,0.0,,
u_43530,0.0,-1,0.0,,
u_43531,0.0,-1,0.0,,
u_43532,0.0,-1,0.0,,
u_43533,0.0,-1,0.0,,
u_43534,0.08089367584749015,517,0.0,0.787,0.0
u_43535,0.0,-1,0.0,,
u_43536,0.0,-1,0.0,,
u_43537,0.000517004012533875,2255,0.0,0.009,0.0
u_43538,0.0,-1,0.0,,
u_43539,0.043034914056465874,5795,0.0,0.787,0.0
u_43540,0.0,-1,0.0,,
u_43541,0.016534236938481477,358,0.0,0.324,0.0
u_43542,0.0,-1,0.0,,
u_43543,0.043034914056465874,5879,0.0,0.787,0.0
u_43544,0.03988741507438537,628,0.0,0.787,0.0
u_43545,0.0,-1,0.0,,
u_43546,0.0,-1,0.0,,
u_43547,0.0019364984716385611,83,0.0,0.036,0.0
u_43548,0.0,-1,0.0,,
u_43549,0.0,-1,0.0,,
u_43550,0.039887588011197926,1403,0.0,0.787,0.0
u_43551,0.04175236354709801,2559,0.0,0.787,0.0
u_43552,0.0,-1,0.0,,
u_43553,0.0,-1,0.0,,
u_43554,0.042130407716432006,5224,0.0,0.787,0.0
u_43555,0.0,-1,0.0,,
u_43556,0.0006058262337828604,419,0.0,0.012,0.0
u_43557,0.043034914056465874,5029,0.0,0.787,0.0
u_43558,0.0,-1,0.0,,
u_43559,0.0,-1,0.0,,
u_43560,0.0,-1,0.0,,
u_43561,0.0,-1,0.0,,
u_43562,0.0,-1,0.0,,
u_43563,0.0,-1,0.0,,
u_43564,5.5500139840029646e-05,411,0.0,0.001,0.0
u_43565,0.039888281878456076,2717,0.0,0.787,0.0
u_43566,0.0,-1,0.0,,
u_43567,0.0,-1,0.0,,
u_43568,0.043034914056465874,2716,0.0,0.787,0.0
u_43569,0.0,-1,0.0,,
u_43570,9.72407724970652e-05,997,0.0,0.002,0.0
u_43571,0.043258948741222616,2286,0.0,0.787,0.0
u_43572,0.043034914056465874,6348,0.0,0.787,0.0
u_43573,0.0,-1,0.0,,
u_43574,0.043034914056465874,2603,0.0,0.787,0.0
u_43575,0.0,-1,0.0,,
u_43576,4.106174441002036e-05,6,0.0,0.001,0.0
u_43577,0.043034914056465874,573,0.0,0.787,0.0
u_43578,0.039890581315274135,118,0.0,0.787,0.0
u_43579,0.0,-1,0.0,,
u_43580,0.043034914056465874,5948,0.0,0.787,0.0
u_43581,0.0,-1,0.0,,
u_43582,0.0,-1,0.0,,
u_43583,0.0,-1,0.0,,
u_43584,0.0,-1,0.0,,
u_43585,0.0,-1,0.0,,
u_43586,0.0,-1,0.0,,
u_43587,6.328946856779788e-05,544,0.0,0.001,0.0
u_43588,0.043034914056465874,317,0.0,0.787,0.0
u_43589,0.0,-1,0.0,,
u_43590,0.0,-1,0.0,,
u_43591,0.0,-1,0.0,,
u_43592,0.0,-1,0.0,,
u_43593,0.0,-1,0.0,,
u_43594,0.0,-1,0.0,,
u_43595,0.001859813510539118,3048,0.0,0.034,0.0
u_43596,0.0,-1,0.0,,
u_43597,0.043034914056465874,5210,0.0,0.787,0.0
u_43598,0.0,-1,0.0,,
u_43599,0.038870619401158775,4591,0.0,0.711,0.0
u_43600,0.0,-1,0.0,,
u_43601,5.8355550262239284e-05,528,0.0,0.001,0.0
u_43602,0.0,-1,0.0,,
u_43603,0.0,-1,0.0,,
u_43604,0.0,-1,0.0,,
u_43605,0.04023977078217484,1768,0.0,0.787,0.0
u_43606,0.0,-1,0.0,,
u_43607,0.0024776953105157453,3202,0.0,0.045,0.0
u_43608,0.0,-1,0.0,,
u_43609,0.0,-1,0.0,,
u_43610,0.0,-1,0.0,,
u_43611,0.0,-1,0.0,,
u_43612,0.0,-1,0.0,,
u_43613,0.0,-1,0.0,,
u_43614,0.0,-1,0.0,,
u_43615,0.010330862332479035,796,0.0,0.098,0.0
u_43616,0.0,-1,0.0,,
u_43617,0.0,-1,0.0,,
u_43618,0.0,-1,0.0,,
u_43619,0.0,-1,0.0,,
u_43620,0.04026645224661165,1252,0.0,0.787,0.0
u_43621,0.0,-1,0.0,,
u_43622,0.0,-1,0.0,,
u_43623,0.03988745320010192,3844,0.0,0.787,0.0
u_43624,0.0,-1,0.0,,
u_43625,0.0,-1,0.0,,
u_43626,0.0,-1,0.0,,
u_43627,0.0,-1,0.0,,
u_43628,0.0,-1,0.0,,
u_43629,0.0,-1,0.0,,
u_43630,0.0010711550253241955,1128,0.0,0.021,0.0
u_43631,0.0,-1,0.0,,
u_43632,0.0,-1,0.0,,
u_43633,4.5652452005757004e-05,202,0.0,0.001,0.0
u_43634,0.0,-1,0.0,,
u_43635,0.0,-1,0.0,,
u_43636,0.0,-1,0.0,,
u_43637,0.08027939654743999,47,0.0,0.787,0.0
u_43638,0.0,-1,0.0,,
u_43639,0.0,-1,0.0,,
u_43640,0.0,-1,0.0,,
u_43641,0.043034914056465874,5796,0.0,0.787,0.0
u_43642,0.04370526614380362,907,0.0,0.787,0.0
u_43643,0.006152148271448133,3357,0.0,0.058,0.0
u_43644,0.0,-1,0.0,,
u_43645,0.00010733475212005422,288,0.0,0.002,0.0
u_43646,0.0,-1,0.0,,
u_43647,0.0,-1,0.0,,
u_43648,0.0,-1,0.0,,
u_43649,0.03988730711912748,87,0.0,0.787,0.0
u_43650,0.0,-1,0.0,,
u_43651,0.0,-1,0.0,,
u_43652,0.0,-1,0.0,,
u_43653,0.0,-1,0.0,,
u_43654,0.00016198317109040794,1411,0.0,0.003,0.0
u_43655,0.0,-1,0.0,,
u_43656,0.0,-1,0.0,,
u_43657,0.0,-1,0.0,,
u_43658,0.0,-1,0.0,,
u_43659,0.04046656100643425,3728,0.0,0.787,0.0
u_43660,0.0,-1,0.0,,
u_43661,0.0,-1,0.0,,
u_43662,0.0,-1,0.0,,
u_43663,0.04117362088694189,178,0.0,0.787,0.0
u_43664,0.0,-1,0.0,,
u_43665,0.0,-1,0.0,,
u_43666,0.043034914056465874,6215,0.0,0.787,0.0
u_43667,0.0,-1,0.0,,
u_43668,0.0,-1,0.0,,
u_43669,0.039887445686032745,2234,0.0,0.787,0.0
u_43670,0.0,-1,0.0,,
u_43671,0.0,-1,0.0,,
u_43672,0.0,-1,0.0,,
u_43673,0.0,-1,0.0,,
u_43674,0.0,-1,0.0,,
u_43675,0.043034914056465874,6349,0.0,0.787,0.0
u_43676,0.06700580567087432,189,0.0,0.645,0.0
u_43677,0.0,-1,0.0,,
u_43678,0.053672716419243274,4736,0.0,0.981,0.0
u_43679,0.0,-1,0.0,,
u_43680,0.0,-1,0.0,,
u_43681,0.0,-1,0.0,,
u_43682,0.0,-1,0.0,,
u_43683,0.0,-1,0.0,,
u_43684,0.0,-1,0.0,,
u_43685,0.04116582280873204,87,0.0,0.787,0.0
u_43686,0.0,-1,0.0,,
u_43687,0.0,-1,0.0,,
u_43688,0.043034914056465874,4798,0.0,0.787,0.0
u_43689,0.00042232800667237817,2113,0.0,0.008,0.0
u_43690,0.0,-1,0.0,,
u_43691,0.03988828547332582,1130,0.0,0.787,0.0
u_43692,0.03988951713153823,630,0.0,0.787,0.0
u_43693,0.004321916151597282,3538,0.0,0.079,0.0
u_43694,0.039888436718952675,1897,0.0,0.787,0.0
u_43695,0.0,-1,0.0,,
u_43696,0.0,-1,0.0,,
u_43697,0.0,-1,0.0,,
u_43698,0.044938114621856914,1188,0.0,0.787,0.0
u_43699,0.0,-1,0.0,,
u_43700,0.0,-1,0.0,,
u_43701,0.03988774413927622,61,0.0,0.787,0.0
u_43702,0.0,-1,0.0,,
u_43703,0.0,-1,0.0,,
u_43704,0.0,-1,0.0,,
u_43705,0.0,-1,0.0,,
u_43706,0.0,-1,0.0,,
u_43707,0.0,-1,0.0,,
u_43708,0.0,-1,0.0,,
u_43709,0.0,-1,0.0,,
u_43710,0.0,-1,0.0,,
u_43711,0.0,-1,0.0,,
u_43712,0.0,-1,0.0,,
u_43713,0.043034914056465874,5485,0.0,0.787,0.0
u_43714,0.0,-1,0.0,,
u_43715,0.0,-1,0.0,,
u_43716,0.0,-1,0.0,,
u_43717,0.0,-1,0.0,,
u_43718,0.043034914056465874,5672,0.0,0.787,0.0
u_43719,0.0,-1,0.0,,
u_43720,0.0,-1,0.0,,
u_43721,0.0,-1,0.0,,
u_43722,0.0,-1,0.0,,
u_43723,0.0,-1,0.0,,
u_43724,0.010828204223608561,4023,0.0,0.198,0.0
u_43725,0.0,-1,0.0,,
u_43726,0.043034914056465874,5440,0.0,0.787,0.0
u_43727,0.0,-1,0.0,,
u_43728,0.0,-1,0.0,,
u_43729,0.0,-1,0.0,,
u_43730,0.0,-1,0.0,,
u_43731,0.0001618668544308036,831,0.0,0.002,0.0
u_43732,0.043034914056465874,2762,0.0,0.787,0.0
u_43733,0.0,-1,0.0,,
u_43734,0.0,-1,0.0,,
u_43735,0.0,-1,0.0,,
u_43736,0.0,-1,0.0,,
u_43737,0.043034914056465874,5779,0.0,0.787,0.0
u_43738,0.0,-1,0.0,,
u_43739,0.0,-1,0.0,,
u_43740,0.002203974170122925,3137,0.0,0.04,0.0
u_43741,0.08238117343708198,2179,0.0,0.787,0.0
u_43742,0.0,-1,0.0,,
u_43743,0.0,-1,0.0,,
u_43744,0.0,-1,0.0,,
u_43745,0.0,-1,0.0,,
u_43746,0.003266464509504716,2750,0.0,0.021,0.0
u_43747,0.0033652357189124745,2177,0.0,0.032,0.0
u_43748,0.0008335982526655904,2596,0.0,0.016,0.0
u_43749,0.0,-1,0.0,,
u_43750,0.0,-1,0.0,,
u_43751,0.0,-1,0.0,,
u_43752,0.05487508598324048,702,0.0,0.516,0.0
u_43753,0.06043066756886294,2362,0.0,0.583,0.0
u_43754,0.039896747902162494,759,0.0,0.787,0.0
u_43755,0.019183085883266567,4258,0.0,0.351,0.0
u_43756,0.043034914056465874,5289,0.0,0.787,0.0
u_43757,0.0,-1,0.0,,
u_43758,0.0,-1,0.0,,
u_43759,0.0,-1,0.0,,
u_43760,0.04044876296626767,413,0.0,0.787,0.0
u_43761,0.0,-1,0.0,,
u_43762,0.04222470274095423,2496,0.0,0.787,0.0
u_43763,0.0,-1,0.0,,
u_43764,4.6801478896356986e-05,186,0.0,0.001,0.0
u_43765,0.0,-1,0.0,,
u_43766,0.0,-1,0.0,,
u_43767,0.0,-1,0.0,,
u_43768,0.0,-1,0.0,,
u_43769,0.043034914056465874,5391,0.0,0.787,0.0
u_43770,0.0410005467206787,2435,0.0,0.787,0.0
u_43771,0.0,-1,0.0,,
u_43772,0.0,-1,0.0,,
u_43773,0.0,-1,0.0,,
u_43774,0.043026605376843836,173,0.0,0.787,0.0
u_43775,0.0008708714270197279,2589,0.0,0.016,0.0
u_43776,0.0,-1,0.0,,
u_43777,0.0,-1,0.0,,
u_43778,0.0,-1,0.0,,
u_43779,0.0,-1,0.0,,
u_43780,0.0,-1,0.0,,
u_43781,0.0,-1,0.0,,
u_43782,0.0,-1,0.0,,
u_43783,0.039888137185780125,608,0.0,0.787,0.0
u_43784,0.0,-1,0.0,,
u_43785,0.0,-1,0.0,,
u_43786,0.0,-1,0.0,,
u_43787,0.0,-1,0.0,,
u_43788,0.0,-1,0.0,,
u_43789,0.0008880119636872301,2179,0.0,0.008,0.0
u_43790,0.0,-1,0.0,,
u_43791,0.0,-1,0.0,,
u_43792,0.0,-1,0.0,,
u_43793,0.0,-1,0.0,,
u_43794,0.00026547648008431334,1801,0.0,0.005,0.0
u_43795,0.0019137697325680152,3062,0.0,0.035,0.0
u_43796,0.0,-1,0.0,,
u_43797,0.003052319043812181,3327,0.0,0.056,0.0
u_43798,0.0,-1,0.0,,
u_43799,0.0,-1,0.0,,
u_43800,0.0,-1,0.0,,
u_43801,0.0,-1,0.0,,
u_43802,0.043034914056465874,4777,0.0,0.787,0.0
u_43803,0.0,-1,0.0,,
u_43804,0.043034914056465874,5987,0.0,0.787,0.0
u_43805,0.0,-1,0.0,,
u_43806,0.0,-1,0.0,,
u_43807,0.03988893373336764,137,0.0,0.787,0.0
u_43808,0.0,-1,0.0,,
u_43809,0.0,-1,0.0,,
u_43810,0.0,-1,0.0,,
u_43811,0.0,-1,0.0,,
u_43812,0.0,-1,0.0,,
u_43813,0.0,-1,0.0,,
u_43814,0.0,-1,0.0,,
u_43815,0.0,-1,0.0,,
u_43816,0.0,-1,0.0,,
u_43817,0.0,-1,0.0,,
u_43818,0.04337159984069145,3152,0.0,0.787,0.0
u_43819,0.043034914056465874,5607,0.0,0.787,0.0
u_43820,0.0,-1,0.0,,
u_43821,0.0,-1,0.0,,
u_43822,0.0,-1,0.0,,
u_43823,0.0,-1,0.0,,
u_43824,0.0,-1,0.0,,
u_43825,0.0,-1,0.0,,
u_43826,0.03989023061695282,4432,0.0,0.787,0.0
u_43827,0.04294486851662639,2398,0.0,0.787,0.0
u_43828,0.029183700538918445,4467,0.0,0.533,0.0
u_43829,0.0,-1,0.0,,
u_43830,0.01965833540599527,389,0.0,0.365,0.0
u_43831,0.0,-1,0.0,,
u_43832,0.0,-1,0.0,,
u_43833,0.03990100457966051,1226,0.0,0.787,0.0
u_43834,0.0,-1,0.0,,
u_43835,0.0,-1,0.0,,
u_43836,0.0,-1,0.0,,
u_43837,0.0,-1,0.0,,
u_43838,0.043034914056465874,1994,0.0,0.787,0.0
u_43839,0.12042830075956562,3399,0.0,0.787,0.0
u_43840,0.0,-1,0.0,,
u_43841,0.0,-1,0.0,,
u_43842,0.0,-1,0.0,,
u_43843,0.0,-1,0.0,,
u_43844,0.0,-1,0.0,,
u_43845,0.0,-1,0.0,,
u_43846,0.0,-1,0.0,,
u_43847,0.0,-1,0.0,,
u_43848,0.0,-1,0.0,,
u_43849,0.043034914056465874,5541,0.0,0.787,0.0
u_43850,0.043034914056465874,3211,0.0,0.787,0.0
u_43851,0.0,-1,0.0,,
u_43852,0.0,-1,0.0,,
u_43853,0.043034914056465874,5508,0.0,0.787,0.0
u_43854,0.03016427218609606,4490,0.0,0.551,0.0
u_43855,0.0,-1,0.0,,
u_43856,0.0,-1,0.0,,
u_43857,0.0,-1,0.0,,
u_43858,0.0,-1,0.0,,
u_43859,0.0,-1,0.0,,
u_43860,0.0018326746678307777,87,0.0,0.036,0.0
u_43861,0.0,-1,0.0,,
u_43862,0.0,-1,0.0,,
u_43863,0.0,-1,0.0,,
u_43864,0.04037676357830371,168,0.0,0.787,0.0
u_43865,0.0,-1,0.0,,
u_43866,0.0,-1,0.0,,
u_43867,0.04152887923219422,4607,0.0,0.787,0.0
u_43868,0.0,-1,0.0,,
u_43869,0.0,-1,0.0,,
u_43870,0.043034914056465874,5690,0.0,0.787,0.0
u_43871,8.424977716780335e-05,316,0.0,0.002,0.0
u_43872,0.0,-1,0.0,,
u_43873,0.005505852015204033,3286,0.0,0.051,0.0
u_43874,0.0010291549166668342,1073,0.0,0.018,0.0
u_43875,0.0,-1,0.0,,
u_43876,0.0,-1,0.0,,
u_43877,0.0,-1,0.0,,
u_43878,0.03988899627269881,4539,0.0,0.787,0.0
u_43879,0.0,-1,0.0,,
u_43880,0.0,-1,0.0,,
u_43881,0.0,-1,0.0,,
u_43882,0.012881684158096955,4098,0.0,0.235,0.0
u_43883,0.0,-1,0.0,,
u_43884,0.0,-1,0.0,,
u_43885,0.007217258394244589,3805,0.0,0.132,0.0
u_43886,0.0,-1,0.0,,
u_43887,0.039888501094091734,920,0.0,0.787,0.0
u_43888,0.0,-1,0.0,,
u_43889,0.0,-1,0.0,,
u_43890,0.0,-1,0.0,,
u_43891,0.020103892291864038,2015,0.0,0.196,0.0
u_43892,0.0,-1,0.0,,
u_43893,0.041007089722162465,162,0.0,0.787,0.0
u_43894,0.0,-1,0.0,,
u_43895,0.0,-1,0.0,,
u_43896,0.043034914056465874,6324,0.0,0.787,0.0
u_43897,0.0,-1,0.0,,
u_43898,0.043034914056465874,2368,0.0,0.787,0.0
u_43899,0.0,-1,0.0,,
u_43900,0.0,-1,0.0,,
u_43901,0.0,-1,0.0,,
u_43902,0.0,-1,0.0,,
u_43903,0.0,-1,0.0,,
u_43904,0.0,-1,0.0,,
u_43905,0.043034914056465874,5550,0.0,0.787,0.0
u_43906,0.0,-1,0.0,,
u_43907,0.0,-1,0.0,,
u_43908,0.0,-1,0.0,,
u_43909,0.0,-1,0.0,,
u_43910,0.0,-1,0.0,,
u_43911,0.0,-1,0.0,,
u_43912,0.0020382707397456974,2583,0.0,0.037,0.0
u_43913,0.0,-1,0.0,,
u_43914,0.08236630710979355,5173,0.0,0.787,0.0
u_43915,0.0,-1,0.0,,
u_43916,0.0,-1,0.0,,
u_43917,0.00594153353079863,327,0.0,0.111,0.0
u_43918,0.0,-1,0.0,,
u_43919,0.043034914056465874,6070,0.0,0.787,0.0
u_43920,0.0,-1,0.0,,
u_43921,0.0,-1,0.0,,
u_43922,0.0,-1,0.0,,
u_43923,0.043034914056465874,5797,0.0,0.787,0.0
u_43924,0.0,-1,0.0,,
u_43925,0.04303092032134099,40,0.0,0.787,0.0
u_43926,0.043034914056465874,1999,0.0,0.787,0.0
u_43927,0.0,-1,0.0,,
u_43928,0.0,-1,0.0,,
u_43929,0.043034914056465874,3767,0.0,0.787,0.0
u_43930,0.043034914056465874,5798,0.0,0.787,0.0
u_43931,0.0,-1,0.0,,
u_43932,0.0,-1,0.0,,
u_43933,0.043034914056465874,5799,0.0,0.787,0.0
u_43934,0.0,-1,0.0,,
u_43935,0.0,-1,0.0,,
u_43936,0.0,-1,0.0,,
u_43937,0.0,-1,0.0,,
u_43938,0.0,-1,0.0,,
u_43939,0.0,-1,0.0,,
u_43940,0.0,-1,0.0,,
u_43941,0.0,-1,0.0,,
u_43942,0.0,-1,0.0,,
u_43943,0.0,-1,0.0,,
u_43944,0.0005263452951632075,720,0.0,0.009,0.0
u_43945,0.0,-1,0.0,,
u_43946,0.0,-1,0.0,,
u_43947,0.0,-1,0.0,,
u_43948,0.0,-1,0.0,,
u_43949,0.0,-1,0.0,,
u_43950,0.0,-1,0.0,,
u_43951,0.0,-1,0.0,,
u_43952,0.0,-1,0.0,,
u_43953,0.0,-1,0.0,,
u_43954,0.0,-1,0.0,,
u_43955,0.0,-1,0.0,,
u_43956,0.0,-1,0.0,,
u_43957,0.0,-1,0.0,,
u_43958,0.0,-1,0.0,,
u_43959,0.043034914056465874,3508,0.0,0.787,0.0
u_43960,0.0,-1,0.0,,
u_43961,0.0025224816373429163,268,0.0,0.048,0.0
u_43962,0.0,-1,0.0,,
u_43963,0.0,-1,0.0,,
u_43964,0.0,-1,0.0,,
u_43965,0.0,-1,0.0,,
u_43966,0.003423799832203089,1801,0.0,0.032,0.0
u_43967,0.042130407716432006,5792,0.0,0.787,0.0
u_43968,0.0,-1,0.0,,
u_43969,0.0,-1,0.0,,
u_43970,0.0,-1,0.0,,
u_43971,0.0,-1,0.0,,
u_43972,0.0,-1,0.0,,
u_43973,0.0,-1,0.0,,
u_43974,0.0,-1,0.0,,
u_43975,0.043706036462818114,4160,0.0,0.787,0.0
u_43976,0.043034914056465874,3514,0.0,0.787,0.0
u_43977,0.0,-1,0.0,,
u_43978,0.0,-1,0.0,,
u_43979,0.0,-1,0.0,,
u_43980,0.0,-1,0.0,,
u_43981,0.0,-1,0.0,,
u_43982,0.0,-1,0.0,,
u_43983,0.043034914056465874,6037,0.0,0.787,0.0
u_43984,0.0,-1,0.0,,
u_43985,0.0,-1,0.0,,
u_43986,0.0,-1,0.0,,
u_43987,0.0,-1,0.0,,
u_43988,0.04226239716997354,802,0.0,0.787,0.0
u_43989,0.0,-1,0.0,,
u_43990,0.0,-1,0.0,,
u_43991,0.0,-1,0.0,,
u_43992,0.00042496890470782327,2117,0.0,0.008,0.0
u_43993,0.0,-1,0.0,,
u_43994,0.0,-1,0.0,,
u_43995,0.0,-1,0.0,,
u_43996,0.0,-1,0.0,,
u_43997,0.008644126169559596,2054,0.0,0.081,0.0
u_43998,0.0,-1,0.0,,
u_43999,0.0,-1,0.0,,
u_44000,0.0,-1,0.0,,
u_44001,0.0,-1,0.0,,
u_44002,0.0,-1,0.0,,
u_44003,0.0,-1,0.0,,
u_44004,0.0,-1,0.0,,
u_44005,0.0,-1,0.0,,
u_44006,0.03993550207970181,49,0.0,0.787,0.0
u_44007,0.0,-1,0.0,,
u_44008,0.042130407716432006,5615,0.0,0.787,0.0
u_44009,0.0,-1,0.0,,
u_44010,0.0,-1,0.0,,
u_44011,0.0,-1,0.0,,
u_44012,0.043034914056465874,4988,0.0,0.787,0.0
u_44013,0.0,-1,0.0,,
u_44014,0.0,-1,0.0,,
u_44015,0.04125370933706481,1104,0.0,0.787,0.0
u_44016,0.0,-1,0.0,,
u_44017,0.0,-1,0.0,,
u_44018,0.0,-1,0.0,,
u_44019,0.0,-1,0.0,,
u_44020,0.0,-1,0.0,,
u_44021,0.043034914056465874,6035,0.0,0.787,0.0
u_44022,0.0,-1,0.0,,
u_44023,0.0,-1,0.0,,
u_44024,0.0,-1,0.0,,
u_44025,0.0,-1,0.0,,
u_44026,0.0,-1,0.0,,
u_44027,0.004035508204991964,3504,0.0,0.074,0.0
u_44028,0.0,-1,0.0,,
u_44029,0.043034914056465874,5410,0.0,0.787,0.0
u_44030,0.0,-1,0.0,,
u_44031,0.00011145433674484041,1080,0.0,0.002,0.0
u_44032,0.0,-1,0.0,,
u_44033,0.0,-1,0.0,,
u_44034,0.0,-1,0.0,,
u_44035,0.003178005520872225,650,0.0,0.062,0.0
u_44036,0.0,-1,0.0,,
u_44037,0.0,-1,0.0,,
u_44038,0.0,-1,0.0,,
u_44039,0.0,-1,0.0,,
u_44040,0.05111763902247793,3261,0.0,0.329,0.0
u_44041,0.0,-1,0.0,,
u_44042,0.0,-1,0.0,,
u_44043,0.0,-1,0.0,,
u_44044,0.0,-1,0.0,,
u_44045,4.274230390507048e-05,109,0.0,0.001,0.0
u_44046,0.00040388984360152386,2088,0.0,0.007,0.0
u_44047,0.0,-1,0.0,,
u_44048,0.0,-1,0.0,,
u_44049,0.0,-1,0.0,,
u_44050,0.0,-1,0.0,,
u_44051,0.04229466590411207,2322,0.0,0.787,0.0
u_44052,0.0,-1,0.0,,
u_44053,0.0,-1,0.0,,
u_44054,0.0,-1,0.0,,
u_44055,0.08235632901235616,1882,0.0,0.787,0.0
u_44056,0.0,-1,0.0,,
u_44057,0.0,-1,0.0,,
u_44058,0.0,-1,0.0,,
u_44059,0.0,-1,0.0,,
u_44060,0.0,-1,0.0,,
u_44061,0.0,-1,0.0,,
u_44062,0.0,-1,0.0,,
u_44063,0.0,-1,0.0,,
u_44064,0.0,-1,0.0,,
u_44065,0.0,-1,0.0,,
u_44066,0.0,-1,0.0,,
u_44067,0.043034914056465874,3003,0.0,0.787,0.0
u_44068,0.0,-1,0.0,,
u_44069,0.0,-1,0.0,,
u_44070,0.040321684420676296,197,0.0,0.787,0.0
u_44071,0.0,-1,0.0,,
u_44072,0.0,-1,0.0,,
u_44073,0.0,-1,0.0,,
u_44074,0.0,-1,0.0,,
u_44075,0.0,-1,0.0,,
u_44076,0.0,-1,0.0,,
u_44077,0.043034914056465874,1078,0.0,0.787,0.0
u_44078,0.0,-1,0.0,,
u_44079,0.043034914056465874,2609,0.0,0.787,0.0
u_44080,0.0,-1,0.0,,
u_44081,0.040471582083550985,724,0.0,0.787,0.0
u_44082,0.0,-1,0.0,,
u_44083,0.0,-1,0.0,,
u_44084,0.04437209594137711,2768,0.0,0.787,0.0
u_44085,0.0,-1,0.0,,
u_44086,0.0,-1,0.0,,
u_44087,0.0,-1,0.0,,
u_44088,0.0,-1,0.0,,
u_44089,0.0,-1,0.0,,
u_44090,0.0,-1,0.0,,
u_44091,0.0,-1,0.0,,
u_44092,0.0,-1,0.0,,
u_44093,0.0,-1,0.0,,
u_44094,0.0,-1,0.0,,
u_44095,0.0,-1,0.0,,
u_44096,0.0,-1,0.0,,
u_44097,0.0,-1,0.0,,
u_44098,0.00161548436157757,936,0.0,0.016,0.0
u_44099,0.0,-1,0.0,,
u_44100,0.0002465012718871866,1717,0.0,0.005,0.0
u_44101,0.0,-1,0.0,,
u_44102,0.0,-1,0.0,,
u_44103,0.0,-1,0.0,,
u_44104,0.0,-1,0.0,,
u_44105,0.043034914056465874,753,0.0,0.787,0.0
u_44106,0.0,-1,0.0,,
u_44107,0.0,-1,0.0,,
u_44108,0.0,-1,0.0,,
u_44109,0.043034914056465874,1963,0.0,0.787,0.0
u_44110,0.041806326300878716,54,0.0,0.787,0.0
u_44111,0.0,-1,0.0,,
u_44112,0.0,-1,0.0,,
u_44113,0.0,-1,0.0,,
u_44114,0.031753831963956466,74,0.0,0.619,0.0
u_44115,0.0,-1,0.0,,
u_44116,0.0,-1,0.0,,
u_44117,0.0,-1,0.0,,
u_44118,0.043034914056465874,4959,0.0,0.787,0.0
u_44119,0.04065434814666235,2921,0.0,0.787,0.0
u_44120,0.0,-1,0.0,,
u_44121,0.03988815451874045,3974,0.0,0.787,0.0
u_44122,0.0009593726086587592,2655,0.0,0.018,0.0
u_44123,0.043034914056465874,6350,0.0,0.787,0.0
u_44124,0.0,-1,0.0,,
u_44125,0.039887717719694016,2411,0.0,0.787,0.0
u_44126,0.0,-1,0.0,,
u_44127,0.0,-1,0.0,,
u_44128,0.04147569888609697,708,0.0,0.787,0.0
u_44129,0.0,-1,0.0,,
u_44130,0.0,-1,0.0,,
u_44131,0.0,-1,0.0,,
u_44132,0.0,-1,0.0,,
u_44133,0.0,-1,0.0,,
u_44134,0.07922074678454333,3609,0.0,0.787,0.0
u_44135,0.039887616435916304,671,0.0,0.787,0.0
u_44136,0.0,-1,0.0,,
u_44137,0.07963104341919665,2388,0.0,0.787,0.0
u_44138,0.0,-1,0.0,,
u_44139,0.043034914056465874,3081,0.0,0.787,0.0
u_44140,0.07963113671598321,1170,0.0,0.787,0.0
u_44141,0.0,-1,0.0,,
u_44142,0.0,-1,0.0,,
u_44143,0.0,-1,0.0,,
u_44144,0.0,-1,0.0,,
u_44145,0.0,-1,0.0,,
u_44146,0.0,-1,0.0,,
u_44147,0.08236630710979355,5573,0.0,0.787,0.0
u_44148,0.040086421065962066,964,0.0,0.787,0.0
u_44149,0.0,-1,0.0,,
u_44150,0.0,-1,0.0,,
u_44151,0.0,-1,0.0,,
u_44152,0.0,-1,0.0,,
u_44153,0.0,-1,0.0,,
u_44154,0.0,-1,0.0,,
u_44155,0.0,-1,0.0,,
u_44156,0.043034914056465874,5522,0.0,0.787,0.0
u_44157,0.0,-1,0.0,,
u_44158,0.043034914056465874,6136,0.0,0.787,0.0
u_44159,0.0,-1,0.0,,
u_44160,0.0,-1,0.0,,
u_44161,0.0,-1,0.0,,
u_44162,0.0,-1,0.0,,
u_44163,0.039887778331504434,475,0.0,0.787,0.0
u_44164,0.0,-1,0.0,,
u_44165,0.0,-1,0.0,,
u_44166,0.004815338951736798,3600,0.0,0.088,0.0
u_44167,0.0,-1,0.0,,
u_44168,0.01231188344817073,3082,0.0,0.231,0.0
u_44169,0.0,-1,0.0,,
u_44170,0.0,-1,0.0,,
u_44171,0.0,-1,0.0,,
u_44172,0.0,-1,0.0,,
u_44173,0.0,-1,0.0,,
u_44174,0.0,-1,0.0,,
u_44175,0.0,-1,0.0,,
u_44176,0.025569068566975897,4399,0.0,0.467,0.0
u_44177,0.04348042540756558,3313,0.0,0.787,0.0
u_44178,0.0,-1,0.0,,
u_44179,0.04057520513403343,201,0.0,0.787,0.0
u_44180,0.0,-1,0.0,,
u_44181,0.0,-1,0.0,,
u_44182,0.03989450862231281,813,0.0,0.787,0.0
u_44183,0.0,-1,0.0,,
u_44184,0.0,-1,0.0,,
u_44185,0.0,-1,0.0,,
u_44186,0.0,-1,0.0,,
u_44187,0.043034914056465874,5800,0.0,0.787,0.0
u_44188,0.0,-1,0.0,,
u_44189,0.0,-1,0.0,,
u_44190,0.0398874782564917,1496,0.0,0.787,0.0
u_44191,0.0,-1,0.0,,
u_44192,0.003361014431815914,3398,0.0,0.061,0.0
u_44193,0.0,-1,0.0,,
u_44194,0.0,-1,0.0,,
u_44195,0.0,-1,0.0,,
u_44196,0.0,-1,0.0,,
u_44197,0.0,-1,0.0,,
u_44198,0.0,-1,0.0,,
u_44199,0.0,-1,0.0,,
u_44200,0.0,-1,0.0,,
u_44201,0.0,-1,0.0,,
u_44202,0.029032708570895516,2730,0.0,0.544,0.0
u_44203,0.0,-1,0.0,,
u_44204,0.003053446619355929,1684,0.0,0.029,0.0
u_44205,0.0,-1,0.0,,
u_44206,0.0,-1,0.0,,
u_44207,0.043034914056465874,5674,0.0,0.787,0.0
u_44208,0.0,-1,0.0,,
u_44209,0.0,-1,0.0,,
u_44210,0.0,-1,0.0,,
u_44211,0.07963069053058075,1807,0.0,0.787,0.0
u_44212,0.039887750070417,280,0.0,0.787,0.0
u_44213,0.0,-1,0.0,,
u_44214,0.039888760904572926,104,0.0,0.787,0.0
u_44215,5.01064198688936e-05,71,0.0,0.001,0.0
u_44216,0.0,-1,0.0,,
u_44217,0.0,-1,0.0,,
u_44218,0.0,-1,0.0,,
u_44219,0.039889258003377996,2115,0.0,0.787,0.0
u_44220,0.0,-1,0.0,,
u_44221,0.0,-1,0.0,,
u_44222,0.043034914056465874,4088,0.0,0.787,0.0
u_44223,0.0,-1,0.0,,
u_44224,0.043034914056465874,3783,0.0,0.787,0.0
u_44225,0.0398879365308744,61,0.0,0.787,0.0
u_44226,0.03376968755551279,75,0.0,0.317,0.0
u_44227,0.0,-1,0.0,,
u_44228,0.0,-1,0.0,,
u_44229,0.0,-1,0.0,,
u_44230,0.0,-1,0.0,,
u_44231,0.0,-1,0.0,,
u_44232,0.0,-1,0.0,,
u_44233,0.0,-1,0.0,,
u_44234,0.0,-1,0.0,,
u_44235,0.0,-1,0.0,,
u_44236,0.0,-1,0.0,,
u_44237,0.0,-1,0.0,,
u_44238,0.0,-1,0.0,,
u_44239,0.043034914056465874,4843,0.0,0.787,0.0
u_44240,0.043034914056465874,5983,0.0,0.787,0.0
u_44241,0.0,-1,0.0,,
u_44242,0.0,-1,0.0,,
u_44243,0.043034914056465874,4712,0.0,0.787,0.0
u_44244,0.03988904450150328,1476,0.0,0.787,0.0
u_44245,0.0,-1,0.0,,
u_44246,0.03989200294323974,4531,0.0,0.787,0.0
u_44247,0.0,-1,0.0,,
u_44248,0.0,-1,0.0,,
u_44249,0.0,-1,0.0,,
u_44250,0.043034914056465874,6262,0.0,0.787,0.0
u_44251,0.0,-1,0.0,,
u_44252,0.0,-1,0.0,,
u_44253,0.0,-1,0.0,,
u_44254,0.0,-1,0.0,,
u_44255,0.0,-1,0.0,,
u_44256,0.043034914056465874,2657,0.0,0.787,0.0
u_44257,0.043034914056465874,5027,0.0,0.787,0.0
u_44258,0.0,-1,0.0,,
u_44259,0.0,-1,0.0,,
u_44260,0.043034914056465874,6351,0.0,0.787,0.0
u_44261,0.0,-1,0.0,,
u_44262,0.0,-1,0.0,,
u_44263,0.0,-1,0.0,,
u_44264,0.039887529951726806,189,0.0,0.787,0.0
u_44265,0.0,-1,0.0,,
u_44266,0.0,-1,0.0,,
u_44267,0.0,-1,0.0,,
u_44268,0.0,-1,0.0,,
u_44269,0.0,-1,0.0,,
u_44270,0.0,-1,0.0,,
u_44271,0.0,-1,0.0,,
u_44272,0.0009574270888002268,2653,0.0,0.018,0.0
u_44273,0.0,-1,0.0,,
u_44274,0.08225095433465032,878,0.0,0.787,0.0
u_44275,0.0,-1,0.0,,
u_44276,0.11928233245683305,551,0.0,0.787,0.0
u_44277,0.03988846373084302,2218,0.0,0.787,0.0
u_44278,0.0455230800641234,3399,0.0,0.787,0.0
u_44279,0.0,-1,0.0,,
u_44280,0.0,-1,0.0,,
u_44281,0.0,-1,0.0,,
u_44282,0.0,-1,0.0,,
u_44283,0.0,-1,0.0,,
u_44284,0.0,-1,0.0,,
u_44285,0.0,-1,0.0,,
u_44286,0.0,-1,0.0,,
u_44287,0.0,-1,0.0,,
u_44288,0.03989073411418865,814,0.0,0.787,0.0
u_44289,0.004995234633858174,3622,0.0,0.091,0.0
u_44290,0.0,-1,0.0,,
u_44291,0.043034914056465874,5143,0.0,0.787,0.0
u_44292,0.0,-1,0.0,,
u_44293,8.507205940685647e-05,161,0.0,0.002,0.0
u_44294,0.0,-1,0.0,,
u_44295,0.0,-1,0.0,,
u_44296,0.043034914056465874,4769,0.0,0.787,0.0
u_44297,0.0,-1,0.0,,
u_44298,0.0,-1,0.0,,
u_44299,0.0,-1,0.0,,
u_44300,0.043034914056465874,979,0.0,0.787,0.0
u_44301,0.0,-1,0.0,,
u_44302,0.0,-1,0.0,,
u_44303,0.0,-1,0.0,,
u_44304,0.08417531978986129,1355,0.0,0.787,0.0
u_44305,0.0,-1,0.0,,
u_44306,0.0,-1,0.0,,
u_44307,0.0,-1,0.0,,
u_44308,0.043034914056465874,3296,0.0,0.787,0.0
u_44309,0.0,-1,0.0,,
u_44310,0.0,-1,0.0,,
u_44311,0.044813118043414674,266,0.0,0.787,0.0
u_44312,0.08025085184947814,333,0.0,0.787,0.0
u_44313,0.043034914056465874,3827,0.0,0.787,0.0
u_44314,0.0,-1,0.0,,
u_44315,0.043034914056465874,1389,0.0,0.787,0.0
u_44316,0.0,-1,0.0,,
u_44317,0.042130407716432006,5518,0.0,0.787,0.0
u_44318,0.0,-1,0.0,,
u_44319,0.0,-1,0.0,,
u_44320,0.043034914056465874,6061,0.0,0.787,0.0
u_44321,0.043034914056465874,4279,0.0,0.787,0.0
u_44322,0.043034914056465874,6352,0.0,0.787,0.0
u_44323,0.0,-1,0.0,,
u_44324,0.0,-1,0.0,,
u_44325,0.0,-1,0.0,,
u_44326,0.0008729514426508695,227,0.0,0.005,0.0
u_44327,0.0,-1,0.0,,
u_44328,0.0,-1,0.0,,
u_44329,0.0,-1,0.0,,
u_44330,0.0,-1,0.0,,
u_44331,0.0,-1,0.0,,
u_44332,0.0,-1,0.0,,
u_44333,0.09593315430407942,1374,0.0,0.897,0.0
u_44334,0.043034914056465874,3916,0.0,0.787,0.0
u_44335,0.0,-1,0.0,,
u_44336,0.00038842218421098623,554,0.0,0.007,0.0
u_44337,0.0,-1,0.0,,
u_44338,0.0,-1,0.0,,
u_44339,0.0,-1,0.0,,
u_44340,0.0,-1,0.0,,
u_44341,0.0,-1,0.0,,
u_44342,0.08417531978986129,819,0.0,0.787,0.0
u_44343,0.0,-1,0.0,,
u_44344,0.0,-1,0.0,,
u_44345,0.0,-1,0.0,,
u_44346,0.08417531978986129,1330,0.0,0.787,0.0
u_44347,0.0,-1,0.0,,
u_44348,0.004379659985476459,990,0.0,0.086,0.0
u_44349,0.03988872125820048,83,0.0,0.787,0.0
u_44350,0.0,-1,0.0,,
u_44351,0.0,-1,0.0,,
u_44352,0.0,-1,0.0,,
u_44353,0.020178073524732276,4287,0.0,0.369,0.0
u_44354,0.0,-1,0.0,,
u_44355,0.043034914056465874,1860,0.0,0.787,0.0
u_44356,0.0,-1,0.0,,
u_44357,0.0,-1,0.0,,
u_44358,0.0,-1,0.0,,
u_44359,0.0802823110042058,4297,0.0,0.787,0.0
u_44360,0.0,-1,0.0,,
u_44361,0.03988735845990631,242,0.0,0.787,0.0
u_44362,0.0,-1,0.0,,
u_44363,0.0,-1,0.0,,
u_44364,0.0,-1,0.0,,
u_44365,0.0,-1,0.0,,
u_44366,0.0,-1,0.0,,
u_44367,0.043034914056465874,6348,0.0,0.787,0.0
u_44368,0.0009012251449890332,2609,0.0,0.016,0.0
u_44369,0.0013339634201630795,2238,0.0,0.024,0.0
u_44370,0.043034914056465874,1448,0.0,0.787,0.0
u_44371,0.0,-1,0.0,,
u_44372,0.039888831333443196,3818,0.0,0.787,0.0
u_44373,0.0,-1,0.0,,
u_44374,0.043034914056465874,5787,0.0,0.787,0.0
u_44375,0.0,-1,0.0,,
u_44376,0.0,-1,0.0,,
u_44377,0.043034914056465874,3851,0.0,0.787,0.0
u_44378,0.043034914056465874,6272,0.0,0.787,0.0
u_44379,0.08417531978986129,3392,0.0,0.787,0.0
u_44380,0.0,-1,0.0,,
u_44381,0.043034914056465874,2379,0.0,0.787,0.0
u_44382,0.0,-1,0.0,,
u_44383,0.0,-1,0.0,,
u_44384,0.0,-1,0.0,,
u_44385,0.0,-1,0.0,,
u_44386,0.0,-1,0.0,,
u_44387,0.0,-1,0.0,,
u_44388,0.0,-1,0.0,,
u_44389,0.0,-1,0.0,,
u_44390,0.0,-1,0.0,,
u_44391,6.26079637483367e-05,536,0.0,0.001,0.0
u_44392,0.0,-1,0.0,,
u_44393,0.041785258603021645,1791,0.0,0.787,0.0
u_44394,0.0,-1,0.0,,
u_44395,4.231291249069166e-05,57,0.0,0.001,0.0
u_44396,0.00336620667720126,3401,0.0,0.062,0.0
u_44397,0.0,-1,0.0,,
u_44398,0.0,-1,0.0,,
u_44399,0.0,-1,0.0,,
u_44400,0.0,-1,0.0,,
u_44401,0.0,-1,0.0,,
u_44402,0.0,-1,0.0,,
u_44403,0.0,-1,0.0,,
u_44404,0.0,-1,0.0,,
u_44405,0.0,-1,0.0,,
u_44406,0.0,-1,0.0,,
u_44407,0.0,-1,0.0,,
u_44408,0.0,-1,0.0,,
u_44409,0.0,-1,0.0,,
u_44410,0.0,-1,0.0,,
u_44411,0.0,-1,0.0,,
u_44412,0.0,-1,0.0,,
u_44413,0.042130407716432006,4822,0.0,0.787,0.0
u_44414,0.006334915483638037,3736,0.0,0.116,0.0
u_44415,0.0,-1,0.0,,
u_44416,0.0,-1,0.0,,
u_44417,0.0,-1,0.0,,
u_44418,0.0,-1,0.0,,
u_44419,0.0,-1,0.0,,
u_44420,0.0,-1,0.0,,
u_44421,0.043034914056465874,5404,0.0,0.787,0.0
u_44422,0.0,-1,0.0,,
u_44423,0.0,-1,0.0,,
u_44424,0.0,-1,0.0,,
u_44425,5.585617207688802e-05,399,0.0,0.001,0.0
u_44426,0.043034914056465874,5746,0.0,0.787,0.0
u_44427,0.043034914056465874,2081,0.0,0.787,0.0
u_44428,0.043034914056465874,6228,0.0,0.787,0.0
u_44429,0.0,-1,0.0,,
u_44430,0.0,-1,0.0,,
u_44431,0.0,-1,0.0,,
u_44432,0.0,-1,0.0,,
u_44433,0.0,-1,0.0,,
u_44434,0.0,-1,0.0,,
u_44435,0.03352588514875842,244,0.0,0.655,0.0
u_44436,0.043034914056465874,3985,0.0,0.787,0.0
u_44437,0.0,-1,0.0,,
u_44438,0.0,-1,0.0,,
u_44439,0.11877140714489808,4579,0.0,0.787,0.0
u_44440,0.03988791361743959,3909,0.0,0.787,0.0
u_44441,0.043034914056465874,6014,0.0,0.787,0.0
u_44442,0.0,-1,0.0,,
u_44443,0.0,-1,0.0,,
u_44444,0.0,-1,0.0,,
u_44445,0.033898952230362406,1223,0.0,0.645,0.0
u_44446,0.07963621763185115,3399,0.0,0.787,0.0
u_44447,0.043034914056465874,6335,0.0,0.787,0.0
u_44448,0.0,-1,0.0,,
u_44449,0.0,-1,0.0,,
u_44450,0.0,-1,0.0,,
u_44451,0.0,-1,0.0,,
u_44452,0.0013112886934363913,2853,0.0,0.024,0.0
u_44453,0.043034914056465874,4816,0.0,0.787,0.0
u_44454,0.0,-1,0.0,,
u_44455,0.0,-1,0.0,,
u_44456,0.0,-1,0.0,,
u_44457,0.0,-1,0.0,,
u_44458,0.013870576835533591,2877,0.0,0.257,0.0
u_44459,0.0,-1,0.0,,
u_44460,0.0,-1,0.0,,
u_44461,0.0,-1,0.0,,
u_44462,0.0,-1,0.0,,
u_44463,0.0,-1,0.0,,
u_44464,0.0,-1,0.0,,
u_44465,0.0,-1,0.0,,
u_44466,0.0,-1,0.0,,
u_44467,0.0,-1,0.0,,
u_44468,0.0,-1,0.0,,
u_44469,0.0,-1,0.0,,
u_44470,0.0,-1,0.0,,
u_44471,0.0,-1,0.0,,
u_44472,0.0026634188884691176,3248,0.0,0.049,0.0
u_44473,0.0,-1,0.0,,
u_44474,0.002678996100526629,3254,0.0,0.049,0.0
u_44475,0.0,-1,0.0,,
u_44476,0.0,-1,0.0,,
u_44477,0.039892322562367376,336,0.0,0.787,0.0
u_44478,0.0,-1,0.0,,
u_44479,0.043034914056465874,5341,0.0,0.787,0.0
u_44480,0.0,-1,0.0,,
u_44481,0.04057276600749077,168,0.0,0.787,0.0
u_44482,0.0,-1,0.0,,
u_44483,0.0,-1,0.0,,
u_44484,0.0,-1,0.0,,
u_44485,0.0,-1,0.0,,
u_44486,0.0,-1,0.0,,
u_44487,0.03989139327570231,4641,0.0,0.787,0.0
u_44488,0.0,-1,0.0,,
u_44489,0.0,-1,0.0,,
u_44490,0.0,-1,0.0,,
u_44491,0.0,-1,0.0,,
u_44492,0.0,-1,0.0,,
u_44493,0.0,-1,0.0,,
u_44494,0.043034914056465874,5407,0.0,0.787,0.0
u_44495,0.043034914056465874,4606,0.0,0.787,0.0
u_44496,0.0,-1,0.0,,
u_44497,0.0005418529963782048,1803,0.0,0.005,0.0
u_44498,0.03988785309998252,2355,0.0,0.787,0.0
u_44499,0.04217657377436919,266,0.0,0.787,0.0
u_44500,0.0,-1,0.0,,
u_44501,0.0,-1,0.0,,
u_44502,0.0,-1,0.0,,
u_44503,0.0,-1,0.0,,
u_44504,0.0,-1,0.0,,
u_44505,0.043034914056465874,4834,0.0,0.787,0.0
u_44506,0.0,-1,0.0,,
u_44507,0.0,-1,0.0,,
u_44508,0.0,-1,0.0,,
u_44509,0.0,-1,0.0,,
u_44510,0.0005314832969629553,2274,0.0,0.01,0.0
u_44511,0.03988859105086209,2233,0.0,0.787,0.0
u_44512,0.043034914056465874,2951,0.0,0.787,0.0
u_44513,0.0,-1,0.0,,
u_44514,0.12342766215873069,4942,0.0,0.787,0.0
u_44515,0.04382936675942083,4643,0.0,0.801,0.0
u_44516,0.0,-1,0.0,,
u_44517,0.0,-1,0.0,,
u_44518,0.0,-1,0.0,,
u_44519,0.043034914056465874,5390,0.0,0.787,0.0
u_44520,0.0,-1,0.0,,
u_44521,0.0,-1,0.0,,
u_44522,0.0,-1,0.0,,
u_44523,0.043034914056465874,28,0.0,0.787,0.0
u_44524,0.03124827066674068,4004,0.0,0.562,0.0
u_44525,0.043034914056465874,4270,0.0,0.787,0.0
u_44526,0.0,-1,0.0,,
u_44527,0.0,-1,0.0,,
u_44528,0.0,-1,0.0,,
u_44529,0.0,-1,0.0,,
u_44530,0.001317144665996634,2857,0.0,0.024,0.0
u_44531,0.0,-1,0.0,,
u_44532,0.0,-1,0.0,,
u_44533,0.0,-1,0.0,,
u_44534,0.043034914056465874,6214,0.0,0.787,0.0
u_44535,0.0,-1,0.0,,
u_44536,0.0,-1,0.0,,
u_44537,0.0,-1,0.0,,
u_44538,0.0,-1,0.0,,
u_44539,0.0,-1,0.0,,
u_44540,0.0,-1,0.0,,
u_44541,0.043034914056465874,5632,0.0,0.787,0.0
u_44542,0.043034914056465874,6353,0.0,0.787,0.0
u_44543,0.0,-1,0.0,,
u_44544,0.11936293641065851,118,0.0,0.787,0.0
u_44545,0.0009716620060931978,391,0.0,0.019,0.0
u_44546,0.0,-1,0.0,,
u_44547,0.0,-1,0.0,,
u_44548,0.0,-1,0.0,,
u_44549,0.043034914056465874,6259,0.0,0.787,0.0
u_44550,0.0,-1,0.0,,
u_44551,0.0,-1,0.0,,
u_44552,0.0,-1,0.0,,
u_44553,0.0,-1,0.0,,
u_44554,0.0008205369846028741,475,0.0,0.016,0.0
u_44555,0.043034914056465874,3353,0.0,0.787,0.0
u_44556,0.0,-1,0.0,,
u_44557,0.0,-1,0.0,,
u_44558,0.0,-1,0.0,,
u_44559,0.0,-1,0.0,,
u_44560,0.0,-1,0.0,,
u_44561,0.0,-1,0.0,,
u_44562,0.0,-1,0.0,,
u_44563,0.12169770016312123,5078,0.0,0.787,0.0
u_44564,0.0,-1,0.0,,
u_44565,0.0,-1,0.0,,
u_44566,0.00013525746293522334,1259,0.0,0.002,0.0
u_44567,0.043034914056465874,3484,0.0,0.787,0.0
u_44568,0.0,-1,0.0,,
u_44569,0.0,-1,0.0,,
u_44570,0.0,-1,0.0,,
u_44571,0.0409613140918556,74,0.0,0.787,0.0
u_44572,0.0,-1,0.0,,
u_44573,0.039888047443629955,5,0.0,0.787,0.0
u_44574,0.0,-1,0.0,,
u_44575,0.0,-1,0.0,,
u_44576,0.0,-1,0.0,,
u_44577,0.0,-1,0.0,,
u_44578,0.0,-1,0.0,,
u_44579,0.0,-1,0.0,,
u_44580,0.0,-1,0.0,,
u_44581,0.0,-1,0.0,,
u_44582,0.0,-1,0.0,,
u_44583,0.0,-1,0.0,,
u_44584,0.0005025659536987803,2236,0.0,0.009,0.0
u_44585,0.0,-1,0.0,,
u_44586,0.0,-1,0.0,,
u_44587,7.932030744154688e-05,792,0.0,0.001,0.0
u_44588,0.0,-1,0.0,,
u_44589,0.042130407716432006,5108,0.0,0.787,0.0
u_44590,0.0,-1,0.0,,
u_44591,0.040472797608114855,162,0.0,0.787,0.0
u_44592,0.03988969198263043,2891,0.0,0.787,0.0
u_44593,0.0,-1,0.0,,
u_44594,0.08027661293115364,2244,0.0,0.787,0.0
u_44595,0.03988984217316525,1137,0.0,0.787,0.0
u_44596,0.043034914056465874,5988,0.0,0.787,0.0
u_44597,0.040662207291430524,2742,0.0,0.787,0.0
u_44598,0.0,-1,0.0,,
u_44599,0.0,-1,0.0,,
u_44600,0.0,-1,0.0,,
u_44601,0.0,-1,0.0,,
u_44602,0.0040230675611140935,599,0.0,0.039,0.0
u_44603,0.017608152155343518,4219,0.0,0.322,0.0
u_44604,0.0,-1,0.0,,
u_44605,0.043034914056465874,5339,0.0,0.787,0.0
u_44606,0.0,-1,0.0,,
u_44607,0.0,-1,0.0,,
u_44608,0.0,-1,0.0,,
u_44609,0.0,-1,0.0,,
u_44610,0.0,-1,0.0,,
u_44611,0.042130407716432006,5591,0.0,0.787,0.0
u_44612,0.0,-1,0.0,,
u_44613,0.043034914056465874,5039,0.0,0.787,0.0
u_44614,0.03989232734026977,4175,0.0,0.787,0.0
u_44615,0.0,-1,0.0,,
u_44616,0.043034914056465874,1923,0.0,0.787,0.0
u_44617,0.0,-1,0.0,,
u_44618,0.0,-1,0.0,,
u_44619,0.0,-1,0.0,,
u_44620,0.0,-1,0.0,,
u_44621,0.0,-1,0.0,,
u_44622,0.043034914056465874,6354,0.0,0.787,0.0
u_44623,0.09001191151999398,4015,0.0,0.841,0.0
u_44624,0.0,-1,0.0,,
u_44625,0.0,-1,0.0,,
u_44626,0.0,-1,0.0,,
u_44627,0.0,-1,0.0,,
u_44628,0.0,-1,0.0,,
u_44629,0.0,-1,0.0,,
u_44630,0.043034914056465874,5743,0.0,0.787,0.0
u_44631,0.0,-1,0.0,,
u_44632,0.04162782152678268,2309,0.0,0.787,0.0
u_44633,0.0,-1,0.0,,
u_44634,0.043034914056465874,5619,0.0,0.787,0.0
u_44635,0.0,-1,0.0,,
u_44636,0.0,-1,0.0,,
u_44637,0.0,-1,0.0,,
u_44638,0.0,-1,0.0,,
u_44639,0.043034914056465874,3271,0.0,0.787,0.0
u_44640,0.0,-1,0.0,,
u_44641,0.00013350112024185123,1245,0.0,0.002,0.0
u_44642,0.0,-1,0.0,,
u_44643,0.043034914056465874,1856,0.0,0.787,0.0
u_44644,0.043034914056465874,2612,0.0,0.787,0.0
u_44645,0.043034914056465874,2421,0.0,0.787,0.0
u_44646,0.0,-1,0.0,,
u_44647,0.0,-1,0.0,,
u_44648,0.0,-1,0.0,,
u_44649,0.039889963495447184,4543,0.0,0.787,0.0
u_44650,0.08236630710979355,4896,0.0,0.787,0.0
u_44651,0.0,-1,0.0,,
u_44652,0.0,-1,0.0,,
u_44653,0.0,-1,0.0,,
u_44654,0.0,-1,0.0,,
u_44655,0.0,-1,0.0,,
u_44656,0.0,-1,0.0,,
u_44657,0.0,-1,0.0,,
u_44658,0.0,-1,0.0,,
u_44659,0.0,-1,0.0,,
u_44660,0.043034914056465874,4299,0.0,0.787,0.0
u_44661,0.08219168794160205,1537,0.0,0.787,0.0
u_44662,0.04123705219065713,132,0.0,0.787,0.0
u_44663,0.0,-1,0.0,,
u_44664,0.0,-1,0.0,,
u_44665,0.0,-1,0.0,,
u_44666,0.0,-1,0.0,,
u_44667,0.0,-1,0.0,,
u_44668,0.0,-1,0.0,,
u_44669,0.0,-1,0.0,,
u_44670,0.043034914056465874,4871,0.0,0.787,0.0
u_44671,0.0,-1,0.0,,
u_44672,0.0,-1,0.0,,
u_44673,0.0,-1,0.0,,
u_44674,0.0,-1,0.0,,
u_44675,0.0,-1,0.0,,
u_44676,0.03988736656047359,457,0.0,0.787,0.0
u_44677,0.0,-1,0.0,,
u_44678,0.043034914056465874,6191,0.0,0.787,0.0
u_44679,0.0,-1,0.0,,
u_44680,0.04437340921908442,546,0.0,0.787,0.0
u_44681,0.0,-1,0.0,,
u_44682,0.0,-1,0.0,,
u_44683,0.0,-1,0.0,,
u_44684,0.0,-1,0.0,,
u_44685,0.0,-1,0.0,,
u_44686,0.0,-1,0.0,,
u_44687,0.0,-1,0.0,,
u_44688,0.0,-1,0.0,,
u_44689,0.03988757782925254,866,0.0,0.787,0.0
u_44690,0.0,-1,0.0,,
u_44691,0.0038626563115697434,446,0.0,0.036,0.0
u_44692,0.043034914056465874,5048,0.0,0.787,0.0
u_44693,0.043034914056465874,4775,0.0,0.787,0.0
u_44694,0.0,-1,0.0,,
u_44695,0.0,-1,0.0,,
u_44696,0.0,-1,0.0,,
u_44697,0.0,-1,0.0,,
u_44698,0.0,-1,0.0,,
u_44699,0.08530235639776569,1936,0.0,0.787,0.0
u_44700,0.0,-1,0.0,,
u_44701,0.0,-1,0.0,,
u_44702,0.004814975034677509,2382,0.0,0.094,0.0
u_44703,0.0,-1,0.0,,
u_44704,0.0,-1,0.0,,
u_44705,0.0,-1,0.0,,
u_44706,0.0,-1,0.0,,
u_44707,0.0,-1,0.0,,
u_44708,0.0,-1,0.0,,
u_44709,0.0,-1,0.0,,
u_44710,0.0,-1,0.0,,
u_44711,0.0,-1,0.0,,
u_44712,0.0,-1,0.0,,
u_44713,0.0,-1,0.0,,
u_44714,0.0,-1,0.0,,
u_44715,0.0,-1,0.0,,
u_44716,0.0,-1,0.0,,
u_44717,0.0011859573051512795,2355,0.0,0.011,0.0
u_44718,0.0,-1,0.0,,
u_44719,0.043034914056465874,837,0.0,0.787,0.0
u_44720,0.08417531978986129,4674,0.0,0.787,0.0
u_44721,0.002768261494769448,3277,0.0,0.051,0.0
u_44722,0.043034914056465874,4846,0.0,0.787,0.0
u_44723,0.08235447159577242,2488,0.0,0.787,0.0
u_44724,0.0,-1,0.0,,
u_44725,0.0,-1,0.0,,
u_44726,0.0,-1,0.0,,
u_44727,0.0,-1,0.0,,
u_44728,0.0,-1,0.0,,
u_44729,0.021286282487283557,4317,0.0,0.389,0.0
u_44730,0.0,-1,0.0,,
u_44731,0.0,-1,0.0,,
u_44732,0.043034914056465874,1834,0.0,0.787,0.0
u_44733,0.043034914056465874,4809,0.0,0.787,0.0
u_44734,0.009870838789839404,49,0.0,0.094,0.0
u_44735,0.043034914056465874,1973,0.0,0.787,0.0
u_44736,0.0,-1,0.0,,
u_44737,0.0,-1,0.0,,
u_44738,0.0,-1,0.0,,
u_44739,0.0413360445735884,22,0.0,0.787,0.0
u_44740,0.043034914056465874,6022,0.0,0.787,0.0
u_44741,0.0,-1,0.0,,
u_44742,0.042130407716432006,5751,0.0,0.787,0.0
u_44743,0.0,-1,0.0,,
u_44744,0.0,-1,0.0,,
u_44745,0.043034914056465874,2235,0.0,0.787,0.0
u_44746,0.0,-1,0.0,,
u_44747,0.0,-1,0.0,,
u_44748,0.0,-1,0.0,,
u_44749,0.0,-1,0.0,,
u_44750,0.0,-1,0.0,,
u_44751,0.043034914056465874,4934,0.0,0.787,0.0
u_44752,0.0,-1,0.0,,
u_44753,0.001545251923810718,1221,0.0,0.029,0.0
u_44754,0.008933175088418385,1928,0.0,0.166,0.0
u_44755,0.0,-1,0.0,,
u_44756,0.0,-1,0.0,,
u_44757,0.0,-1,0.0,,
u_44758,0.0,-1,0.0,,
u_44759,0.04262263244960193,3649,0.0,0.787,0.0
u_44760,0.0,-1,0.0,,
u_44761,0.0,-1,0.0,,
u_44762,0.0,-1,0.0,,
u_44763,0.0,-1,0.0,,
u_44764,0.043034914056465874,5801,0.0,0.787,0.0
u_44765,0.08063928388578034,1931,0.0,0.787,0.0
u_44766,0.001487399237596268,2084,0.0,0.027,0.0
u_44767,0.0,-1,0.0,,
u_44768,0.03988913335270262,4481,0.0,0.787,0.0
u_44769,0.0,-1,0.0,,
u_44770,0.03988822561984585,3309,0.0,0.787,0.0
u_44771,0.0,-1,0.0,,
u_44772,0.007288731497863878,3811,0.0,0.133,0.0
u_44773,0.0,-1,0.0,,
u_44774,0.039888704268409916,280,0.0,0.787,0.0
u_44775,0.043034914056465874,4132,0.0,0.787,0.0
u_44776,0.0,-1,0.0,,
u_44777,0.0,-1,0.0,,
u_44778,0.0,-1,0.0,,
u_44779,0.0,-1,0.0,,
u_44780,0.0,-1,0.0,,
u_44781,0.0693015323322523,2049,0.0,0.67,0.0
u_44782,0.0,-1,0.0,,
u_44783,0.0,-1,0.0,,
u_44784,0.04374117472469473,189,0.0,0.787,0.0
u_44785,0.0,-1,0.0,,
u_44786,0.0,-1,0.0,,
u_44787,0.0,-1,0.0,,
u_44788,0.0,-1,0.0,,
u_44789,0.0,-1,0.0,,
u_44790,0.00020068785222843017,938,0.0,0.002,0.0
u_44791,0.04436773541403315,3920,0.0,0.787,0.0
u_44792,0.0,-1,0.0,,
u_44793,0.0,-1,0.0,,
u_44794,0.004206726212211404,2707,0.0,0.079,0.0
u_44795,0.0,-1,0.0,,
u_44796,0.0,-1,0.0,,
u_44797,0.0,-1,0.0,,
u_44798,0.0,-1,0.0,,
u_44799,0.08417531978986129,3776,0.0,0.787,0.0
u_44800,0.0,-1,0.0,,
u_44801,0.0,-1,0.0,,
u_44802,0.0,-1,0.0,,
u_44803,0.043034914056465874,5602,0.0,0.787,0.0
u_44804,0.0,-1,0.0,,
u_44805,0.043034914056465874,734,0.0,0.787,0.0
u_44806,0.0,-1,0.0,,
u_44807,0.043034914056465874,5788,0.0,0.787,0.0
u_44808,0.0,-1,0.0,,
u_44809,0.0,-1,0.0,,
u_44810,0.0,-1,0.0,,
u_44811,0.0,-1,0.0,,
u_44812,0.0,-1,0.0,,
u_44813,0.0293226197076761,4473,0.0,0.536,0.0
u_44814,0.0,-1,0.0,,
u_44815,0.0,-1,0.0,,
u_44816,0.0,-1,0.0,,
u_44817,0.0,-1,0.0,,
u_44818,0.043034914056465874,5552,0.0,0.787,0.0
u_44819,0.0,-1,0.0,,
u_44820,0.0,-1,0.0,,
u_44821,0.043034914056465874,5106,0.0,0.787,0.0
u_44822,0.0,-1,0.0,,
u_44823,0.0,-1,0.0,,
u_44824,0.0,-1,0.0,,
u_44825,0.0,-1,0.0,,
u_44826,0.0,-1,0.0,,
u_44827,0.0,-1,0.0,,
u_44828,0.0,-1,0.0,,
u_44829,0.043034914056465874,5458,0.0,0.787,0.0
u_44830,0.0001780411905717358,1476,0.0,0.003,0.0
u_44831,0.0,-1,0.0,,
u_44832,0.0,-1,0.0,,
u_44833,0.0,-1,0.0,,
u_44834,0.10369955238312561,2294,0.0,0.954,0.0
u_44835,0.039888450940324845,283,0.0,0.787,0.0
u_44836,0.043034914056465874,4681,0.0,0.787,0.0
u_44837,0.0,-1,0.0,,
u_44838,0.0,-1,0.0,,
u_44839,0.0,-1,0.0,,
u_44840,0.0,-1,0.0,,
u_44841,0.0,-1,0.0,,
u_44842,0.0,-1,0.0,,
u_44843,0.0,-1,0.0,,
u_44844,0.043031400050202305,1958,0.0,0.787,0.0
u_44845,0.0,-1,0.0,,
u_44846,0.0,-1,0.0,,
u_44847,0.002672107512319533,3252,0.0,0.049,0.0
u_44848,0.043034914056465874,4963,0.0,0.787,0.0
u_44849,0.0,-1,0.0,,
u_44850,0.040424331560032896,49,0.0,0.787,0.0
u_44851,0.0,-1,0.0,,
u_44852,0.019782570228035458,4276,0.0,0.362,0.0
u_44853,0.0,-1,0.0,,
u_44854,0.0,-1,0.0,,
u_44855,0.0,-1,0.0,,
u_44856,0.0,-1,0.0,,
u_44857,0.014023394609456313,1562,0.0,0.13,0.0
u_44858,0.039888514774968374,178,0.0,0.787,0.0
u_44859,0.0004654968132819706,2181,0.0,0.009,0.0
u_44860,0.0,-1,0.0,,
u_44861,0.0,-1,0.0,,
u_44862,0.0,-1,0.0,,
u_44863,0.04344930787490577,359,0.0,0.787,0.0
u_44864,0.0,-1,0.0,,
u_44865,0.043034914056465874,5747,0.0,0.787,0.0
u_44866,0.0,-1,0.0,,
u_44867,0.0,-1,0.0,,
u_44868,0.014420549391916102,1210,0.0,0.27,0.0
u_44869,0.0,-1,0.0,,
u_44870,0.0,-1,0.0,,
u_44871,0.0,-1,0.0,,
u_44872,0.0,-1,0.0,,
u_44873,0.0,-1,0.0,,
u_44874,0.0,-1,0.0,,
u_44875,0.0,-1,0.0,,
u_44876,0.043034914056465874,5101,0.0,0.787,0.0
u_44877,0.0,-1,0.0,,
u_44878,0.0,-1,0.0,,
u_44879,0.009667084705849836,2484,0.0,0.06,0.0
u_44880,0.0,-1,0.0,,
u_44881,0.0,-1,0.0,,
u_44882,0.0,-1,0.0,,
u_44883,0.0,-1,0.0,,
u_44884,0.0,-1,0.0,,
u_44885,0.0,-1,0.0,,
u_44886,0.0,-1,0.0,,
u_44887,0.0,-1,0.0,,
u_44888,0.0,-1,0.0,,
u_44889,0.0,-1,0.0,,
u_44890,0.0,-1,0.0,,
u_44891,0.0,-1,0.0,,
u_44892,0.0,-1,0.0,,
u_44893,0.08124203966094247,2019,0.0,0.787,0.0
u_44894,0.043034914056465874,5802,0.0,0.787,0.0
u_44895,0.0,-1,0.0,,
u_44896,0.0001648669869944348,1422,0.0,0.003,0.0
u_44897,0.0,-1,0.0,,
u_44898,0.0,-1,0.0,,
u_44899,0.02637461310580671,1542,0.0,0.513,0.0
u_44900,0.0017149490000713972,278,0.0,0.016,0.0
u_44901,0.0,-1,0.0,,
u_44902,0.0,-1,0.0,,
u_44903,0.0,-1,0.0,,
u_44904,0.0,-1,0.0,,
u_44905,0.0,-1,0.0,,
u_44906,0.0,-1,0.0,,
u_44907,0.0193451201805259,3984,0.0,0.181,0.0
u_44908,0.0,-1,0.0,,
u_44909,0.0,-1,0.0,,
u_44910,0.0,-1,0.0,,
u_44911,0.0,-1,0.0,,
u_44912,0.043034914056465874,2937,0.0,0.787,0.0
u_44913,0.0,-1,0.0,,
u_44914,0.0,-1,0.0,,
u_44915,0.043034914056465874,1780,0.0,0.787,0.0
u_44916,0.03988947596046354,707,0.0,0.787,0.0
u_44917,0.0,-1,0.0,,
u_44918,0.0,-1,0.0,,
u_44919,0.0,-1,0.0,,
u_44920,0.0,-1,0.0,,
u_44921,0.0,-1,0.0,,
u_44922,0.0,-1,0.0,,
u_44923,0.0,-1,0.0,,
u_44924,0.043034914056465874,5531,0.0,0.787,0.0
u_44925,0.0,-1,0.0,,
u_44926,0.0,-1,0.0,,
u_44927,0.0,-1,0.0,,
u_44928,0.0,-1,0.0,,
u_44929,0.0019864773142161747,1065,0.0,0.036,0.0
u_44930,0.0,-1,0.0,,
u_44931,0.0,-1,0.0,,
u_44932,0.04521828598681671,4644,0.0,0.802,0.0
u_44933,0.0,-1,0.0,,
u_44934,0.0,-1,0.0,,
u_44935,0.0,-1,0.0,,
u_44936,0.0,-1,0.0,,
u_44937,0.14545076973613255,1137,0.0,0.919,0.0
u_44938,0.00020858763140429106,936,0.0,0.004,0.0
u_44939,0.004486994234867931,61,0.0,0.088,0.0
u_44940,0.08398147008437408,1332,0.0,0.787,0.0
u_44941,0.043034914056465874,5337,0.0,0.787,0.0
u_44942,0.0,-1,0.0,,
u_44943,0.0,-1,0.0,,
u_44944,0.08236630710979355,6258,0.0,0.787,0.0
u_44945,0.0,-1,0.0,,
u_44946,0.0,-1,0.0,,
u_44947,0.043034914056465874,6281,0.0,0.787,0.0
u_44948,0.0,-1,0.0,,
u_44949,0.00048638961426459096,1180,0.0,0.005,0.0
u_44950,0.040898883098806245,867,0.0,0.787,0.0
u_44951,0.043034914056465874,5875,0.0,0.787,0.0
u_44952,0.0,-1,0.0,,
u_44953,0.0,-1,0.0,,
u_44954,0.04437221747165805,2966,0.0,0.787,0.0
u_44955,0.0,-1,0.0,,
u_44956,0.0,-1,0.0,,
u_44957,0.037874835657031224,168,0.0,0.363,0.0
u_44958,0.0,-1,0.0,,
u_44959,0.0,-1,0.0,,
u_44960,0.043034914056465874,3369,0.0,0.787,0.0
u_44961,0.0,-1,0.0,,
u_44962,0.0,-1,0.0,,
u_44963,0.043034914056465874,6248,0.0,0.787,0.0
u_44964,0.0,-1,0.0,,
u_44965,0.0,-1,0.0,,
u_44966,0.0,-1,0.0,,
u_44967,0.0,-1,0.0,,
u_44968,0.0,-1,0.0,,
u_44969,0.0,-1,0.0,,
u_44970,0.041768094631876855,1003,0.0,0.787,0.0
u_44971,0.0,-1,0.0,,
u_44972,0.0,-1,0.0,,
u_44973,0.0,-1,0.0,,
u_44974,0.0,-1,0.0,,
u_44975,0.0,-1,0.0,,
u_44976,0.043034914056465874,5298,0.0,0.787,0.0
u_44977,0.0,-1,0.0,,
u_44978,0.0,-1,0.0,,
u_44979,0.04438283384075539,3579,0.0,0.787,0.0
u_44980,0.07962994677950917,789,0.0,0.787,0.0
u_44981,0.0,-1,0.0,,
u_44982,0.040353391518505276,162,0.0,0.787,0.0
u_44983,0.0,-1,0.0,,
u_44984,0.043034914056465874,6264,0.0,0.787,0.0
u_44985,0.0,-1,0.0,,
u_44986,0.0016572413510412335,1913,0.0,0.016,0.0
u_44987,0.0,-1,0.0,,
u_44988,0.043034914056465874,5771,0.0,0.787,0.0
u_44989,0.0,-1,0.0,,
u_44990,0.0016459984985484567,49,0.0,0.016,0.0
u_44991,0.00011604903784108262,1140,0.0,0.002,0.0
u_44992,0.0,-1,0.0,,
u_44993,0.0,-1,0.0,,
u_44994,0.0,-1,0.0,,
u_44995,0.043034914056465874,6149,0.0,0.787,0.0
u_44996,0.0,-1,0.0,,
u_44997,0.0,-1,0.0,,
u_44998,0.0,-1,0.0,,
u_44999,0.0,-1,0.0,,
u_45000,0.0,-1,0.0,,
u_45001,4.268285238774539e-05,70,0.0,0.001,0.0
u_45002,0.0,-1,0.0,,
u_45003,0.0,-1,0.0,,
u_45004,0.0,-1,0.0,,
u_45005,0.0,-1,0.0,,
u_45006,0.0,-1,0.0,,
u_45007,0.00010342839792789192,414,0.0,0.002,0.0
u_45008,0.043034914056465874,4786,0.0,0.787,0.0
u_45009,0.0,-1,0.0,,
u_45010,0.0,-1,0.0,,
u_45011,0.0,-1,0.0,,
u_45012,0.0,-1,0.0,,
u_45013,0.07980469635813463,4087,0.0,0.787,0.0
u_45014,0.0,-1,0.0,,
u_45015,0.0,-1,0.0,,
u_45016,0.043034914056465874,4903,0.0,0.787,0.0
u_45017,0.0,-1,0.0,,
u_45018,0.043034914056465874,4698,0.0,0.787,0.0
u_45019,0.0,-1,0.0,,
u_45020,0.0002921656784055133,280,0.0,0.003,0.0
u_45021,0.0,-1,0.0,,
u_45022,0.0,-1,0.0,,
u_45023,0.0,-1,0.0,,
u_45024,0.08417531978986129,4027,0.0,0.787,0.0
u_45025,0.043034914056465874,6321,0.0,0.787,0.0
u_45026,0.0,-1,0.0,,
u_45027,0.09368470515669619,90,0.0,0.917,0.0
u_45028,0.0,-1,0.0,,
u_45029,0.0,-1,0.0,,
u_45030,0.043034914056465874,6355,0.0,0.787,0.0
u_45031,0.0,-1,0.0,,
u_45032,0.0,-1,0.0,,
u_45033,0.0,-1,0.0,,
u_45034,0.03988876522199495,3634,0.0,0.787,0.0
u_45035,0.0,-1,0.0,,
u_45036,0.00023898093571393314,104,0.0,0.002,0.0
u_45037,0.0,-1,0.0,,
u_45038,0.0,-1,0.0,,
u_45039,0.0,-1,0.0,,
u_45040,0.0,-1,0.0,,
u_45041,0.0,-1,0.0,,
u_45042,0.043034914056465874,6086,0.0,0.787,0.0
u_45043,0.0,-1,0.0,,
u_45044,0.0,-1,0.0,,
u_45045,0.0,-1,0.0,,
u_45046,0.0,-1,0.0,,
u_45047,0.043034914056465874,5942,0.0,0.787,0.0
u_45048,0.00014409521941015645,1295,0.0,0.003,0.0
u_45049,0.043034914056465874,3157,0.0,0.787,0.0
u_45050,0.0,-1,0.0,,
u_45051,0.0,-1,0.0,,
u_45052,0.0,-1,0.0,,
u_45053,0.0,-1,0.0,,
u_45054,0.0,-1,0.0,,
u_45055,0.0,-1,0.0,,
u_45056,0.0,-1,0.0,,
u_45057,0.0,-1,0.0,,
u_45058,0.0,-1,0.0,,
u_45059,0.0,-1,0.0,,
u_45060,0.0,-1,0.0,,
u_45061,0.0,-1,0.0,,
u_45062,0.0003541326274000886,1443,0.0,0.006,0.0
u_45063,0.043034914056465874,5455,0.0,0.787,0.0
u_45064,0.0,-1,0.0,,
u_45065,0.043034914056465874,2767,0.0,0.787,0.0
u_45066,0.0,-1,0.0,,
u_45067,0.0,-1,0.0,,
u_45068,0.0,-1,0.0,,
u_45069,0.0,-1,0.0,,
u_45070,0.0,-1,0.0,,
u_45071,0.07963621763185115,3399,0.0,0.787,0.0
u_45072,0.043034914056465874,6356,0.0,0.787,0.0
u_45073,0.043034914056465874,4205,0.0,0.787,0.0
u_45074,0.04064771502887911,3089,0.0,0.787,0.0
u_45075,0.0,-1,0.0,,
u_45076,0.0,-1,0.0,,
u_45077,0.0,-1,0.0,,
u_45078,0.0,-1,0.0,,
u_45079,0.0,-1,0.0,,
u_45080,0.0,-1,0.0,,
u_45081,9.74547116156019e-05,94,0.0,0.002,0.0
u_45082,0.0,-1,0.0,,
u_45083,0.041330220323720884,1502,0.0,0.787,0.0
u_45084,0.0,-1,0.0,,
u_45085,0.00034199263032907567,1954,0.0,0.006,0.0
u_45086,0.005082907127396907,3632,0.0,0.093,0.0
u_45087,0.0,-1,0.0,,
u_45088,0.0,-1,0.0,,
u_45089,0.0,-1,0.0,,
u_45090,0.0,-1,0.0,,
u_45091,0.0,-1,0.0,,
u_45092,0.011573938051670302,4052,0.0,0.212,0.0
u_45093,0.0,-1,0.0,,
u_45094,0.0,-1,0.0,,
u_45095,0.0,-1,0.0,,
u_45096,0.04267355011420738,2109,0.0,0.413,0.0
u_45097,0.00044070237148543303,1497,0.0,0.008,0.0
u_45098,0.043034914056465874,5002,0.0,0.787,0.0
u_45099,0.03297076314951914,3135,0.0,0.318,0.0
u_45100,5.756487061931154e-05,499,0.0,0.001,0.0
u_45101,0.0,-1,0.0,,
u_45102,0.043034914056465874,5633,0.0,0.787,0.0
u_45103,0.0,-1,0.0,,
u_45104,0.0,-1,0.0,,
u_45105,0.0,-1,0.0,,
u_45106,0.0,-1,0.0,,
u_45107,0.0,-1,0.0,,
u_45108,0.0,-1,0.0,,
u_45109,0.0,-1,0.0,,
u_45110,0.0,-1,0.0,,
u_45111,0.043034914056465874,4943,0.0,0.787,0.0
u_45112,0.043034914056465874,2510,0.0,0.787,0.0
u_45113,0.0,-1,0.0,,
u_45114,0.043034914056465874,2351,0.0,0.787,0.0
u_45115,0.0,-1,0.0,,
u_45116,0.0,-1,0.0,,
u_45117,0.043034914056465874,1602,0.0,0.787,0.0
u_45118,0.0,-1,0.0,,
u_45119,0.000157841333931764,1380,0.0,0.003,0.0
u_45120,0.0,-1,0.0,,
u_45121,0.0,-1,0.0,,
u_45122,0.0,-1,0.0,,
u_45123,0.0,-1,0.0,,
u_45124,0.0,-1,0.0,,
u_45125,0.0,-1,0.0,,
u_45126,0.0,-1,0.0,,
u_45127,0.0,-1,0.0,,
u_45128,0.0,-1,0.0,,
u_45129,0.0,-1,0.0,,
u_45130,0.04436824504765119,4169,0.0,0.787,0.0
u_45131,0.005202336501980209,1130,0.0,0.05,0.0
u_45132,0.0,-1,0.0,,
u_45133,0.0,-1,0.0,,
u_45134,0.043034914056465874,5557,0.0,0.787,0.0
u_45135,0.0,-1,0.0,,
u_45136,0.0,-1,0.0,,
u_45137,0.043034914056465874,6357,0.0,0.787,0.0
u_45138,0.0,-1,0.0,,
u_45139,0.0,-1,0.0,,
u_45140,0.043034914056465874,5803,0.0,0.787,0.0
u_45141,0.0,-1,0.0,,
u_45142,0.0,-1,0.0,,
u_45143,0.0011800166587521965,2779,0.0,0.021,0.0
u_45144,0.03168936494257606,1599,0.0,0.591,0.0
u_45145,0.0,-1,0.0,,
u_45146,0.06505783558836997,2473,0.0,0.408,0.0
u_45147,0.0,-1,0.0,,
u_45148,0.00025250172190944425,1704,0.0,0.004,0.0
u_45149,0.0,-1,0.0,,
u_45150,0.0,-1,0.0,,
u_45151,0.0,-1,0.0,,
u_45152,0.0,-1,0.0,,
u_45153,0.043034914056465874,5761,0.0,0.787,0.0
u_45154,0.039888475749032176,2322,0.0,0.787,0.0
u_45155,0.0,-1,0.0,,
u_45156,0.04188461025986912,1285,0.0,0.787,0.0
u_45157,0.00027252582120698205,74,0.0,0.005,0.0
u_45158,0.0,-1,0.0,,
u_45159,0.0,-1,0.0,,
u_45160,0.0,-1,0.0,,
u_45161,0.0,-1,0.0,,
u_45162,0.0,-1,0.0,,
u_45163,0.0,-1,0.0,,
u_45164,0.0,-1,0.0,,
u_45165,0.0,-1,0.0,,
u_45166,0.0,-1,0.0,,
u_45167,0.08029021785434774,1209,0.0,0.787,0.0
u_45168,0.0,-1,0.0,,
u_45169,0.0,-1,0.0,,
u_45170,0.0,-1,0.0,,
u_45171,0.015559444788442185,4174,0.0,0.284,0.0
u_45172,0.0,-1,0.0,,
u_45173,0.0,-1,0.0,,
u_45174,0.0,-1,0.0,,
u_45175,0.0,-1,0.0,,
u_45176,0.0,-1,0.0,,
u_45177,0.043034914056465874,740,0.0,0.787,0.0
u_45178,0.03988751849508188,266,0.0,0.787,0.0
u_45179,0.043034914056465874,6358,0.0,0.787,0.0
u_45180,0.0,-1,0.0,,
u_45181,0.0,-1,0.0,,
u_45182,0.0,-1,0.0,,
u_45183,0.0,-1,0.0,,
u_45184,0.0006062396593861194,2354,0.0,0.011,0.0
u_45185,0.043034914056465874,5323,0.0,0.787,0.0
u_45186,0.0,-1,0.0,,
u_45187,0.0,-1,0.0,,
u_45188,0.0,-1,0.0,,
u_45189,0.00022949550752040274,1672,0.0,0.004,0.0
u_45190,0.0030410486199009138,2965,0.0,0.028,0.0
u_45191,0.0,-1,0.0,,
u_45192,0.0,-1,0.0,,
u_45193,0.0,-1,0.0,,
u_45194,0.041358348355456195,3686,0.0,0.787,0.0
u_45195,0.0,-1,0.0,,
u_45196,0.0,-1,0.0,,
u_45197,0.0,-1,0.0,,
u_45198,0.0,-1,0.0,,
u_45199,0.0,-1,0.0,,
u_45200,0.0,-1,0.0,,
u_45201,0.02549017251194752,4396,0.0,0.466,0.0
u_45202,0.043034914056465874,3826,0.0,0.787,0.0
u_45203,0.0,-1,0.0,,
u_45204,0.0023256510669581796,61,0.0,0.042,0.0
u_45205,0.0,-1,0.0,,
u_45206,0.0,-1,0.0,,
u_45207,0.0,-1,0.0,,
u_45208,0.0,-1,0.0,,
u_45209,0.08236630710979355,4772,0.0,0.787,0.0
u_45210,0.043034914056465874,871,0.0,0.787,0.0
u_45211,0.0,-1,0.0,,
u_45212,0.0,-1,0.0,,
u_45213,0.044370254181466055,2401,0.0,0.787,0.0
u_45214,0.042130407716432006,5309,0.0,0.787,0.0
u_45215,0.0,-1,0.0,,
u_45216,0.0,-1,0.0,,
u_45217,0.0014828613196313115,266,0.0,0.029,0.0
u_45218,0.0,-1,0.0,,
u_45219,0.0,-1,0.0,,
u_45220,0.03988840406530196,1400,0.0,0.787,0.0
u_45221,0.0,-1,0.0,,
u_45222,0.0854584786459966,131,0.0,0.787,0.0
u_45223,0.0,-1,0.0,,
u_45224,0.0,-1,0.0,,
u_45225,0.0,-1,0.0,,
u_45226,0.0,-1,0.0,,
u_45227,0.0,-1,0.0,,
u_45228,0.0,-1,0.0,,
u_45229,0.0,-1,0.0,,
u_45230,0.0,-1,0.0,,
u_45231,0.043034914056465874,6322,0.0,0.787,0.0
u_45232,0.0,-1,0.0,,
u_45233,0.0,-1,0.0,,
u_45234,0.0,-1,0.0,,
u_45235,0.00016868520846318,1438,0.0,0.003,0.0
u_45236,0.0430518420973117,993,0.0,0.787,0.0
u_45237,0.0,-1,0.0,,
u_45238,0.0,-1,0.0,,
u_45239,0.043034914056465874,5745,0.0,0.787,0.0
u_45240,0.043034914056465874,2655,0.0,0.787,0.0
u_45241,0.043034914056465874,4203,0.0,0.787,0.0
u_45242,0.0,-1,0.0,,
u_45243,0.043034914056465874,2406,0.0,0.787,0.0
u_45244,0.0,-1,0.0,,
u_45245,0.0,-1,0.0,,
u_45246,0.0,-1,0.0,,
u_45247,0.006704778060937812,1537,0.0,0.12,0.0
u_45248,0.0,-1,0.0,,
u_45249,0.0,-1,0.0,,
u_45250,0.0,-1,0.0,,
u_45251,0.0,-1,0.0,,
u_45252,0.0,-1,0.0,,
u_45253,0.0796328075449481,21,0.0,0.787,0.0
u_45254,0.03988791074299647,1827,0.0,0.787,0.0
u_45255,0.043034914056465874,6237,0.0,0.787,0.0
u_45256,0.0,-1,0.0,,
u_45257,0.08236095691873789,1769,0.0,0.787,0.0
u_45258,0.043034914056465874,1772,0.0,0.787,0.0
u_45259,0.0,-1,0.0,,
u_45260,0.0,-1,0.0,,
u_45261,0.0,-1,0.0,,
u_45262,0.0408425289821089,74,0.0,0.787,0.0
u_45263,0.0,-1,0.0,,
u_45264,0.08020409989101077,3212,0.0,0.787,0.0
u_45265,0.0,-1,0.0,,
u_45266,0.029748752704027867,3168,0.0,0.558,0.0
u_45267,0.043034914056465874,6329,0.0,0.787,0.0
u_45268,0.0,-1,0.0,,
u_45269,0.0,-1,0.0,,
u_45270,0.0,-1,0.0,,
u_45271,0.0,-1,0.0,,
u_45272,0.011385428048533257,3829,0.0,0.205,0.0
u_45273,0.00021888953042572957,1644,0.0,0.004,0.0
u_45274,0.04218806692600949,2483,0.0,0.787,0.0
u_45275,0.0,-1,0.0,,
u_45276,0.043034914056465874,6095,0.0,0.787,0.0
u_45277,0.0,-1,0.0,,
u_45278,0.0,-1,0.0,,
u_45279,0.008776952479461055,3919,0.0,0.16,0.0
u_45280,0.0,-1,0.0,,
u_45281,0.043034914056465874,5057,0.0,0.787,0.0
u_45282,0.0,-1,0.0,,
u_45283,0.0,-1,0.0,,
u_45284,0.0,-1,0.0,,
u_45285,0.0019174270797680394,3064,0.0,0.035,0.0
u_45286,0.06929222396226632,189,0.0,0.666,0.0
u_45287,0.0,-1,0.0,,
u_45288,0.0,-1,0.0,,
u_45289,0.0,-1,0.0,,
u_45290,0.043034914056465874,3679,0.0,0.787,0.0
u_45291,0.0,-1,0.0,,
u_45292,0.043034914056465874,4093,0.0,0.787,0.0
u_45293,0.0,-1,0.0,,
u_45294,0.043034914056465874,5804,0.0,0.787,0.0
u_45295,0.0,-1,0.0,,
u_45296,0.0,-1,0.0,,
u_45297,0.043034914056465874,5131,0.0,0.787,0.0
u_45298,0.0005584593467064494,358,0.0,0.011,0.0
u_45299,0.0040650532804645196,3486,0.0,0.072,0.0
u_45300,0.0,-1,0.0,,
u_45301,0.043034914056465874,5831,0.0,0.787,0.0
u_45302,0.0,-1,0.0,,
u_45303,0.0,-1,0.0,,
u_45304,0.04146386094744284,2923,0.0,0.787,0.0
u_45305,0.04004121531428426,1095,0.0,0.787,0.0
u_45306,0.043034914056465874,2589,0.0,0.787,0.0
u_45307,0.0,-1,0.0,,
u_45308,0.0010987562758997596,2728,0.0,0.02,0.0
u_45309,0.08368608196659708,1180,0.0,0.787,0.0
u_45310,0.0,-1,0.0,,
u_45311,0.000262443402765732,1769,0.0,0.005,0.0
u_45312,0.04032419848800069,341,0.0,0.787,0.0
u_45313,0.0,-1,0.0,,
u_45314,0.0,-1,0.0,,
u_45315,0.0,-1,0.0,,
u_45316,0.0,-1,0.0,,
u_45317,0.0,-1,0.0,,
u_45318,0.0,-1,0.0,,
u_45319,0.00029277346447856035,1839,0.0,0.005,0.0
u_45320,0.043034914056465874,6159,0.0,0.787,0.0
u_45321,0.043034914056465874,4593,0.0,0.787,0.0
u_45322,0.043034914056465874,6236,0.0,0.787,0.0
u_45323,0.03988837516018942,252,0.0,0.787,0.0
u_45324,0.043034914056465874,6094,0.0,0.787,0.0
u_45325,7.920935549568375e-05,767,0.0,0.001,0.0
u_45326,0.0,-1,0.0,,
u_45327,0.04388227302636822,1234,0.0,0.787,0.0
u_45328,0.0,-1,0.0,,
u_45329,0.0,-1,0.0,,
u_45330,0.0,-1,0.0,,
u_45331,0.0,-1,0.0,,
u_45332,0.0,-1,0.0,,
u_45333,0.08304475660346519,3220,0.0,0.787,0.0
u_45334,0.0009702102252300978,2258,0.0,0.009,0.0
u_45335,0.0,-1,0.0,,
u_45336,0.0,-1,0.0,,
u_45337,0.043034914056465874,5985,0.0,0.787,0.0
u_45338,0.0,-1,0.0,,
u_45339,0.0,-1,0.0,,
u_45340,0.0,-1,0.0,,
u_45341,0.0,-1,0.0,,
u_45342,0.0,-1,0.0,,
u_45343,0.0,-1,0.0,,
u_45344,0.043034914056465874,6344,0.0,0.787,0.0
u_45345,0.0,-1,0.0,,
u_45346,0.0,-1,0.0,,
u_45347,0.0,-1,0.0,,
u_45348,0.0,-1,0.0,,
u_45349,0.043034914056465874,6245,0.0,0.787,0.0
u_45350,0.0,-1,0.0,,
u_45351,0.0,-1,0.0,,
u_45352,0.043034914056465874,4920,0.0,0.787,0.0
u_45353,0.0,-1,0.0,,
u_45354,0.0,-1,0.0,,
u_45355,0.04302824695509036,1846,0.0,0.787,0.0
u_45356,4.8951679744068615e-05,239,0.0,0.001,0.0
u_45357,0.0,-1,0.0,,
u_45358,0.0027018896427816953,2513,0.0,0.052,0.0
u_45359,0.0002106064555027747,1076,0.0,0.002,0.0
u_45360,0.0,-1,0.0,,
u_45361,0.0,-1,0.0,,
u_45362,0.0,-1,0.0,,
u_45363,0.07031474501924828,1051,0.0,0.454,0.0
u_45364,0.0,-1,0.0,,
u_45365,0.00024385608278646405,1710,0.0,0.004,0.0
u_45366,0.0,-1,0.0,,
u_45367,0.0,-1,0.0,,
u_45368,0.0,-1,0.0,,
u_45369,0.0,-1,0.0,,
u_45370,0.0,-1,0.0,,
u_45371,0.0,-1,0.0,,
u_45372,0.0,-1,0.0,,
u_45373,0.043034914056465874,5724,0.0,0.787,0.0
u_45374,0.03584854344079104,425,0.0,0.63,0.0
u_45375,0.0,-1,0.0,,
u_45376,0.0,-1,0.0,,
u_45377,0.0,-1,0.0,,
u_45378,0.0,-1,0.0,,
u_45379,0.043034914056465874,3183,0.0,0.787,0.0
u_45380,0.0,-1,0.0,,
u_45381,0.0,-1,0.0,,
u_45382,0.0,-1,0.0,,
u_45383,0.0,-1,0.0,,
u_45384,0.0,-1,0.0,,
u_45385,0.043034914056465874,263,0.0,0.787,0.0
u_45386,0.0,-1,0.0,,
u_45387,0.0,-1,0.0,,
u_45388,0.04092274397064327,2924,0.0,0.787,0.0
u_45389,0.0,-1,0.0,,
u_45390,0.0,-1,0.0,,
u_45391,0.0,-1,0.0,,
u_45392,0.043034914056465874,1017,0.0,0.787,0.0
u_45393,0.04112851825723535,7,0.0,0.787,0.0
u_45394,0.0,-1,0.0,,
u_45395,0.0006598597327979984,2418,0.0,0.012,0.0
u_45396,0.043034914056465874,5544,0.0,0.787,0.0
u_45397,0.0,-1,0.0,,
u_45398,0.0,-1,0.0,,
u_45399,0.0,-1,0.0,,
u_45400,0.0,-1,0.0,,
u_45401,0.0,-1,0.0,,
u_45402,0.00019636720246691457,407,0.0,0.004,0.0
u_45403,0.0,-1,0.0,,
u_45404,0.0,-1,0.0,,
u_45405,0.0,-1,0.0,,
u_45406,0.0006555480993519967,2407,0.0,0.012,0.0
u_45407,0.0,-1,0.0,,
u_45408,0.0,-1,0.0,,
u_45409,0.015192753564459444,3378,0.0,0.29,0.0
u_45410,0.08550500889081754,1906,0.0,0.787,0.0
u_45411,0.0032351974432670667,3377,0.0,0.059,0.0
u_45412,0.0,-1,0.0,,
u_45413,0.0,-1,0.0,,
u_45414,0.0,-1,0.0,,
u_45415,0.0,-1,0.0,,
u_45416,0.0,-1,0.0,,
u_45417,0.0,-1,0.0,,
u_45418,0.0,-1,0.0,,
u_45419,0.0,-1,0.0,,
u_45420,0.0,-1,0.0,,
u_45421,0.0,-1,0.0,,
u_45422,0.08119487017120135,363,0.0,0.787,0.0
u_45423,0.043034914056465874,2237,0.0,0.787,0.0
u_45424,0.002587792957889001,71,0.0,0.049,0.0
u_45425,0.0,-1,0.0,,
u_45426,0.0,-1,0.0,,
u_45427,0.0,-1,0.0,,
u_45428,0.0,-1,0.0,,
u_45429,0.0,-1,0.0,,
u_45430,0.0,-1,0.0,,
u_45431,0.0,-1,0.0,,
u_45432,0.0,-1,0.0,,
u_45433,0.0,-1,0.0,,
u_45434,0.0,-1,0.0,,
u_45435,0.0,-1,0.0,,
u_45436,0.0,-1,0.0,,
u_45437,0.0,-1,0.0,,
u_45438,0.00030501683488801514,1867,0.0,0.006,0.0
u_45439,0.043034914056465874,5316,0.0,0.787,0.0
u_45440,0.0,-1,0.0,,
u_45441,0.0,-1,0.0,,
u_45442,0.0,-1,0.0,,
u_45443,0.0,-1,0.0,,
u_45444,0.0,-1,0.0,,
u_45445,0.0026604916725059126,3247,0.0,0.049,0.0
u_45446,0.0,-1,0.0,,
u_45447,0.12169770016312123,4962,0.0,0.787,0.0
u_45448,0.0,-1,0.0,,
u_45449,0.0,-1,0.0,,
u_45450,0.03989773716407179,4280,0.0,0.787,0.0
u_45451,0.0,-1,0.0,,
u_45452,0.043034914056465874,6010,0.0,0.787,0.0
u_45453,0.042400464137283406,178,0.0,0.787,0.0
u_45454,0.0,-1,0.0,,
u_45455,0.0,-1,0.0,,
u_45456,0.0,-1,0.0,,
u_45457,0.0,-1,0.0,,
u_45458,0.0005512881866021182,2298,0.0,0.01,0.0
u_45459,0.0,-1,0.0,,
u_45460,0.0,-1,0.0,,
u_45461,0.0,-1,0.0,,
u_45462,0.043034914056465874,2437,0.0,0.787,0.0
u_45463,0.0,-1,0.0,,
u_45464,0.043034914056465874,836,0.0,0.787,0.0
u_45465,0.00012722237251944083,569,0.0,0.001,0.0
u_45466,0.0,-1,0.0,,
u_45467,0.0,-1,0.0,,
u_45468,0.0,-1,0.0,,
u_45469,0.0,-1,0.0,,
u_45470,0.0,-1,0.0,,
u_45471,0.043034914056465874,187,0.0,0.787,0.0
u_45472,0.0,-1,0.0,,
u_45473,0.04437262772303276,4592,0.0,0.787,0.0
u_45474,0.043034914056465874,5707,0.0,0.787,0.0
u_45475,0.0001644616005927687,1421,0.0,0.003,0.0
u_45476,0.04097486383739122,2109,0.0,0.787,0.0
u_45477,0.0,-1,0.0,,
u_45478,0.043034914056465874,6337,0.0,0.787,0.0
u_45479,0.0,-1,0.0,,
u_45480,0.0,-1,0.0,,
u_45481,0.0,-1,0.0,,
u_45482,0.0,-1,0.0,,
u_45483,0.0,-1,0.0,,
u_45484,0.0,-1,0.0,,
u_45485,0.04318172662330961,1100,0.0,0.787,0.0
u_45486,0.0,-1,0.0,,
u_45487,0.0,-1,0.0,,
u_45488,0.0,-1,0.0,,
u_45489,0.0398902953518165,1080,0.0,0.787,0.0
u_45490,0.0,-1,0.0,,
u_45491,0.0,-1,0.0,,
u_45492,0.0,-1,0.0,,
u_45493,0.0,-1,0.0,,
u_45494,0.0,-1,0.0,,
u_45495,0.0,-1,0.0,,
u_45496,0.039887619213582706,942,0.0,0.787,0.0
u_45497,0.043034914056465874,4979,0.0,0.787,0.0
u_45498,0.0,-1,0.0,,
u_45499,0.0,-1,0.0,,
u_45500,0.0,-1,0.0,,
u_45501,0.0,-1,0.0,,
u_45502,0.0,-1,0.0,,
u_45503,0.043034914056465874,5403,0.0,0.787,0.0
u_45504,0.0,-1,0.0,,
u_45505,0.0,-1,0.0,,
u_45506,0.0,-1,0.0,,
u_45507,0.0,-1,0.0,,
u_45508,0.0,-1,0.0,,
u_45509,0.0,-1,0.0,,
u_45510,0.08398601619217586,844,0.0,0.787,0.0
u_45511,0.0,-1,0.0,,
u_45512,0.003380771092587946,3403,0.0,0.062,0.0
u_45513,0.0016698148942175261,3004,0.0,0.031,0.0
u_45514,0.0,-1,0.0,,
u_45515,0.0,-1,0.0,,
u_45516,0.0,-1,0.0,,
u_45517,0.0,-1,0.0,,
u_45518,0.0,-1,0.0,,
u_45519,0.03988794149795633,2761,0.0,0.787,0.0
u_45520,0.0,-1,0.0,,
u_45521,0.003528877240669775,3042,0.0,0.034,0.0
u_45522,0.0,-1,0.0,,
u_45523,0.0,-1,0.0,,
u_45524,0.039887689517277405,268,0.0,0.787,0.0
u_45525,0.043034914056465874,4952,0.0,0.787,0.0
u_45526,0.0,-1,0.0,,
u_45527,0.0,-1,0.0,,
u_45528,0.0007389096242420386,222,0.0,0.014,0.0
u_45529,0.04146522147240436,189,0.0,0.787,0.0
u_45530,0.0,-1,0.0,,
u_45531,0.0,-1,0.0,,
u_45532,0.0,-1,0.0,,
u_45533,0.08036183764812692,34,0.0,0.787,0.0
u_45534,0.0,-1,0.0,,
u_45535,0.04322900566729106,600,0.0,0.787,0.0
u_45536,5.979507523043611e-05,484,0.0,0.001,0.0
u_45537,0.043034914056465874,4895,0.0,0.787,0.0
u_45538,0.0,-1,0.0,,
u_45539,0.0,-1,0.0,,
u_45540,0.0,-1,0.0,,
u_45541,0.0018592621300068297,2799,0.0,0.033,0.0
u_45542,0.0,-1,0.0,,
u_45543,0.0,-1,0.0,,
u_45544,0.0,-1,0.0,,
u_45545,0.001750917319291795,3023,0.0,0.032,0.0
u_45546,0.0,-1,0.0,,
u_45547,0.0,-1,0.0,,
u_45548,0.0,-1,0.0,,
u_45549,0.0,-1,0.0,,
u_45550,0.0009952624537007716,2079,0.0,0.019,0.0
u_45551,0.0,-1,0.0,,
u_45552,0.0,-1,0.0,,
u_45553,0.00034351886491472856,1472,0.0,0.003,0.0
u_45554,0.0,-1,0.0,,
u_45555,0.0,-1,0.0,,
u_45556,0.0,-1,0.0,,
u_45557,0.04210607249091589,131,0.0,0.787,0.0
u_45558,0.0,-1,0.0,,
u_45559,0.08162548256505259,1972,0.0,0.787,0.0
u_45560,0.08426544493488766,1611,0.0,0.787,0.0
u_45561,0.0,-1,0.0,,
u_45562,0.0,-1,0.0,,
u_45563,0.043034914056465874,6184,0.0,0.787,0.0
u_45564,0.04033323612594152,897,0.0,0.787,0.0
u_45565,0.0,-1,0.0,,
u_45566,0.043034914056465874,5734,0.0,0.787,0.0
u_45567,0.00021046725328934302,862,0.0,0.002,0.0
u_45568,0.0,-1,0.0,,
u_45569,0.0,-1,0.0,,
u_45570,0.0,-1,0.0,,
u_45571,0.0,-1,0.0,,
u_45572,0.04254784160020154,1711,0.0,0.787,0.0
u_45573,0.0,-1,0.0,,
u_45574,0.0,-1,0.0,,
u_45575,8.195354608553091e-05,77,0.0,0.001,0.0
u_45576,0.043034914056465874,5154,0.0,0.787,0.0
u_45577,0.0,-1,0.0,,
u_45578,0.04111075873114938,1524,0.0,0.787,0.0
u_45579,0.0,-1,0.0,,
u_45580,0.0,-1,0.0,,
u_45581,0.0,-1,0.0,,
u_45582,0.0,-1,0.0,,
u_45583,0.03988750310199672,332,0.0,0.787,0.0
u_45584,0.08482927694114699,1720,0.0,0.787,0.0
u_45585,0.0,-1,0.0,,
u_45586,0.0,-1,0.0,,
u_45587,0.0,-1,0.0,,
u_45588,0.0,-1,0.0,,
u_45589,0.043034914056465874,3097,0.0,0.787,0.0
u_45590,0.0,-1,0.0,,
u_45591,0.0,-1,0.0,,
u_45592,0.0,-1,0.0,,
u_45593,0.039890006676686234,488,0.0,0.787,0.0
u_45594,0.0,-1,0.0,,
u_45595,0.0,-1,0.0,,
u_45596,0.04470017049268563,198,0.0,0.787,0.0
u_45597,0.0,-1,0.0,,
u_45598,0.039889558784998676,557,0.0,0.787,0.0
u_45599,0.0,-1,0.0,,
u_45600,0.0,-1,0.0,,
u_45601,0.0,-1,0.0,,
u_45602,0.043034914056465874,4582,0.0,0.787,0.0
u_45603,0.0,-1,0.0,,
u_45604,0.039887622163870616,963,0.0,0.787,0.0
u_45605,0.0,-1,0.0,,
u_45606,0.0015252357457582908,2958,0.0,0.028,0.0
u_45607,0.043034914056465874,5612,0.0,0.787,0.0
u_45608,0.0,-1,0.0,,
u_45609,0.0,-1,0.0,,
u_45610,0.043034914056465874,6351,0.0,0.787,0.0
u_45611,0.043034914056465874,5785,0.0,0.787,0.0
u_45612,0.0,-1,0.0,,
u_45613,0.0,-1,0.0,,
u_45614,0.0,-1,0.0,,
u_45615,0.043034914056465874,6229,0.0,0.787,0.0
u_45616,0.043034914056465874,4750,0.0,0.787,0.0
u_45617,0.0,-1,0.0,,
u_45618,0.0,-1,0.0,,
u_45619,0.043034914056465874,6235,0.0,0.787,0.0
u_45620,0.03989087813821226,1021,0.0,0.787,0.0
u_45621,0.043034914056465874,3746,0.0,0.787,0.0
u_45622,0.0,-1,0.0,,
u_45623,0.039896753516151455,3633,0.0,0.787,0.0
u_45624,0.0,-1,0.0,,
u_45625,0.0,-1,0.0,,
u_45626,0.043034914056465874,1274,0.0,0.787,0.0
u_45627,0.0,-1,0.0,,
u_45628,0.0,-1,0.0,,
u_45629,0.0,-1,0.0,,
u_45630,0.00011313790032362694,1152,0.0,0.002,0.0
u_45631,0.0,-1,0.0,,
u_45632,0.0,-1,0.0,,
u_45633,0.043034914056465874,6040,0.0,0.787,0.0
u_45634,0.0,-1,0.0,,
u_45635,0.0,-1,0.0,,
u_45636,0.011720722303023812,1332,0.0,0.115,0.0
u_45637,0.0,-1,0.0,,
u_45638,0.0,-1,0.0,,
u_45639,0.0,-1,0.0,,
u_45640,0.0,-1,0.0,,
u_45641,0.0011586025443961962,2771,0.0,0.021,0.0
u_45642,0.04195820064585659,89,0.0,0.787,0.0
u_45643,0.0,-1,0.0,,
u_45644,0.0,-1,0.0,,
u_45645,0.043034914056465874,6352,0.0,0.787,0.0
u_45646,0.0,-1,0.0,,
u_45647,0.004169451490584043,232,0.0,0.071,0.0
u_45648,0.0,-1,0.0,,
u_45649,0.0,-1,0.0,,
u_45650,0.0,-1,0.0,,
u_45651,0.0,-1,0.0,,
u_45652,0.0,-1,0.0,,
u_45653,0.0,-1,0.0,,
u_45654,0.0,-1,0.0,,
u_45655,0.043034914056465874,6105,0.0,0.787,0.0
u_45656,0.0038094231837362343,3471,0.0,0.07,0.0
u_45657,0.0,-1,0.0,,
u_45658,0.04335513576868074,3671,0.0,0.787,0.0
u_45659,0.0,-1,0.0,,
u_45660,0.014013558593704133,222,0.0,0.137,0.0
u_45661,0.0,-1,0.0,,
u_45662,0.0,-1,0.0,,
u_45663,0.0,-1,0.0,,
u_45664,0.0,-1,0.0,,
u_45665,0.03988843133549106,4679,0.0,0.787,0.0
u_45666,0.0,-1,0.0,,
u_45667,0.0,-1,0.0,,
u_45668,0.0,-1,0.0,,
u_45669,0.0,-1,0.0,,
u_45670,0.0,-1,0.0,,
u_45671,0.0,-1,0.0,,
u_45672,0.0,-1,0.0,,
u_45673,0.0,-1,0.0,,
u_45674,0.0,-1,0.0,,
u_45675,4.1834088111826124e-05,65,0.0,0.001,0.0
u_45676,0.0,-1,0.0,,
u_45677,0.0,-1,0.0,,
u_45678,0.043034914056465874,2274,0.0,0.787,0.0
u_45679,0.0,-1,0.0,,
u_45680,0.07747160197870616,1550,0.0,0.724,0.0
u_45681,0.0,-1,0.0,,
u_45682,0.0,-1,0.0,,
u_45683,0.0,-1,0.0,,
u_45684,0.0,-1,0.0,,
u_45685,0.0,-1,0.0,,
u_45686,0.0,-1,0.0,,
u_45687,0.043034914056465874,5858,0.0,0.787,0.0
u_45688,0.0,-1,0.0,,
u_45689,0.0410674511669799,1084,0.0,0.787,0.0
u_45690,0.0,-1,0.0,,
u_45691,0.0,-1,0.0,,
u_45692,0.0,-1,0.0,,
u_45693,0.0,-1,0.0,,
u_45694,0.0,-1,0.0,,
u_45695,7.635475569558045e-05,49,0.0,0.001,0.0
u_45696,0.0006725997412864451,1964,0.0,0.006,0.0
u_45697,0.0,-1,0.0,,
u_45698,0.0010649661379256328,2709,0.0,0.019,0.0
u_45699,0.0,-1,0.0,,
u_45700,0.0,-1,0.0,,
u_45701,0.0,-1,0.0,,
u_45702,0.0830117827365157,2807,0.0,0.787,0.0
u_45703,0.043034914056465874,5049,0.0,0.787,0.0
u_45704,0.0,-1,0.0,,
u_45705,0.0,-1,0.0,,
u_45706,0.0,-1,0.0,,
u_45707,0.0,-1,0.0,,
u_45708,0.03989084535062027,1895,0.0,0.787,0.0
u_45709,0.0,-1,0.0,,
u_45710,0.0,-1,0.0,,
u_45711,0.0,-1,0.0,,
u_45712,0.00013012030743872146,628,0.0,0.001,0.0
u_45713,0.0,-1,0.0,,
u_45714,0.0,-1,0.0,,
u_45715,0.0,-1,0.0,,
u_45716,0.0,-1,0.0,,
u_45717,0.0,-1,0.0,,
u_45718,0.0,-1,0.0,,
u_45719,0.001786693825580086,2620,0.0,0.017,0.0
u_45720,0.0,-1,0.0,,
u_45721,0.0,-1,0.0,,
u_45722,0.043034914056465874,2285,0.0,0.787,0.0
u_45723,0.0,-1,0.0,,
u_45724,0.002731781855500569,3265,0.0,0.05,0.0
u_45725,0.0,-1,0.0,,
u_45726,0.0,-1,0.0,,
u_45727,0.041275471020096294,74,0.0,0.787,0.0
u_45728,0.043034914056465874,1366,0.0,0.787,0.0
u_45729,0.0,-1,0.0,,
u_45730,0.0,-1,0.0,,
u_45731,0.043034914056465874,4253,0.0,0.787,0.0
u_45732,0.043034914056465874,1652,0.0,0.787,0.0
u_45733,0.0,-1,0.0,,
u_45734,0.00017643359213311496,162,0.0,0.003,0.0
u_45735,0.0,-1,0.0,,
u_45736,0.0,-1,0.0,,
u_45737,0.08417531978986129,4660,0.0,0.787,0.0
u_45738,0.0,-1,0.0,,
u_45739,0.04336910092549903,671,0.0,0.787,0.0
u_45740,0.043034914056465874,5606,0.0,0.787,0.0
u_45741,0.043034914056465874,6359,0.0,0.787,0.0
u_45742,0.0,-1,0.0,,
u_45743,0.0,-1,0.0,,
u_45744,0.0,-1,0.0,,
u_45745,0.0,-1,0.0,,
u_45746,0.0,-1,0.0,,
u_45747,0.0,-1,0.0,,
u_45748,0.0,-1,0.0,,
u_45749,0.03988762166538467,789,0.0,0.787,0.0
u_45750,0.0,-1,0.0,,
u_45751,0.0,-1,0.0,,
u_45752,0.0,-1,0.0,,
u_45753,0.0,-1,0.0,,
u_45754,0.0,-1,0.0,,
u_45755,0.07963104341919665,2388,0.0,0.787,0.0
u_45756,0.0,-1,0.0,,
u_45757,0.03988827493887892,3047,0.0,0.787,0.0
u_45758,0.0,-1,0.0,,
u_45759,0.043034914056465874,5383,0.0,0.787,0.0
u_45760,0.0,-1,0.0,,
u_45761,0.0,-1,0.0,,
u_45762,0.0,-1,0.0,,
u_45763,0.0,-1,0.0,,
u_45764,0.0,-1,0.0,,
u_45765,0.0,-1,0.0,,
u_45766,0.0,-1,0.0,,
u_45767,0.0,-1,0.0,,
u_45768,0.03988831085776453,349,0.0,0.787,0.0
u_45769,0.04437126614402901,2785,0.0,0.787,0.0
u_45770,0.0,-1,0.0,,
u_45771,0.0,-1,0.0,,
u_45772,0.0,-1,0.0,,
u_45773,0.0,-1,0.0,,
u_45774,0.0,-1,0.0,,
u_45775,0.0,-1,0.0,,
u_45776,0.0,-1,0.0,,
u_45777,0.043034914056465874,3948,0.0,0.787,0.0
u_45778,0.043034914056465874,3558,0.0,0.787,0.0
u_45779,0.0,-1,0.0,,
u_45780,0.041459310457200034,1555,0.0,0.787,0.0
u_45781,0.043034914056465874,5320,0.0,0.787,0.0
u_45782,0.0,-1,0.0,,
u_45783,0.012640064670322766,4088,0.0,0.231,0.0
u_45784,0.0,-1,0.0,,
u_45785,0.0,-1,0.0,,
u_45786,0.0,-1,0.0,,
u_45787,0.015971432642737562,321,0.0,0.292,0.0
u_45788,0.0,-1,0.0,,
u_45789,0.0,-1,0.0,,
u_45790,0.0,-1,0.0,,
u_45791,0.04322171446812256,809,0.0,0.785,0.0
u_45792,0.0,-1,0.0,,
u_45793,0.0,-1,0.0,,
u_45794,0.0004811436027078307,2208,0.0,0.009,0.0
u_45795,0.0,-1,0.0,,
u_45796,0.043034914056465874,3120,0.0,0.787,0.0
u_45797,0.0,-1,0.0,,
u_45798,0.015171260967236115,2790,0.0,0.147,0.0
u_45799,0.0,-1,0.0,,
u_45800,0.043034914056465874,5717,0.0,0.787,0.0
u_45801,0.0,-1,0.0,,
u_45802,0.0,-1,0.0,,
u_45803,0.03988780790112852,2981,0.0,0.787,0.0
u_45804,0.0,-1,0.0,,
u_45805,0.040571853024579524,108,0.0,0.787,0.0
u_45806,0.0,-1,0.0,,
u_45807,0.0,-1,0.0,,
u_45808,0.0,-1,0.0,,
u_45809,0.0,-1,0.0,,
u_45810,0.0,-1,0.0,,
u_45811,0.0,-1,0.0,,
u_45812,0.043034914056465874,6309,0.0,0.787,0.0
u_45813,0.043034914056465874,287,0.0,0.787,0.0
u_45814,0.0,-1,0.0,,
u_45815,0.0,-1,0.0,,
u_45816,0.0,-1,0.0,,
u_45817,0.0,-1,0.0,,
u_45818,0.0,-1,0.0,,
u_45819,0.043034914056465874,2668,0.0,0.787,0.0
u_45820,0.0,-1,0.0,,
u_45821,0.0009790316410579695,2290,0.0,0.018,0.0
u_45822,0.043034914056465874,4514,0.0,0.787,0.0
u_45823,0.0,-1,0.0,,
u_45824,0.0,-1,0.0,,
u_45825,0.0,-1,0.0,,
u_45826,0.043034914056465874,5737,0.0,0.787,0.0
u_45827,0.043034914056465874,5564,0.0,0.787,0.0
u_45828,0.0,-1,0.0,,
u_45829,0.0,-1,0.0,,
u_45830,0.0,-1,0.0,,
u_45831,0.0,-1,0.0,,
u_45832,0.0,-1,0.0,,
u_45833,0.0,-1,0.0,,
u_45834,0.0,-1,0.0,,
u_45835,0.0,-1,0.0,,
u_45836,0.0,-1,0.0,,
u_45837,0.0,-1,0.0,,
u_45838,0.0,-1,0.0,,
u_45839,0.0,-1,0.0,,
u_45840,0.041919347101962975,1126,0.0,0.787,0.0
u_45841,0.0,-1,0.0,,
u_45842,0.0,-1,0.0,,
u_45843,0.03989029297073444,1476,0.0,0.787,0.0
u_45844,0.043034914056465874,4789,0.0,0.787,0.0
u_45845,0.0,-1,0.0,,
u_45846,0.0,-1,0.0,,
u_45847,0.040571226059903744,2040,0.0,0.787,0.0
u_45848,0.01367158351440676,631,0.0,0.254,0.0
u_45849,0.043034914056465874,5354,0.0,0.787,0.0
u_45850,0.0,-1,0.0,,
u_45851,0.0,-1,0.0,,
u_45852,0.0,-1,0.0,,
u_45853,0.0,-1,0.0,,
u_45854,0.0,-1,0.0,,
u_45855,0.0,-1,0.0,,
u_45856,0.0,-1,0.0,,
u_45857,0.0,-1,0.0,,
u_45858,0.0,-1,0.0,,
u_45859,0.0,-1,0.0,,
u_45860,0.0,-1,0.0,,
u_45861,0.0,-1,0.0,,
u_45862,0.0,-1,0.0,,
u_45863,0.0,-1,0.0,,
u_45864,0.0006043424258156193,1600,0.0,0.004,0.0
u_45865,0.0,-1,0.0,,
u_45866,0.0,-1,0.0,,
u_45867,0.0,-1,0.0,,
u_45868,0.12100241102962772,25,0.0,0.787,0.0
u_45869,0.0,-1,0.0,,
u_45870,0.0,-1,0.0,,
u_45871,0.0,-1,0.0,,
u_45872,0.039889065087949885,3610,0.0,0.787,0.0
u_45873,0.003312181976378028,1003,0.0,0.061,0.0
u_45874,0.0,-1,0.0,,
u_45875,0.08215898336835302,24,0.0,0.787,0.0
u_45876,0.0,-1,0.0,,
u_45877,0.0,-1,0.0,,
u_45878,0.0,-1,0.0,,
u_45879,0.0,-1,0.0,,
u_45880,0.0,-1,0.0,,
u_45881,0.0,-1,0.0,,
u_45882,0.0,-1,0.0,,
u_45883,0.043034914056465874,4277,0.0,0.787,0.0
u_45884,0.0,-1,0.0,,
u_45885,0.0,-1,0.0,,
u_45886,0.0,-1,0.0,,
u_45887,0.0,-1,0.0,,
u_45888,0.043034914056465874,6284,0.0,0.787,0.0
u_45889,0.0,-1,0.0,,
u_45890,0.0,-1,0.0,,
u_45891,0.0,-1,0.0,,
u_45892,0.000174381585829477,547,0.0,0.003,0.0
u_45893,0.03988823731514261,1983,0.0,0.787,0.0
u_45894,0.0,-1,0.0,,
u_45895,0.0010449398260814217,1450,0.0,0.02,0.0
u_45896,0.0,-1,0.0,,
u_45897,0.0,-1,0.0,,
u_45898,0.0,-1,0.0,,
u_45899,0.04074915948673128,1390,0.0,0.787,0.0
u_45900,0.0,-1,0.0,,
u_45901,0.043034914056465874,6325,0.0,0.787,0.0
u_45902,0.043034914056465874,6275,0.0,0.787,0.0
u_45903,0.0,-1,0.0,,
u_45904,0.0,-1,0.0,,
u_45905,0.0,-1,0.0,,
u_45906,0.0,-1,0.0,,
u_45907,0.007092919263246041,3801,0.0,0.13,0.0
u_45908,0.0,-1,0.0,,
u_45909,0.0,-1,0.0,,
u_45910,7.464475127045635e-05,726,0.0,0.001,0.0
u_45911,0.0,-1,0.0,,
u_45912,0.0,-1,0.0,,
u_45913,0.0,-1,0.0,,
u_45914,0.0,-1,0.0,,
u_45915,0.0,-1,0.0,,
u_45916,0.0,-1,0.0,,
u_45917,0.03988805477663434,97,0.0,0.787,0.0
u_45918,0.07976345682778034,942,0.0,0.787,0.0
u_45919,0.0,-1,0.0,,
u_45920,0.039891066846134804,2819,0.0,0.787,0.0
u_45921,0.0,-1,0.0,,
u_45922,0.0,-1,0.0,,
u_45923,0.0,-1,0.0,,
u_45924,0.0,-1,0.0,,
u_45925,0.0,-1,0.0,,
u_45926,0.0,-1,0.0,,
u_45927,0.0,-1,0.0,,
u_45928,0.001042744629328102,2699,0.0,0.019,0.0
u_45929,0.0,-1,0.0,,
u_45930,0.0,-1,0.0,,
u_45931,0.0007645830868888138,2500,0.0,0.014,0.0
u_45932,0.0,-1,0.0,,
u_45933,0.03988778240385183,3245,0.0,0.787,0.0
u_45934,0.00015269462694271106,1366,0.0,0.003,0.0
u_45935,0.0,-1,0.0,,
u_45936,0.07963997789723855,1600,0.0,0.787,0.0
u_45937,0.0004908978535380063,2253,0.0,0.009,0.0
u_45938,0.0,-1,0.0,,
u_45939,0.0,-1,0.0,,
u_45940,0.0,-1,0.0,,
u_45941,0.0,-1,0.0,,
u_45942,0.0,-1,0.0,,
u_45943,0.0,-1,0.0,,
u_45944,0.0,-1,0.0,,
u_45945,0.0,-1,0.0,,
u_45946,0.0,-1,0.0,,
u_45947,0.0009813396689268264,22,0.0,0.019,0.0
u_45948,0.0001570271700946721,840,0.0,0.002,0.0
u_45949,0.0,-1,0.0,,
u_45950,0.0,-1,0.0,,
u_45951,0.0,-1,0.0,,
u_45952,0.0,-1,0.0,,
u_45953,0.0,-1,0.0,,
u_45954,0.0,-1,0.0,,
u_45955,0.0,-1,0.0,,
u_45956,0.0,-1,0.0,,
u_45957,0.0,-1,0.0,,
u_45958,0.0,-1,0.0,,
u_45959,0.0068958454729342806,1068,0.0,0.135,0.0
u_45960,0.0,-1,0.0,,
u_45961,0.04086114320728744,358,0.0,0.787,0.0
u_45962,0.0,-1,0.0,,
u_45963,0.0,-1,0.0,,
u_45964,0.0,-1,0.0,,
u_45965,0.0,-1,0.0,,
u_45966,0.0,-1,0.0,,
u_45967,0.08417531978986129,2057,0.0,0.787,0.0
u_45968,0.0,-1,0.0,,
u_45969,0.0,-1,0.0,,
u_45970,0.0,-1,0.0,,
u_45971,0.0,-1,0.0,,
u_45972,0.0,-1,0.0,,
u_45973,0.0,-1,0.0,,
u_45974,0.0,-1,0.0,,
u_45975,0.0,-1,0.0,,
u_45976,0.0,-1,0.0,,
u_45977,0.00017710108573270106,1414,0.0,0.003,0.0
u_45978,0.0,-1,0.0,,
u_45979,0.0,-1,0.0,,
u_45980,0.0,-1,0.0,,
u_45981,0.0,-1,0.0,,
u_45982,0.0,-1,0.0,,
u_45983,0.043034914056465874,5538,0.0,0.787,0.0
u_45984,0.02399508155993185,4364,0.0,0.439,0.0
u_45985,0.0,-1,0.0,,
u_45986,0.043034914056465874,5804,0.0,0.787,0.0
u_45987,0.0,-1,0.0,,
u_45988,0.0,-1,0.0,,
u_45989,0.0,-1,0.0,,
u_45990,0.0,-1,0.0,,
u_45991,0.0,-1,0.0,,
u_45992,0.0008345376634685112,2107,0.0,0.008,0.0
u_45993,0.0,-1,0.0,,
u_45994,0.0,-1,0.0,,
u_45995,0.0,-1,0.0,,
u_45996,0.005112912303653218,3636,0.0,0.093,0.0
u_45997,0.0,-1,0.0,,
u_45998,0.039888904387647486,4284,0.0,0.787,0.0
u_45999,0.0,-1,0.0,,
u_46000,0.0,-1,0.0,,
u_46001,0.026099451147798214,4415,0.0,0.477,0.0
u_46002,0.0,-1,0.0,,
u_46003,0.0,-1,0.0,,
u_46004,0.0,-1,0.0,,
u_46005,0.004567800266396357,1251,0.0,0.086,0.0
u_46006,0.0,-1,0.0,,
u_46007,0.0,-1,0.0,,
u_46008,0.00020480785836827882,1055,0.0,0.002,0.0
u_46009,0.0,-1,0.0,,
u_46010,0.0,-1,0.0,,
u_46011,0.0,-1,0.0,,
u_46012,0.043034914056465874,4869,0.0,0.787,0.0
u_46013,0.00036717235936845993,2021,0.0,0.007,0.0
u_46014,0.0,-1,0.0,,
u_46015,0.0,-1,0.0,,
u_46016,0.0,-1,0.0,,
u_46017,0.0,-1,0.0,,
u_46018,0.04100988417878842,320,0.0,0.787,0.0
u_46019,0.08417531978986129,5084,0.0,0.787,0.0
u_46020,0.000536570978694456,1228,0.0,0.01,0.0
u_46021,0.0,-1,0.0,,
u_46022,0.04030629297605295,429,0.0,0.787,0.0
u_46023,0.03989574909292173,2851,0.0,0.787,0.0
u_46024,0.0,-1,0.0,,
u_46025,0.0,-1,0.0,,
u_46026,0.0,-1,0.0,,
u_46027,0.0,-1,0.0,,
u_46028,0.000610740228627212,2396,0.0,0.012,0.0
u_46029,0.0,-1,0.0,,
u_46030,0.043034914056465874,1619,0.0,0.787,0.0
u_46031,0.0,-1,0.0,,
u_46032,0.0007897699966009625,1807,0.0,0.005,0.0
u_46033,0.0,-1,0.0,,
u_46034,0.043034914056465874,5357,0.0,0.787,0.0
u_46035,0.08027885773899587,1189,0.0,0.787,0.0
u_46036,0.0,-1,0.0,,
u_46037,0.0,-1,0.0,,
u_46038,0.0,-1,0.0,,
u_46039,0.0,-1,0.0,,
u_46040,0.0,-1,0.0,,
u_46041,0.0,-1,0.0,,
u_46042,0.0,-1,0.0,,
u_46043,0.04288722459587718,2713,0.0,0.787,0.0
u_46044,0.0,-1,0.0,,
u_46045,0.043034914056465874,5206,0.0,0.787,0.0
u_46046,0.0012179536795084679,2378,0.0,0.012,0.0
u_46047,0.0,-1,0.0,,
u_46048,0.0,-1,0.0,,
u_46049,0.039887391152710484,2290,0.0,0.787,0.0
u_46050,0.0,-1,0.0,,
u_46051,0.042130407716432006,5748,0.0,0.787,0.0
u_46052,0.0017103738320122554,3014,0.0,0.031,0.0
u_46053,0.0,-1,0.0,,
u_46054,0.0,-1,0.0,,
u_46055,0.0,-1,0.0,,
u_46056,0.03988906542040857,1377,0.0,0.787,0.0
u_46057,0.0,-1,0.0,,
u_46058,0.0,-1,0.0,,
u_46059,0.0,-1,0.0,,
u_46060,0.0,-1,0.0,,
u_46061,0.0016564636625136628,195,0.0,0.029,0.0
u_46062,0.0,-1,0.0,,
u_46063,0.043034914056465874,5850,0.0,0.787,0.0
u_46064,0.0,-1,0.0,,
u_46065,0.0,-1,0.0,,
u_46066,0.0,-1,0.0,,
u_46067,0.0,-1,0.0,,
u_46068,0.043034914056465874,5666,0.0,0.787,0.0
u_46069,0.0,-1,0.0,,
u_46070,0.0,-1,0.0,,
u_46071,0.042130407716432006,5549,0.0,0.787,0.0
u_46072,0.043034914056465874,5037,0.0,0.787,0.0
u_46073,0.0,-1,0.0,,
u_46074,0.0,-1,0.0,,
u_46075,0.0,-1,0.0,,
u_46076,0.0,-1,0.0,,
u_46077,0.04068193592721635,3302,0.0,0.787,0.0
u_46078,0.0,-1,0.0,,
u_46079,0.07963027501518027,798,0.0,0.787,0.0
u_46080,0.0,-1,0.0,,
u_46081,0.0,-1,0.0,,
u_46082,0.0,-1,0.0,,
u_46083,0.0,-1,0.0,,
u_46084,0.0,-1,0.0,,
u_46085,0.0,-1,0.0,,
u_46086,0.0,-1,0.0,,
u_46087,0.0,-1,0.0,,
u_46088,0.0,-1,0.0,,
u_46089,0.0,-1,0.0,,
u_46090,0.043034914056465874,5266,0.0,0.787,0.0
u_46091,0.0,-1,0.0,,
u_46092,0.0,-1,0.0,,
u_46093,0.0,-1,0.0,,
u_46094,0.0,-1,0.0,,
u_46095,0.04152791692741483,3942,0.0,0.787,0.0
u_46096,0.0,-1,0.0,,
u_46097,0.0,-1,0.0,,
u_46098,0.0,-1,0.0,,
u_46099,0.043034914056465874,3907,0.0,0.787,0.0
u_46100,0.0,-1,0.0,,
u_46101,0.0010782950041752016,1763,0.0,0.021,0.0
u_46102,0.043034914056465874,3839,0.0,0.787,0.0
u_46103,0.0004324692615872515,1651,0.0,0.004,0.0
u_46104,0.0,-1,0.0,,
u_46105,0.0,-1,0.0,,
u_46106,0.0,-1,0.0,,
u_46107,0.0,-1,0.0,,
u_46108,0.0,-1,0.0,,
u_46109,0.0,-1,0.0,,
u_46110,0.04136999314135345,4619,0.0,0.756,0.0
u_46111,0.0,-1,0.0,,
u_46112,0.0,-1,0.0,,
u_46113,0.0024011877316936713,3183,0.0,0.044,0.0
u_46114,0.0,-1,0.0,,
u_46115,0.0,-1,0.0,,
u_46116,0.0,-1,0.0,,
u_46117,0.0,-1,0.0,,
u_46118,0.0,-1,0.0,,
u_46119,0.043034914056465874,3482,0.0,0.787,0.0
u_46120,0.08028453815057486,2422,0.0,0.787,0.0
u_46121,0.04273951570616448,2988,0.0,0.787,0.0
u_46122,0.0,-1,0.0,,
u_46123,0.043034914056465874,5773,0.0,0.787,0.0
u_46124,0.04274515703675012,1,0.0,0.787,0.0
u_46125,0.07922025829809583,2792,0.0,0.787,0.0
u_46126,0.0,-1,0.0,,
u_46127,0.0,-1,0.0,,
u_46128,0.0,-1,0.0,,
u_46129,0.03989151915175113,957,0.0,0.787,0.0
u_46130,0.0,-1,0.0,,
u_46131,0.0,-1,0.0,,
u_46132,0.0,-1,0.0,,
u_46133,0.03988888943222338,3357,0.0,0.787,0.0
u_46134,0.0,-1,0.0,,
u_46135,0.00047588410475978395,276,0.0,0.008,0.0
u_46136,0.0,-1,0.0,,
u_46137,0.0023645772227719017,2200,0.0,0.023,0.0
u_46138,0.0,-1,0.0,,
u_46139,0.0,-1,0.0,,
u_46140,0.0,-1,0.0,,
u_46141,0.0,-1,0.0,,
u_46142,0.0,-1,0.0,,
u_46143,0.0,-1,0.0,,
u_46144,0.07965390381585667,168,0.0,0.787,0.0
u_46145,0.0,-1,0.0,,
u_46146,0.0,-1,0.0,,
u_46147,0.0,-1,0.0,,
u_46148,0.041693451744449814,428,0.0,0.787,0.0
u_46149,0.0,-1,0.0,,
u_46150,0.0,-1,0.0,,
u_46151,0.0,-1,0.0,,
u_46152,0.0,-1,0.0,,
u_46153,0.0,-1,0.0,,
u_46154,0.0031947888137098908,3328,0.0,0.056,0.0
u_46155,0.0,-1,0.0,,
u_46156,0.0,-1,0.0,,
u_46157,0.04058225471628195,1405,0.0,0.787,0.0
u_46158,0.0,-1,0.0,,
u_46159,0.03989005772584125,1881,0.0,0.787,0.0
u_46160,0.0,-1,0.0,,
u_46161,0.0,-1,0.0,,
u_46162,0.007493444305407415,3828,0.0,0.137,0.0
u_46163,0.0,-1,0.0,,
u_46164,0.043034914056465874,2526,0.0,0.787,0.0
u_46165,0.00013055983269363985,1227,0.0,0.002,0.0
u_46166,0.08417531978986129,5286,0.0,0.787,0.0
u_46167,0.0,-1,0.0,,
u_46168,0.0,-1,0.0,,
u_46169,0.0,-1,0.0,,
u_46170,0.0,-1,0.0,,
u_46171,0.0,-1,0.0,,
u_46172,0.0,-1,0.0,,
u_46173,0.0,-1,0.0,,
u_46174,0.0,-1,0.0,,
u_46175,0.043034914056465874,4307,0.0,0.787,0.0
u_46176,0.0,-1,0.0,,
u_46177,0.039887713335278824,809,0.0,0.787,0.0
u_46178,0.0,-1,0.0,,
u_46179,0.0,-1,0.0,,
u_46180,0.0005346541744742901,2278,0.0,0.01,0.0
u_46181,0.0,-1,0.0,,
u_46182,0.0,-1,0.0,,
u_46183,0.005268648679387206,543,0.0,0.099,0.0
u_46184,0.0,-1,0.0,,
u_46185,0.043034914056465874,5979,0.0,0.787,0.0
u_46186,0.0,-1,0.0,,
u_46187,0.0,-1,0.0,,
u_46188,0.043034914056465874,5338,0.0,0.787,0.0
u_46189,0.0,-1,0.0,,
u_46190,0.002239524828561714,3145,0.0,0.041,0.0
u_46191,0.0,-1,0.0,,
u_46192,0.0,-1,0.0,,
u_46193,0.0008857800418749208,2598,0.0,0.016,0.0
u_46194,0.0,-1,0.0,,
u_46195,0.0007776870506481738,2484,0.0,0.013,0.0
u_46196,0.0,-1,0.0,,
u_46197,0.08133590295624718,2807,0.0,0.787,0.0
u_46198,0.0,-1,0.0,,
u_46199,0.0,-1,0.0,,
u_46200,0.00033176954449222126,1989,0.0,0.006,0.0
u_46201,0.0,-1,0.0,,
u_46202,0.007600638946880777,3837,0.0,0.139,0.0
u_46203,0.0,-1,0.0,,
u_46204,0.0,-1,0.0,,
u_46205,0.0012625396650793358,1507,0.0,0.023,0.0
u_46206,0.0,-1,0.0,,
u_46207,0.0,-1,0.0,,
u_46208,0.0,-1,0.0,,
u_46209,0.0,-1,0.0,,
u_46210,0.0,-1,0.0,,
u_46211,0.03988795049099473,1332,0.0,0.787,0.0
u_46212,0.00011876225434476067,1193,0.0,0.002,0.0
u_46213,0.03988853931466318,2158,0.0,0.787,0.0
u_46214,0.00506646457871703,3630,0.0,0.093,0.0
u_46215,0.0,-1,0.0,,
u_46216,0.0,-1,0.0,,
u_46217,0.0,-1,0.0,,
u_46218,0.0,-1,0.0,,
u_46219,0.043034914056465874,5370,0.0,0.787,0.0
u_46220,0.040912331571758054,562,0.0,0.787,0.0
u_46221,0.0,-1,0.0,,
u_46222,0.043034914056465874,3535,0.0,0.787,0.0
u_46223,0.0,-1,0.0,,
u_46224,0.04305346746414886,235,0.0,0.787,0.0
u_46225,0.0,-1,0.0,,
u_46226,0.0,-1,0.0,,
u_46227,0.04388165467808677,2882,0.0,0.787,0.0
u_46228,0.0,-1,0.0,,
u_46229,0.0,-1,0.0,,
u_46230,0.0,-1,0.0,,
u_46231,8.984851053934378e-05,22,0.0,0.002,0.0
u_46232,0.0,-1,0.0,,
u_46233,0.0,-1,0.0,,
u_46234,0.0,-1,0.0,,
u_46235,0.044368116786405724,4327,0.0,0.787,0.0
u_46236,0.0,-1,0.0,,
u_46237,0.0,-1,0.0,,
u_46238,0.0,-1,0.0,,
u_46239,0.0003464786485429675,1973,0.0,0.006,0.0
u_46240,0.0,-1,0.0,,
u_46241,0.0,-1,0.0,,
u_46242,0.07963116364854333,1430,0.0,0.787,0.0
u_46243,0.0,-1,0.0,,
u_46244,0.0,-1,0.0,,
u_46245,0.0,-1,0.0,,
u_46246,0.0,-1,0.0,,
u_46247,0.0,-1,0.0,,
u_46248,0.0,-1,0.0,,
u_46249,0.043034914056465874,2318,0.0,0.787,0.0
u_46250,0.043034914056465874,6360,0.0,0.787,0.0
u_46251,0.0,-1,0.0,,
u_46252,0.03988748547521842,189,0.0,0.787,0.0
u_46253,0.0,-1,0.0,,
u_46254,0.0,-1,0.0,,
u_46255,0.043034914056465874,6360,0.0,0.787,0.0
u_46256,0.0,-1,0.0,,
u_46257,0.0,-1,0.0,,
u_46258,0.0,-1,0.0,,
u_46259,0.08417531978986129,5252,0.0,0.787,0.0
u_46260,0.0,-1,0.0,,
u_46261,0.043034914056465874,6294,0.0,0.787,0.0
u_46262,0.053300650192809905,87,0.0,0.787,0.0
u_46263,0.00023723628793229087,1692,0.0,0.004,0.0
u_46264,0.0,-1,0.0,,
u_46265,0.0,-1,0.0,,
u_46266,0.0,-1,0.0,,
u_46267,0.0,-1,0.0,,
u_46268,0.0,-1,0.0,,
u_46269,0.0,-1,0.0,,
u_46270,0.0,-1,0.0,,
u_46271,0.04300826283097973,2445,0.0,0.787,0.0
u_46272,0.0,-1,0.0,,
u_46273,0.08029487468911554,2448,0.0,0.787,0.0
u_46274,0.039893710093031755,3796,0.0,0.787,0.0
u_46275,0.0,-1,0.0,,
u_46276,0.0,-1,0.0,,
u_46277,0.0,-1,0.0,,
u_46278,0.0,-1,0.0,,
u_46279,0.0,-1,0.0,,
u_46280,0.0,-1,0.0,,
u_46281,0.0,-1,0.0,,
u_46282,0.02808389601515852,4449,0.0,0.513,0.0
u_46283,0.04053823415093018,168,0.0,0.787,0.0
u_46284,0.0,-1,0.0,,
u_46285,0.0,-1,0.0,,
u_46286,0.0,-1,0.0,,
u_46287,0.005586793843928237,2780,0.0,0.053,0.0
u_46288,0.043034914056465874,5739,0.0,0.787,0.0
u_46289,0.0,-1,0.0,,
u_46290,0.03822805515180197,53,0.0,0.661,0.0
u_46291,0.0032465422710709793,3355,0.0,0.058,0.0
u_46292,0.0,-1,0.0,,
u_46293,0.0,-1,0.0,,
u_46294,0.0,-1,0.0,,
u_46295,0.0,-1,0.0,,
u_46296,0.0,-1,0.0,,
u_46297,0.0,-1,0.0,,
u_46298,0.0,-1,0.0,,
u_46299,0.0,-1,0.0,,
u_46300,0.0,-1,0.0,,
u_46301,0.0,-1,0.0,,
u_46302,0.0,-1,0.0,,
u_46303,0.005739301949781525,167,0.0,0.055,0.0
u_46304,0.0,-1,0.0,,
u_46305,0.0,-1,0.0,,
u_46306,0.0,-1,0.0,,
u_46307,0.043034914056465874,5805,0.0,0.787,0.0
u_46308,0.0,-1,0.0,,
u_46309,0.0,-1,0.0,,
u_46310,0.00010509562990891538,1059,0.0,0.002,0.0
u_46311,0.0,-1,0.0,,
u_46312,0.0,-1,0.0,,
u_46313,0.0,-1,0.0,,
u_46314,0.043034914056465874,5060,0.0,0.787,0.0
u_46315,0.0,-1,0.0,,
u_46316,0.0,-1,0.0,,
u_46317,0.043034914056465874,6231,0.0,0.787,0.0
u_46318,0.0,-1,0.0,,
u_46319,0.0,-1,0.0,,
u_46320,0.0,-1,0.0,,
u_46321,0.043034914056465874,2178,0.0,0.787,0.0
u_46322,0.0,-1,0.0,,
u_46323,0.0,-1,0.0,,
u_46324,0.0,-1,0.0,,
u_46325,0.0,-1,0.0,,
u_46326,0.0,-1,0.0,,
u_46327,0.0,-1,0.0,,
u_46328,0.0,-1,0.0,,
u_46329,0.0,-1,0.0,,
u_46330,0.0,-1,0.0,,
u_46331,0.0,-1,0.0,,
u_46332,0.039888999809702286,128,0.0,0.787,0.0
u_46333,0.0,-1,0.0,,
u_46334,0.0,-1,0.0,,
u_46335,0.0,-1,0.0,,
u_46336,0.0,-1,0.0,,
u_46337,0.0398892695897045,2147,0.0,0.787,0.0
u_46338,0.043034914056465874,4794,0.0,0.787,0.0
u_46339,0.0,-1,0.0,,
u_46340,0.043034914056465874,3481,0.0,0.787,0.0
u_46341,0.0,-1,0.0,,
u_46342,0.0,-1,0.0,,
u_46343,4.381511208602218e-05,141,0.0,0.001,0.0
u_46344,0.0,-1,0.0,,
u_46345,0.0,-1,0.0,,
u_46346,0.043034914056465874,5789,0.0,0.787,0.0
u_46347,0.00013511824662658064,1258,0.0,0.002,0.0
u_46348,0.0,-1,0.0,,
u_46349,0.0,-1,0.0,,
u_46350,0.0,-1,0.0,,
u_46351,0.041348531471758806,473,0.0,0.787,0.0
u_46352,0.0,-1,0.0,,
u_46353,0.0,-1,0.0,,
u_46354,0.0,-1,0.0,,
u_46355,0.0,-1,0.0,,
u_46356,0.0,-1,0.0,,
u_46357,0.039894149387408276,2991,0.0,0.787,0.0
u_46358,0.043034914056465874,2683,0.0,0.787,0.0
u_46359,0.0,-1,0.0,,
u_46360,0.0,-1,0.0,,
u_46361,0.0,-1,0.0,,
u_46362,0.0,-1,0.0,,
u_46363,0.08417531978986129,5777,0.0,0.787,0.0
u_46364,0.0,-1,0.0,,
u_46365,0.0,-1,0.0,,
u_46366,0.0,-1,0.0,,
u_46367,0.040892826781342026,2435,0.0,0.787,0.0
u_46368,0.043034914056465874,5069,0.0,0.787,0.0
u_46369,0.0,-1,0.0,,
u_46370,0.041452199755412505,26,0.0,0.787,0.0
u_46371,0.0,-1,0.0,,
u_46372,0.043034914056465874,3015,0.0,0.787,0.0
u_46373,0.0,-1,0.0,,
u_46374,0.0,-1,0.0,,
u_46375,0.0,-1,0.0,,
u_46376,0.0,-1,0.0,,
u_46377,0.0,-1,0.0,,
u_46378,0.043034914056465874,6057,0.0,0.787,0.0
u_46379,0.0,-1,0.0,,
u_46380,0.0,-1,0.0,,
u_46381,0.0,-1,0.0,,
u_46382,0.03989114606026276,819,0.0,0.787,0.0
u_46383,0.000783177629406605,2522,0.0,0.014,0.0
u_46384,0.043034914056465874,6336,0.0,0.787,0.0
u_46385,0.0,-1,0.0,,
u_46386,0.0,-1,0.0,,
u_46387,0.0,-1,0.0,,
u_46388,0.0,-1,0.0,,
u_46389,0.0,-1,0.0,,
u_46390,0.0,-1,0.0,,
u_46391,0.0,-1,0.0,,
u_46392,0.0,-1,0.0,,
u_46393,0.0,-1,0.0,,
u_46394,0.043034914056465874,5465,0.0,0.787,0.0
u_46395,0.03988763710503264,71,0.0,0.787,0.0
u_46396,0.0,-1,0.0,,
u_46397,0.0,-1,0.0,,
u_46398,0.0,-1,0.0,,
u_46399,0.0,-1,0.0,,
u_46400,0.043034914056465874,6338,0.0,0.787,0.0
u_46401,0.0,-1,0.0,,
u_46402,0.0,-1,0.0,,
u_46403,0.044368092475620124,4319,0.0,0.787,0.0
u_46404,0.043034914056465874,3612,0.0,0.787,0.0
u_46405,0.0,-1,0.0,,
u_46406,0.0,-1,0.0,,
u_46407,0.0,-1,0.0,,
u_46408,0.043034914056465874,3798,0.0,0.787,0.0
u_46409,0.0,-1,0.0,,
u_46410,0.0011511043743368402,2072,0.0,0.007,0.0
u_46411,0.0,-1,0.0,,
u_46412,0.0,-1,0.0,,
u_46413,0.0,-1,0.0,,
u_46414,0.0,-1,0.0,,
u_46415,0.012278174593824836,4074,0.0,0.224,0.0
u_46416,0.009702296732528795,3756,0.0,0.176,0.0
u_46417,0.0,-1,0.0,,
u_46418,0.0004388570920131061,547,0.0,0.008,0.0
u_46419,0.0,-1,0.0,,
u_46420,0.0,-1,0.0,,
u_46421,0.0,-1,0.0,,
u_46422,0.0,-1,0.0,,
u_46423,0.043034914056465874,5806,0.0,0.787,0.0
u_46424,0.0,-1,0.0,,
u_46425,0.0,-1,0.0,,
u_46426,0.043034914056465874,5740,0.0,0.787,0.0
u_46427,0.0,-1,0.0,,
u_46428,0.00020817671590186743,1597,0.0,0.004,0.0
u_46429,0.0,-1,0.0,,
u_46430,0.0,-1,0.0,,
u_46431,0.0,-1,0.0,,
u_46432,0.0,-1,0.0,,
u_46433,0.043034914056465874,6223,0.0,0.787,0.0
u_46434,0.0,-1,0.0,,
u_46435,0.0,-1,0.0,,
u_46436,0.0,-1,0.0,,
u_46437,0.043034914056465874,6263,0.0,0.787,0.0
u_46438,0.0,-1,0.0,,
u_46439,0.0,-1,0.0,,
u_46440,0.0,-1,0.0,,
u_46441,0.0,-1,0.0,,
u_46442,0.0,-1,0.0,,
u_46443,0.0,-1,0.0,,
u_46444,0.0,-1,0.0,,
u_46445,0.08417531978986129,5307,0.0,0.787,0.0
u_46446,0.0,-1,0.0,,
u_46447,0.0,-1,0.0,,
u_46448,0.04202066455849029,1506,0.0,0.787,0.0
u_46449,0.043034914056465874,5580,0.0,0.787,0.0
u_46450,0.0,-1,0.0,,
u_46451,0.0,-1,0.0,,
u_46452,0.0,-1,0.0,,
u_46453,0.0,-1,0.0,,
u_46454,0.0,-1,0.0,,
u_46455,0.0,-1,0.0,,
u_46456,0.041911395503566075,3988,0.0,0.787,0.0
u_46457,0.0,-1,0.0,,
u_46458,0.009444288262408706,3609,0.0,0.089,0.0
u_46459,0.0001289396924807757,620,0.0,0.001,0.0
u_46460,0.0,-1,0.0,,
u_46461,0.0,-1,0.0,,
u_46462,0.0,-1,0.0,,
u_46463,0.0006087305776926944,2358,0.0,0.011,0.0
u_46464,0.0,-1,0.0,,
u_46465,0.0,-1,0.0,,
u_46466,0.0,-1,0.0,,
u_46467,0.04823465175883262,3193,0.0,0.877,0.0
u_46468,0.0,-1,0.0,,
u_46469,0.0,-1,0.0,,
u_46470,0.0,-1,0.0,,
u_46471,0.0,-1,0.0,,
u_46472,0.0,-1,0.0,,
u_46473,0.0,-1,0.0,,
u_46474,0.0,-1,0.0,,
u_46475,0.0,-1,0.0,,
u_46476,0.00026016564467209075,1762,0.0,0.005,0.0
u_46477,0.0,-1,0.0,,
u_46478,0.0,-1,0.0,,
u_46479,0.004587949318577894,87,0.0,0.086,0.0
u_46480,0.0,-1,0.0,,
u_46481,0.04436913060487245,1034,0.0,0.787,0.0
u_46482,0.0,-1,0.0,,
u_46483,0.0,-1,0.0,,
u_46484,0.0,-1,0.0,,
u_46485,0.0011944618429487325,2793,0.0,0.022,0.0
u_46486,0.04033548094461098,2046,0.0,0.787,0.0
u_46487,0.08154787743848353,1607,0.0,0.787,0.0
u_46488,0.043034914056465874,5095,0.0,0.787,0.0
u_46489,0.0,-1,0.0,,
u_46490,0.06643494674756881,1449,0.0,0.622,0.0
u_46491,0.0,-1,0.0,,
u_46492,0.03225643731559549,4519,0.0,0.59,0.0
u_46493,0.0,-1,0.0,,
u_46494,0.0,-1,0.0,,
u_46495,0.0,-1,0.0,,
u_46496,0.043034914056465874,6234,0.0,0.787,0.0
u_46497,0.0,-1,0.0,,
u_46498,0.00014973291424688793,349,0.0,0.001,0.0
u_46499,0.0,-1,0.0,,
u_46500,0.043034914056465874,6361,0.0,0.787,0.0
u_46501,0.0,-1,0.0,,
u_46502,0.0,-1,0.0,,
u_46503,0.07963064269201367,2107,0.0,0.787,0.0
u_46504,0.0,-1,0.0,,
u_46505,0.0,-1,0.0,,
u_46506,0.0,-1,0.0,,
u_46507,0.0,-1,0.0,,
u_46508,0.0,-1,0.0,,
u_46509,0.043034914056465874,4888,0.0,0.787,0.0
u_46510,0.0,-1,0.0,,
u_46511,0.0,-1,0.0,,
u_46512,0.03988826591782173,1580,0.0,0.787,0.0
u_46513,0.0,-1,0.0,,
u_46514,0.0,-1,0.0,,
u_46515,0.043034914056465874,6300,0.0,0.787,0.0
u_46516,0.0,-1,0.0,,
u_46517,0.03988767343229605,1348,0.0,0.787,0.0
u_46518,0.0,-1,0.0,,
u_46519,0.0,-1,0.0,,
u_46520,0.0,-1,0.0,,
u_46521,0.0,-1,0.0,,
u_46522,0.0,-1,0.0,,
u_46523,0.0,-1,0.0,,
u_46524,0.0,-1,0.0,,
u_46525,0.043034914056465874,5742,0.0,0.787,0.0
u_46526,0.0009021390581854841,2610,0.0,0.016,0.0
u_46527,0.0008977571466737441,484,0.0,0.017,0.0
u_46528,0.0,-1,0.0,,
u_46529,0.0,-1,0.0,,
u_46530,0.04270521578193106,2045,0.0,0.787,0.0
u_46531,0.0,-1,0.0,,
u_46532,0.0,-1,0.0,,
u_46533,0.041459359235521506,1276,0.0,0.787,0.0
u_46534,0.00023717015084941592,648,0.0,0.002,0.0
u_46535,0.0,-1,0.0,,
u_46536,0.04198918913465662,276,0.0,0.787,0.0
u_46537,0.08417531978986129,639,0.0,0.787,0.0
u_46538,0.0,-1,0.0,,
u_46539,5.44787351531261e-05,275,0.0,0.001,0.0
u_46540,0.0,-1,0.0,,
u_46541,0.0,-1,0.0,,
u_46542,0.017640642700940585,4240,0.0,0.331,0.0
u_46543,0.040309108478019384,1580,0.0,0.787,0.0
u_46544,0.0,-1,0.0,,
u_46545,0.043034914056465874,5257,0.0,0.787,0.0
u_46546,0.0,-1,0.0,,
u_46547,0.0,-1,0.0,,
u_46548,0.0,-1,0.0,,
u_46549,0.0,-1,0.0,,
u_46550,0.0,-1,0.0,,
u_46551,0.02869284469501238,4141,0.0,0.268,0.0
u_46552,0.0,-1,0.0,,
u_46553,0.07963100050235154,4342,0.0,0.787,0.0
u_46554,0.04013400682468949,161,0.0,0.787,0.0
u_46555,0.0,-1,0.0,,
u_46556,0.0,-1,0.0,,
u_46557,0.0,-1,0.0,,
u_46558,0.043034914056465874,5365,0.0,0.787,0.0
u_46559,0.0,-1,0.0,,
u_46560,0.0,-1,0.0,,
u_46561,0.0,-1,0.0,,
u_46562,0.0,-1,0.0,,
u_46563,0.043034914056465874,6144,0.0,0.787,0.0
u_46564,0.0,-1,0.0,,
u_46565,0.043034914056465874,5453,0.0,0.787,0.0
u_46566,0.0,-1,0.0,,
u_46567,0.0,-1,0.0,,
u_46568,0.0,-1,0.0,,
u_46569,0.0,-1,0.0,,
u_46570,0.0,-1,0.0,,
u_46571,0.0,-1,0.0,,
u_46572,0.0,-1,0.0,,
u_46573,0.0,-1,0.0,,
u_46574,0.0,-1,0.0,,
u_46575,0.0,-1,0.0,,
u_46576,0.043034914056465874,5282,0.0,0.787,0.0
u_46577,0.0,-1,0.0,,
u_46578,0.043034914056465874,2537,0.0,0.787,0.0
u_46579,0.0,-1,0.0,,
u_46580,0.043034914056465874,3967,0.0,0.787,0.0
u_46581,0.0,-1,0.0,,
u_46582,0.0,-1,0.0,,
u_46583,0.07922613630748325,683,0.0,0.787,0.0
u_46584,0.0,-1,0.0,,
u_46585,0.0,-1,0.0,,
u_46586,0.0,-1,0.0,,
u_46587,0.0,-1,0.0,,
u_46588,0.002422047286714814,168,0.0,0.046,0.0
u_46589,0.0,-1,0.0,,
u_46590,0.0,-1,0.0,,
u_46591,0.0,-1,0.0,,
u_46592,0.039888050879187426,485,0.0,0.787,0.0
u_46593,0.0,-1,0.0,,
u_46594,0.0,-1,0.0,,
u_46595,0.04190484215981593,258,0.0,0.787,0.0
u_46596,0.0,-1,0.0,,
u_46597,0.001279808933900012,222,0.0,0.012,0.0
u_46598,0.0,-1,0.0,,
u_46599,0.0,-1,0.0,,
u_46600,0.0,-1,0.0,,
u_46601,0.0,-1,0.0,,
u_46602,0.043034914056465874,967,0.0,0.787,0.0
u_46603,0.0,-1,0.0,,
u_46604,0.043701254867007135,568,0.0,0.787,0.0
u_46605,0.0,-1,0.0,,
u_46606,0.0,-1,0.0,,
u_46607,0.0,-1,0.0,,
u_46608,0.0,-1,0.0,,
u_46609,0.032323654745603295,3226,0.0,0.6,0.0
u_46610,9.085856806106321e-05,222,0.0,0.002,0.0
u_46611,0.014033574963181366,4123,0.0,0.257,0.0
u_46612,0.08142175275366506,168,0.0,0.787,0.0
u_46613,0.043034914056465874,5302,0.0,0.787,0.0
u_46614,0.0,-1,0.0,,
u_46615,0.0,-1,0.0,,
u_46616,0.03988734630456258,811,0.0,0.787,0.0
u_46617,0.040978876651081464,74,0.0,0.787,0.0
u_46618,4.769963049097231e-05,209,0.0,0.001,0.0
u_46619,0.0,-1,0.0,,
u_46620,0.0,-1,0.0,,
u_46621,0.0,-1,0.0,,
u_46622,0.0,-1,0.0,,
u_46623,0.0,-1,0.0,,
u_46624,0.043034914056465874,5430,0.0,0.787,0.0
u_46625,0.03988843771595621,468,0.0,0.787,0.0
u_46626,0.0,-1,0.0,,
u_46627,0.0,-1,0.0,,
u_46628,0.0,-1,0.0,,
u_46629,0.0,-1,0.0,,
u_46630,0.0,-1,0.0,,
u_46631,0.0,-1,0.0,,
u_46632,0.0,-1,0.0,,
u_46633,0.0,-1,0.0,,
u_46634,0.0,-1,0.0,,
u_46635,0.0,-1,0.0,,
u_46636,0.0,-1,0.0,,
u_46637,0.02643809239396186,739,0.0,0.518,0.0
u_46638,0.0,-1,0.0,,
u_46639,0.03988801621132463,1940,0.0,0.787,0.0
u_46640,0.0,-1,0.0,,
u_46641,0.08027379203980374,480,0.0,0.787,0.0
u_46642,0.0,-1,0.0,,
u_46643,0.0,-1,0.0,,
u_46644,0.00015859767845662138,799,0.0,0.001,0.0
u_46645,0.043034914056465874,6117,0.0,0.787,0.0
u_46646,0.04203237254650365,811,0.0,0.787,0.0
u_46647,0.0,-1,0.0,,
u_46648,0.0,-1,0.0,,
u_46649,0.08236987134354849,1841,0.0,0.787,0.0
u_46650,0.0,-1,0.0,,
u_46651,0.0,-1,0.0,,
u_46652,0.043034914056465874,5807,0.0,0.787,0.0
u_46653,0.0,-1,0.0,,
u_46654,0.0,-1,0.0,,
u_46655,4.1582902923986626e-05,28,0.0,0.001,0.0
u_46656,0.08236471919852946,511,0.0,0.787,0.0
u_46657,0.0,-1,0.0,,
u_46658,0.0,-1,0.0,,
u_46659,0.0,-1,0.0,,
u_46660,0.0,-1,0.0,,
u_46661,0.0,-1,0.0,,
u_46662,0.0,-1,0.0,,
u_46663,0.0,-1,0.0,,
u_46664,0.0,-1,0.0,,
u_46665,0.0,-1,0.0,,
u_46666,5.7586761425620445e-05,333,0.0,0.001,0.0
u_46667,0.0,-1,0.0,,
u_46668,0.0,-1,0.0,,
u_46669,0.03988834094927631,4721,0.0,0.787,0.0
u_46670,0.043034914056465874,1357,0.0,0.787,0.0
u_46671,0.0,-1,0.0,,
u_46672,0.0,-1,0.0,,
u_46673,0.0,-1,0.0,,
u_46674,0.0,-1,0.0,,
u_46675,0.0,-1,0.0,,
u_46676,0.0,-1,0.0,,
u_46677,0.0,-1,0.0,,
u_46678,0.0,-1,0.0,,
u_46679,0.0,-1,0.0,,
u_46680,0.0,-1,0.0,,
u_46681,0.0409775576895329,87,0.0,0.787,0.0
u_46682,0.0,-1,0.0,,
u_46683,0.0,-1,0.0,,
u_46684,0.0,-1,0.0,,
u_46685,0.0,-1,0.0,,
u_46686,0.043034914056465874,3340,0.0,0.787,0.0
u_46687,0.0,-1,0.0,,
u_46688,0.0,-1,0.0,,
u_46689,0.0,-1,0.0,,
u_46690,0.040573421317322965,254,0.0,0.787,0.0
u_46691,0.0,-1,0.0,,
u_46692,0.0,-1,0.0,,
u_46693,0.042130407716432006,5748,0.0,0.787,0.0
u_46694,0.0,-1,0.0,,
u_46695,0.0,-1,0.0,,
u_46696,0.0,-1,0.0,,
u_46697,0.0,-1,0.0,,
u_46698,0.025723322575564568,61,0.0,0.164,0.0
u_46699,0.0,-1,0.0,,
u_46700,0.0,-1,0.0,,
u_46701,0.043034914056465874,4625,0.0,0.787,0.0
u_46702,0.0,-1,0.0,,
u_46703,0.0,-1,0.0,,
u_46704,0.0,-1,0.0,,
u_46705,0.0,-1,0.0,,
u_46706,0.00802446585248554,104,0.0,0.154,0.0
u_46707,0.0,-1,0.0,,
u_46708,0.02458158826741181,629,0.0,0.48,0.0
u_46709,0.0,-1,0.0,,
u_46710,0.0,-1,0.0,,
u_46711,0.0,-1,0.0,,
u_46712,0.0,-1,0.0,,
u_46713,0.043034914056465874,5402,0.0,0.787,0.0
u_46714,0.0,-1,0.0,,
u_46715,0.019274115101043376,4263,0.0,0.352,0.0
u_46716,0.0,-1,0.0,,
u_46717,0.043034914056465874,5482,0.0,0.787,0.0
u_46718,0.0,-1,0.0,,
u_46719,0.040077271317653075,358,0.0,0.787,0.0
u_46720,0.0,-1,0.0,,
u_46721,0.0,-1,0.0,,
u_46722,0.0009552159372903826,2649,0.0,0.017,0.0
u_46723,0.03664814162349924,2177,0.0,0.7,0.0
u_46724,0.0,-1,0.0,,
u_46725,0.0,-1,0.0,,
u_46726,0.00012649909680682888,61,0.0,0.001,0.0
u_46727,0.039888075512736,254,0.0,0.787,0.0
u_46728,0.08040747375609462,4,0.0,0.501,0.0
u_46729,0.0,-1,0.0,,
u_46730,0.0031202021677849637,3346,0.0,0.057,0.0
u_46731,0.0,-1,0.0,,
u_46732,0.0,-1,0.0,,
u_46733,0.0,-1,0.0,,
u_46734,0.039892217251068014,1761,0.0,0.787,0.0
u_46735,0.0,-1,0.0,,
u_46736,0.0,-1,0.0,,
u_46737,0.004413222614205272,845,0.0,0.082,0.0
u_46738,0.0,-1,0.0,,
u_46739,0.0,-1,0.0,,
u_46740,0.043034914056465874,5582,0.0,0.787,0.0
u_46741,0.0,-1,0.0,,
u_46742,0.0,-1,0.0,,
u_46743,0.00014673374861383964,1334,0.0,0.003,0.0
u_46744,0.0,-1,0.0,,
u_46745,0.0005584817259848793,2306,0.0,0.01,0.0
u_46746,0.0,-1,0.0,,
u_46747,0.043034914056465874,4157,0.0,0.787,0.0
u_46748,0.0,-1,0.0,,
u_46749,7.617258089127244e-05,751,0.0,0.001,0.0
u_46750,0.0,-1,0.0,,
u_46751,0.0,-1,0.0,,
u_46752,0.039892508587596125,2269,0.0,0.787,0.0
u_46753,0.0,-1,0.0,,
u_46754,0.12416374059790684,2473,0.0,0.787,0.0
u_46755,0.0,-1,0.0,,
u_46756,0.0,-1,0.0,,
u_46757,0.03988801434391106,200,0.0,0.787,0.0
u_46758,0.0,-1,0.0,,
u_46759,0.001154473671305627,2764,0.0,0.021,0.0
u_46760,0.0,-1,0.0,,
u_46761,0.0,-1,0.0,,
u_46762,0.0,-1,0.0,,
u_46763,0.0,-1,0.0,,
u_46764,0.0,-1,0.0,,
u_46765,0.043034914056465874,6307,0.0,0.787,0.0
u_46766,0.0,-1,0.0,,
u_46767,0.0,-1,0.0,,
u_46768,0.0,-1,0.0,,
u_46769,0.051761121413554725,4719,0.0,0.946,0.0
u_46770,0.039904250637487766,3400,0.0,0.787,0.0
u_46771,0.0,-1,0.0,,
u_46772,0.0,-1,0.0,,
u_46773,0.03357592359522267,4207,0.0,0.314,0.0
u_46774,0.0,-1,0.0,,
u_46775,0.0,-1,0.0,,
u_46776,0.043034914056465874,6316,0.0,0.787,0.0
u_46777,0.04688131060506507,4662,0.0,0.857,0.0
u_46778,0.0,-1,0.0,,
u_46779,0.0,-1,0.0,,
u_46780,0.03798592052765055,74,0.0,0.743,0.0
u_46781,0.04437229916248534,4700,0.0,0.787,0.0
u_46782,0.043034914056465874,5808,0.0,0.787,0.0
u_46783,0.0,-1,0.0,,
u_46784,0.08183143061690616,640,0.0,0.787,0.0
u_46785,0.0018003588833462418,3034,0.0,0.033,0.0
u_46786,0.004273086852995045,3532,0.0,0.078,0.0
u_46787,4.214998214886546e-05,5,0.0,0.001,0.0
u_46788,0.0,-1,0.0,,
u_46789,0.0,-1,0.0,,
u_46790,0.0,-1,0.0,,
u_46791,0.043034914056465874,3062,0.0,0.787,0.0
u_46792,0.0,-1,0.0,,
u_46793,0.043034914056465874,5910,0.0,0.787,0.0
u_46794,0.016961818004715183,1524,0.0,0.162,0.0
u_46795,0.0,-1,0.0,,
u_46796,0.0,-1,0.0,,
u_46797,0.0,-1,0.0,,
u_46798,0.0,-1,0.0,,
u_46799,0.0,-1,0.0,,
u_46800,0.0,-1,0.0,,
u_46801,0.043034914056465874,5447,0.0,0.787,0.0
u_46802,0.0,-1,0.0,,
u_46803,0.0,-1,0.0,,
u_46804,0.00010517197565695362,104,0.0,0.001,0.0
u_46805,0.0,-1,0.0,,
u_46806,0.0,-1,0.0,,
u_46807,0.0,-1,0.0,,
u_46808,0.0,-1,0.0,,
u_46809,0.00040077763073270543,2083,0.0,0.007,0.0
u_46810,0.0,-1,0.0,,
u_46811,0.007744937394964889,118,0.0,0.142,0.0
u_46812,0.0,-1,0.0,,
u_46813,0.0,-1,0.0,,
u_46814,0.0,-1,0.0,,
u_46815,0.0,-1,0.0,,
u_46816,0.043034914056465874,5990,0.0,0.787,0.0
u_46817,0.08417531978986129,4826,0.0,0.787,0.0
u_46818,0.04935209712166699,4679,0.0,0.875,0.0
u_46819,0.0,-1,0.0,,
u_46820,0.08027555987944478,333,0.0,0.787,0.0
u_46821,0.12092805516008531,222,0.0,0.787,0.0
u_46822,0.0,-1,0.0,,
u_46823,0.0,-1,0.0,,
u_46824,0.0,-1,0.0,,
u_46825,0.0,-1,0.0,,
u_46826,0.0,-1,0.0,,
u_46827,0.0,-1,0.0,,
u_46828,0.039889755866808506,1414,0.0,0.787,0.0
u_46829,0.0,-1,0.0,,
u_46830,0.08235609476647088,292,0.0,0.787,0.0
u_46831,0.0,-1,0.0,,
u_46832,0.0,-1,0.0,,
u_46833,0.043034914056465874,3238,0.0,0.787,0.0
u_46834,0.0,-1,0.0,,
u_46835,0.0,-1,0.0,,
u_46836,0.0,-1,0.0,,
u_46837,0.00031539924229125196,1889,0.0,0.006,0.0
u_46838,0.0010320771118286832,2269,0.0,0.01,0.0
u_46839,0.0,-1,0.0,,
u_46840,0.0,-1,0.0,,
u_46841,0.0,-1,0.0,,
u_46842,0.0,-1,0.0,,
u_46843,0.0,-1,0.0,,
u_46844,0.0,-1,0.0,,
u_46845,0.0,-1,0.0,,
u_46846,0.0,-1,0.0,,
u_46847,0.0,-1,0.0,,
u_46848,0.0,-1,0.0,,
u_46849,0.04207200655693352,1855,0.0,0.787,0.0
u_46850,0.0,-1,0.0,,
u_46851,0.0,-1,0.0,,
u_46852,0.0,-1,0.0,,
u_46853,0.0,-1,0.0,,
u_46854,0.0,-1,0.0,,
u_46855,0.0,-1,0.0,,
u_46856,0.0,-1,0.0,,
u_46857,0.0,-1,0.0,,
u_46858,0.0,-1,0.0,,
u_46859,0.0,-1,0.0,,
u_46860,0.0,-1,0.0,,
u_46861,0.0,-1,0.0,,
u_46862,0.0007929142182211228,74,0.0,0.015,0.0
u_46863,0.0,-1,0.0,,
u_46864,0.0,-1,0.0,,
u_46865,0.043034914056465874,6362,0.0,0.787,0.0
u_46866,0.0,-1,0.0,,
u_46867,0.0,-1,0.0,,
u_46868,0.0,-1,0.0,,
u_46869,0.0,-1,0.0,,
u_46870,0.0,-1,0.0,,
u_46871,0.0,-1,0.0,,
u_46872,0.043034914056465874,6253,0.0,0.787,0.0
u_46873,0.0,-1,0.0,,
u_46874,0.0,-1,0.0,,
u_46875,0.0018010999014917697,222,0.0,0.034,0.0
u_46876,0.0,-1,0.0,,
u_46877,0.0,-1,0.0,,
u_46878,0.043034914056465874,5260,0.0,0.787,0.0
u_46879,0.08234438451371331,2574,0.0,0.787,0.0
u_46880,0.006425983432246051,1005,0.0,0.126,0.0
u_46881,0.0,-1,0.0,,
u_46882,0.040612157118386734,195,0.0,0.787,0.0
u_46883,0.0437140267794857,4082,0.0,0.787,0.0
u_46884,0.07962994677950917,789,0.0,0.787,0.0
u_46885,0.04183262491852469,797,0.0,0.787,0.0
u_46886,0.03988828547332582,1130,0.0,0.787,0.0
u_46887,0.0,-1,0.0,,
u_46888,0.039888529598870466,634,0.0,0.787,0.0
u_46889,0.043034914056465874,5794,0.0,0.787,0.0
u_46890,0.0,-1,0.0,,
u_46891,0.0,-1,0.0,,
u_46892,0.0,-1,0.0,,
u_46893,0.0,-1,0.0,,
u_46894,0.0,-1,0.0,,
u_46895,0.002878853202280336,3298,0.0,0.053,0.0
u_46896,0.0,-1,0.0,,
u_46897,0.0,-1,0.0,,
u_46898,0.0,-1,0.0,,
u_46899,0.0,-1,0.0,,
u_46900,0.0,-1,0.0,,
u_46901,0.0,-1,0.0,,
u_46902,0.0,-1,0.0,,
u_46903,0.043034914056465874,5790,0.0,0.787,0.0
u_46904,0.043034914056465874,3178,0.0,0.787,0.0
u_46905,0.0,-1,0.0,,
u_46906,0.0,-1,0.0,,
u_46907,0.043034914056465874,3966,0.0,0.787,0.0
u_46908,0.0,-1,0.0,,
u_46909,0.006314051323888846,3733,0.0,0.115,0.0
u_46910,0.04295748332560821,222,0.0,0.787,0.0
u_46911,0.04436185140223139,2916,0.0,0.787,0.0
u_46912,0.0034030900060752463,3407,0.0,0.062,0.0
u_46913,0.0,-1,0.0,,
u_46914,0.0,-1,0.0,,
u_46915,0.043034914056465874,5459,0.0,0.787,0.0
u_46916,0.04468099349773215,645,0.0,0.787,0.0
u_46917,0.0,-1,0.0,,
u_46918,0.0006475778437947707,925,0.0,0.006,0.0
u_46919,0.043034914056465874,6001,0.0,0.787,0.0
u_46920,0.0,-1,0.0,,
u_46921,0.0,-1,0.0,,
u_46922,0.0,-1,0.0,,
u_46923,0.0,-1,0.0,,
u_46924,0.0,-1,0.0,,
u_46925,0.0,-1,0.0,,
u_46926,0.07962972801263284,490,0.0,0.787,0.0
u_46927,0.0,-1,0.0,,
u_46928,0.0,-1,0.0,,
u_46929,0.0,-1,0.0,,
u_46930,0.0,-1,0.0,,
u_46931,0.0,-1,0.0,,
u_46932,0.0,-1,0.0,,
u_46933,0.0,-1,0.0,,
u_46934,0.0,-1,0.0,,
u_46935,0.0,-1,0.0,,
u_46936,0.0,-1,0.0,,
u_46937,0.0,-1,0.0,,
u_46938,0.0,-1,0.0,,
u_46939,0.022860864849598622,89,0.0,0.426,0.0
u_46940,0.0,-1,0.0,,
u_46941,0.0,-1,0.0,,
u_46942,0.08417531978986129,4248,0.0,0.787,0.0
u_46943,0.0,-1,0.0,,
u_46944,0.0,-1,0.0,,
u_46945,0.04806569777677906,2519,0.0,0.876,0.0
u_46946,0.00024911551364177733,1727,0.0,0.005,0.0
u_46947,0.0,-1,0.0,,
u_46948,0.043034914056465874,3398,0.0,0.787,0.0
u_46949,0.0,-1,0.0,,
u_46950,0.0,-1,0.0,,
u_46951,0.0,-1,0.0,,
u_46952,0.0,-1,0.0,,
u_46953,0.0,-1,0.0,,
u_46954,0.0,-1,0.0,,
u_46955,0.006645518456592036,53,0.0,0.065,0.0
u_46956,0.043034914056465874,5375,0.0,0.787,0.0
u_46957,0.003188558840053655,3361,0.0,0.058,0.0
u_46958,0.0,-1,0.0,,
u_46959,0.0,-1,0.0,,
u_46960,0.0,-1,0.0,,
u_46961,0.0,-1,0.0,,
u_46962,0.039887968275637516,628,0.0,0.787,0.0
u_46963,0.0,-1,0.0,,
u_46964,0.043034914056465874,3709,0.0,0.787,0.0
u_46965,0.0,-1,0.0,,
u_46966,0.0,-1,0.0,,
u_46967,0.0,-1,0.0,,
u_46968,0.0,-1,0.0,,
u_46969,0.0,-1,0.0,,
u_46970,0.0,-1,0.0,,
u_46971,0.0,-1,0.0,,
u_46972,0.0,-1,0.0,,
u_46973,0.0,-1,0.0,,
u_46974,0.039887847631846274,599,0.0,0.787,0.0
u_46975,0.0,-1,0.0,,
u_46976,0.043034914056465874,5807,0.0,0.787,0.0
u_46977,0.0,-1,0.0,,
u_46978,0.0,-1,0.0,,
u_46979,0.0,-1,0.0,,
u_46980,0.0,-1,0.0,,
u_46981,0.04416407533733941,283,0.0,0.787,0.0
u_46982,0.0,-1,0.0,,
u_46983,0.00016600012605930988,1428,0.0,0.003,0.0
u_46984,0.0,-1,0.0,,
u_46985,0.0,-1,0.0,,
u_46986,0.0,-1,0.0,,
u_46987,0.0,-1,0.0,,
u_46988,0.03988985735829285,3199,0.0,0.787,0.0
u_46989,0.08236630710979355,5310,0.0,0.787,0.0
u_46990,0.0,-1,0.0,,
u_46991,0.04057907258946268,2226,0.0,0.787,0.0
u_46992,0.0,-1,0.0,,
u_46993,0.0,-1,0.0,,
u_46994,0.08094708480467451,2375,0.0,0.787,0.0
u_46995,0.08417531978986129,4840,0.0,0.787,0.0
u_46996,0.0,-1,0.0,,
u_46997,0.0,-1,0.0,,
u_46998,0.0,-1,0.0,,
u_46999,0.00039277063973908616,2048,0.0,0.007,0.0
u_47000,0.0,-1,0.0,,
u_47001,0.0028253711610818984,3287,0.0,0.052,0.0
u_47002,0.0,-1,0.0,,
u_47003,0.0,-1,0.0,,
u_47004,0.043034914056465874,5585,0.0,0.787,0.0
u_47005,0.0,-1,0.0,,
u_47006,0.0,-1,0.0,,
u_47007,0.0,-1,0.0,,
u_47008,0.0,-1,0.0,,
u_47009,0.043034914056465874,3124,0.0,0.787,0.0
u_47010,0.0,-1,0.0,,
u_47011,0.042130407716432006,4931,0.0,0.787,0.0
u_47012,0.0,-1,0.0,,
u_47013,0.0,-1,0.0,,
u_47014,0.04435535859062573,1072,0.0,0.787,0.0
u_47015,0.0,-1,0.0,,
u_47016,4.390808667947493e-05,107,0.0,0.001,0.0
u_47017,0.0,-1,0.0,,
u_47018,0.0,-1,0.0,,
u_47019,0.0,-1,0.0,,
u_47020,0.0,-1,0.0,,
u_47021,0.0,-1,0.0,,
u_47022,0.043034914056465874,2220,0.0,0.787,0.0
u_47023,0.0,-1,0.0,,
u_47024,0.0,-1,0.0,,
u_47025,0.0398874804823266,2022,0.0,0.787,0.0
u_47026,0.0,-1,0.0,,
u_47027,0.04098192777048473,1794,0.0,0.787,0.0
u_47028,0.043034914056465874,1296,0.0,0.787,0.0
u_47029,0.043034914056465874,5248,0.0,0.787,0.0
u_47030,0.043034914056465874,5805,0.0,0.787,0.0
u_47031,0.0,-1,0.0,,
u_47032,0.043034914056465874,5226,0.0,0.787,0.0
u_47033,0.0,-1,0.0,,
u_47034,0.010476073978517233,687,0.0,0.1,0.0
u_47035,0.0,-1,0.0,,
u_47036,0.0,-1,0.0,,
u_47037,0.0,-1,0.0,,
u_47038,0.0,-1,0.0,,
u_47039,0.0,-1,0.0,,
u_47040,0.0,-1,0.0,,
u_47041,0.00010978507035505377,1090,0.0,0.002,0.0
u_47042,0.0,-1,0.0,,
u_47043,0.0,-1,0.0,,
u_47044,0.0,-1,0.0,,
u_47045,0.043034914056465874,6276,0.0,0.787,0.0
u_47046,0.0,-1,0.0,,
u_47047,0.0,-1,0.0,,
u_47048,0.043032788133249684,3617,0.0,0.787,0.0
u_47049,0.0,-1,0.0,,
u_47050,0.0,-1,0.0,,
u_47051,0.0,-1,0.0,,
u_47052,0.0,-1,0.0,,
u_47053,0.0,-1,0.0,,
u_47054,0.009461881370755447,352,0.0,0.174,0.0
u_47055,0.0,-1,0.0,,
u_47056,0.0,-1,0.0,,
u_47057,0.03988801529466155,2546,0.0,0.787,0.0
u_47058,0.0,-1,0.0,,
u_47059,0.044372200165103154,1739,0.0,0.787,0.0
u_47060,0.0,-1,0.0,,
u_47061,0.0,-1,0.0,,
u_47062,0.0,-1,0.0,,
u_47063,0.04437264991731925,3280,0.0,0.787,0.0
u_47064,0.0,-1,0.0,,
u_47065,0.03988874451246065,2976,0.0,0.787,0.0
u_47066,0.0,-1,0.0,,
u_47067,0.0,-1,0.0,,
u_47068,0.0,-1,0.0,,
u_47069,0.0,-1,0.0,,
u_47070,0.04088300099183747,625,0.0,0.787,0.0
u_47071,0.0,-1,0.0,,
u_47072,0.0,-1,0.0,,
u_47073,0.0,-1,0.0,,
u_47074,0.043034914056465874,6353,0.0,0.787,0.0
u_47075,0.0,-1,0.0,,
u_47076,0.0,-1,0.0,,
u_47077,0.0,-1,0.0,,
u_47078,0.0,-1,0.0,,
u_47079,0.0,-1,0.0,,
u_47080,0.0,-1,0.0,,
u_47081,0.0,-1,0.0,,
u_47082,0.0011677213205707354,2751,0.0,0.021,0.0
u_47083,0.0,-1,0.0,,
u_47084,0.0,-1,0.0,,
u_47085,0.0,-1,0.0,,
u_47086,0.043034914056465874,5011,0.0,0.787,0.0
u_47087,0.043034914056465874,5830,0.0,0.787,0.0
u_47088,0.0,-1,0.0,,
u_47089,0.0,-1,0.0,,
u_47090,0.0,-1,0.0,,
u_47091,0.03390484649352354,4538,0.0,0.62,0.0
u_47092,0.0,-1,0.0,,
u_47093,0.0,-1,0.0,,
u_47094,0.0,-1,0.0,,
u_47095,0.0,-1,0.0,,
u_47096,0.0,-1,0.0,,
u_47097,0.0,-1,0.0,,
u_47098,0.043034914056465874,5314,0.0,0.787,0.0
u_47099,0.0,-1,0.0,,
u_47100,0.043034914056465874,6078,0.0,0.787,0.0
u_47101,0.04040905085163663,162,0.0,0.787,0.0
u_47102,0.0,-1,0.0,,
u_47103,0.0,-1,0.0,,
u_47104,0.0,-1,0.0,,
u_47105,0.0,-1,0.0,,
u_47106,0.011742026848658946,61,0.0,0.228,0.0
u_47107,0.0,-1,0.0,,
u_47108,0.0,-1,0.0,,
u_47109,0.0,-1,0.0,,
u_47110,0.04193068032492795,1705,0.0,0.787,0.0
u_47111,0.043034914056465874,5539,0.0,0.787,0.0
u_47112,0.0,-1,0.0,,
u_47113,0.0,-1,0.0,,
u_47114,0.043034914056465874,3215,0.0,0.787,0.0
u_47115,0.0,-1,0.0,,
u_47116,0.0,-1,0.0,,
u_47117,0.0,-1,0.0,,
u_47118,0.0,-1,0.0,,
u_47119,0.0,-1,0.0,,
u_47120,0.0,-1,0.0,,
u_47121,0.0,-1,0.0,,
u_47122,0.0,-1,0.0,,
u_47123,0.0,-1,0.0,,
u_47124,0.006957346085864235,3765,0.0,0.121,0.0
u_47125,0.0,-1,0.0,,
u_47126,0.043034914056465874,5809,0.0,0.787,0.0
u_47127,0.0,-1,0.0,,
u_47128,0.0,-1,0.0,,
u_47129,0.0,-1,0.0,,
u_47130,0.0,-1,0.0,,
u_47131,4.560028718629036e-05,207,0.0,0.001,0.0
u_47132,0.043034914056465874,3441,0.0,0.787,0.0
u_47133,0.0,-1,0.0,,
u_47134,0.04063596766572164,1200,0.0,0.787,0.0
u_47135,0.08417531978986129,4936,0.0,0.787,0.0
u_47136,4.268526726597894e-05,21,0.0,0.001,0.0
u_47137,0.0,-1,0.0,,
u_47138,0.0,-1,0.0,,
u_47139,0.0,-1,0.0,,
u_47140,0.0,-1,0.0,,
u_47141,0.0,-1,0.0,,
u_47142,0.0,-1,0.0,,
u_47143,0.0,-1,0.0,,
u_47144,0.03989257038521283,4169,0.0,0.787,0.0
u_47145,0.043034914056465874,4596,0.0,0.787,0.0
u_47146,0.0,-1,0.0,,
u_47147,0.0,-1,0.0,,
u_47148,0.0,-1,0.0,,
u_47149,0.0,-1,0.0,,
u_47150,0.0,-1,0.0,,
u_47151,0.03988779113049438,222,0.0,0.787,0.0
u_47152,0.0,-1,0.0,,
u_47153,0.0,-1,0.0,,
u_47154,0.0,-1,0.0,,
u_47155,0.0,-1,0.0,,
u_47156,0.0,-1,0.0,,
u_47157,0.0006709491128985783,2426,0.0,0.012,0.0
u_47158,0.0,-1,0.0,,
u_47159,0.0,-1,0.0,,
u_47160,0.0,-1,0.0,,
u_47161,0.0,-1,0.0,,
u_47162,0.08372800493410582,1524,0.0,0.787,0.0
u_47163,0.0,-1,0.0,,
u_47164,0.0,-1,0.0,,
u_47165,0.0,-1,0.0,,
u_47166,0.0,-1,0.0,,
u_47167,0.0,-1,0.0,,
u_47168,0.0,-1,0.0,,
u_47169,0.043034914056465874,2875,0.0,0.787,0.0
u_47170,0.0,-1,0.0,,
u_47171,0.0,-1,0.0,,
u_47172,0.0,-1,0.0,,
u_47173,0.08027723804054133,765,0.0,0.787,0.0
u_47174,0.0,-1,0.0,,
u_47175,0.0,-1,0.0,,
u_47176,0.0,-1,0.0,,
u_47177,0.0,-1,0.0,,
u_47178,0.0,-1,0.0,,
u_47179,0.043034914056465874,4467,0.0,0.787,0.0
u_47180,0.043034914056465874,2222,0.0,0.787,0.0
u_47181,0.0014393657782827984,2891,0.0,0.026,0.0
u_47182,0.0,-1,0.0,,
u_47183,0.08178789890314626,796,0.0,0.787,0.0
u_47184,0.043034914056465874,3156,0.0,0.787,0.0
u_47185,0.0,-1,0.0,,
u_47186,0.0,-1,0.0,,
u_47187,0.0,-1,0.0,,
u_47188,0.0398886122491956,2686,0.0,0.787,0.0
u_47189,0.004111553160270761,49,0.0,0.081,0.0
u_47190,0.0,-1,0.0,,
u_47191,0.0,-1,0.0,,
u_47192,0.043034914056465874,4981,0.0,0.787,0.0
u_47193,9.81136319287971e-05,1007,0.0,0.002,0.0
u_47194,0.04006698514496045,145,0.0,0.787,0.0
u_47195,0.004932033693414284,3208,0.0,0.046,0.0
u_47196,0.0,-1,0.0,,
u_47197,0.0,-1,0.0,,
u_47198,0.0,-1,0.0,,
u_47199,0.043034914056465874,5394,0.0,0.787,0.0
u_47200,0.03988766769695056,136,0.0,0.787,0.0
u_47201,0.002328912159394755,2309,0.0,0.022,0.0
u_47202,0.043034914056465874,5363,0.0,0.787,0.0
u_47203,0.043034914056465874,5594,0.0,0.787,0.0
u_47204,0.042130407716432006,5776,0.0,0.787,0.0
u_47205,0.0,-1,0.0,,
u_47206,0.0,-1,0.0,,
u_47207,0.0,-1,0.0,,
u_47208,0.0,-1,0.0,,
u_47209,0.0,-1,0.0,,
u_47210,0.12649349438043087,917,0.0,0.787,0.0
u_47211,7.162117381538484e-05,686,0.0,0.001,0.0
u_47212,0.0,-1,0.0,,
u_47213,0.00011495614861874474,492,0.0,0.001,0.0
u_47214,0.0,-1,0.0,,
u_47215,0.0,-1,0.0,,
u_47216,0.0,-1,0.0,,
u_47217,0.0,-1,0.0,,
u_47218,0.043034914056465874,6121,0.0,0.787,0.0
u_47219,0.0,-1,0.0,,
u_47220,0.0,-1,0.0,,
u_47221,0.0,-1,0.0,,
u_47222,0.0,-1,0.0,,
u_47223,0.0,-1,0.0,,
u_47224,0.0,-1,0.0,,
u_47225,0.00561395150870938,1567,0.0,0.104,0.0
u_47226,0.0,-1,0.0,,
u_47227,0.0,-1,0.0,,
u_47228,6.742084342239737e-05,614,0.0,0.001,0.0
u_47229,0.039889228625756126,1242,0.0,0.787,0.0
u_47230,0.03988814205915073,1348,0.0,0.787,0.0
u_47231,0.01917638567839146,4257,0.0,0.351,0.0
u_47232,0.0,-1,0.0,,
u_47233,0.0,-1,0.0,,
u_47234,0.043034914056465874,5688,0.0,0.787,0.0
u_47235,0.0,-1,0.0,,
u_47236,0.043034914056465874,5587,0.0,0.787,0.0
u_47237,0.0,-1,0.0,,
u_47238,0.0,-1,0.0,,
u_47239,0.047437139593157644,4673,0.0,0.867,0.0
u_47240,0.04205672188175803,168,0.0,0.787,0.0
u_47241,0.0,-1,0.0,,
u_47242,0.0,-1,0.0,,
u_47243,0.0,-1,0.0,,
u_47244,0.0,-1,0.0,,
u_47245,0.0,-1,0.0,,
u_47246,0.0,-1,0.0,,
u_47247,0.0,-1,0.0,,
u_47248,0.043034914056465874,4742,0.0,0.787,0.0
u_47249,0.0,-1,0.0,,
u_47250,0.043034914056465874,3468,0.0,0.787,0.0
u_47251,0.0,-1,0.0,,
u_47252,0.043034914056465874,4483,0.0,0.787,0.0
u_47253,0.0,-1,0.0,,
u_47254,0.0,-1,0.0,,
u_47255,0.0,-1,0.0,,
u_47256,0.0,-1,0.0,,
u_47257,0.03988800731614731,2513,0.0,0.787,0.0
u_47258,0.0,-1,0.0,,
u_47259,0.0,-1,0.0,,
u_47260,0.043034914056465874,5574,0.0,0.787,0.0
u_47261,0.043034914056465874,5829,0.0,0.787,0.0
u_47262,0.043034914056465874,5714,0.0,0.787,0.0
u_47263,0.0035719042953685433,1686,0.0,0.035,0.0
u_47264,0.0,-1,0.0,,
u_47265,0.00433923961932908,1570,0.0,0.081,0.0
u_47266,0.0026123429630049103,3237,0.0,0.048,0.0
u_47267,0.039887753148579716,4462,0.0,0.787,0.0
u_47268,0.040098134915989216,161,0.0,0.787,0.0
u_47269,0.04356724664078088,2984,0.0,0.787,0.0
u_47270,0.0,-1,0.0,,
u_47271,0.0,-1,0.0,,
u_47272,0.0,-1,0.0,,
u_47273,0.0,-1,0.0,,
u_47274,0.0,-1,0.0,,
u_47275,0.039889348412113904,2102,0.0,0.787,0.0
u_47276,0.0,-1,0.0,,
u_47277,0.0,-1,0.0,,
u_47278,0.0,-1,0.0,,
u_47279,0.00026441557103334246,1802,0.0,0.005,0.0
u_47280,0.0,-1,0.0,,
u_47281,0.0,-1,0.0,,
u_47282,0.0,-1,0.0,,
u_47283,0.0,-1,0.0,,
u_47284,8.139154262474675e-05,64,0.0,0.001,0.0
u_47285,0.0,-1,0.0,,
u_47286,0.0,-1,0.0,,
u_47287,0.0,-1,0.0,,
u_47288,0.06772266153474614,2102,0.0,0.633,0.0
u_47289,0.0,-1,0.0,,
u_47290,0.0,-1,0.0,,
u_47291,0.0,-1,0.0,,
u_47292,0.0,-1,0.0,,
u_47293,0.0,-1,0.0,,
u_47294,0.03988820671575878,2488,0.0,0.787,0.0
u_47295,0.0,-1,0.0,,
u_47296,0.0,-1,0.0,,
u_47297,0.043034914056465874,5556,0.0,0.787,0.0
u_47298,0.0,-1,0.0,,
u_47299,0.0,-1,0.0,,
u_47300,0.0405727974037386,2244,0.0,0.787,0.0
u_47301,0.043034914056465874,4695,0.0,0.787,0.0
u_47302,0.0,-1,0.0,,
u_47303,0.0,-1,0.0,,
u_47304,0.0,-1,0.0,,
u_47305,0.0,-1,0.0,,
u_47306,0.0,-1,0.0,,
u_47307,0.0,-1,0.0,,
u_47308,0.03988905318339562,2390,0.0,0.787,0.0
u_47309,0.0,-1,0.0,,
u_47310,0.0,-1,0.0,,
u_47311,0.0,-1,0.0,,
u_47312,0.0,-1,0.0,,
u_47313,0.0,-1,0.0,,
u_47314,0.0,-1,0.0,,
u_47315,0.0,-1,0.0,,
u_47316,0.04437243447888941,192,0.0,0.787,0.0
u_47317,0.0,-1,0.0,,
u_47318,0.039890187471866144,3781,0.0,0.787,0.0
u_47319,0.0,-1,0.0,,
u_47320,0.0,-1,0.0,,
u_47321,0.0,-1,0.0,,
u_47322,0.0,-1,0.0,,
u_47323,0.0,-1,0.0,,
u_47324,0.0,-1,0.0,,
u_47325,4.4861118156601585e-05,133,0.0,0.001,0.0
u_47326,0.0,-1,0.0,,
u_47327,0.0,-1,0.0,,
u_47328,0.0,-1,0.0,,
u_47329,0.04067749997300108,389,0.0,0.787,0.0
u_47330,0.0,-1,0.0,,
u_47331,0.0,-1,0.0,,
u_47332,0.0,-1,0.0,,
u_47333,0.0,-1,0.0,,
u_47334,0.0,-1,0.0,,
u_47335,0.0,-1,0.0,,
u_47336,0.0,-1,0.0,,
u_47337,0.043034914056465874,2540,0.0,0.787,0.0
u_47338,0.04193549859438446,68,0.0,0.767,0.0
u_47339,0.0,-1,0.0,,
u_47340,0.041664546048682284,2230,0.0,0.787,0.0
u_47341,0.043034914056465874,4831,0.0,0.787,0.0
u_47342,0.0,-1,0.0,,
u_47343,0.0,-1,0.0,,
u_47344,0.0,-1,0.0,,
u_47345,0.0,-1,0.0,,
u_47346,0.0,-1,0.0,,
u_47347,0.0,-1,0.0,,
u_47348,0.043034914056465874,5770,0.0,0.787,0.0
u_47349,0.0,-1,0.0,,
u_47350,0.0,-1,0.0,,
u_47351,0.0,-1,0.0,,
u_47352,0.0,-1,0.0,,
u_47353,0.0,-1,0.0,,
u_47354,0.0,-1,0.0,,
u_47355,0.0,-1,0.0,,
u_47356,0.0,-1,0.0,,
u_47357,0.0,-1,0.0,,
u_47358,0.0,-1,0.0,,
u_47359,0.043034914056465874,2903,0.0,0.787,0.0
u_47360,0.013708727058499941,75,0.0,0.26,0.0
u_47361,0.0,-1,0.0,,
u_47362,0.0,-1,0.0,,
u_47363,0.0,-1,0.0,,
u_47364,0.0,-1,0.0,,
u_47365,0.043401621011822954,1698,0.0,0.787,0.0
u_47366,0.009420263866180379,904,0.0,0.168,0.0
u_47367,0.0,-1,0.0,,
u_47368,0.0,-1,0.0,,
u_47369,0.0,-1,0.0,,
u_47370,0.00451439434230787,3559,0.0,0.083,0.0
u_47371,0.0,-1,0.0,,
u_47372,0.0,-1,0.0,,
u_47373,0.0,-1,0.0,,
u_47374,0.043034914056465874,5651,0.0,0.787,0.0
u_47375,0.0,-1,0.0,,
u_47376,0.0,-1,0.0,,
u_47377,0.0,-1,0.0,,
u_47378,0.04278466747439521,132,0.0,0.787,0.0
u_47379,0.043034914056465874,5090,0.0,0.787,0.0
u_47380,0.0,-1,0.0,,
u_47381,0.0,-1,0.0,,
u_47382,0.004633253283576138,3578,0.0,0.085,0.0
u_47383,0.0,-1,0.0,,
u_47384,0.0,-1,0.0,,
u_47385,0.0,-1,0.0,,
u_47386,0.0,-1,0.0,,
u_47387,0.0,-1,0.0,,
u_47388,0.0,-1,0.0,,
u_47389,0.0,-1,0.0,,
u_47390,0.0,-1,0.0,,
u_47391,0.0,-1,0.0,,
u_47392,0.043034914056465874,5590,0.0,0.787,0.0
u_47393,0.0,-1,0.0,,
u_47394,0.0,-1,0.0,,
u_47395,0.0,-1,0.0,,
u_47396,0.0,-1,0.0,,
u_47397,0.0,-1,0.0,,
u_47398,0.0,-1,0.0,,
u_47399,0.0,-1,0.0,,
u_47400,0.0,-1,0.0,,
u_47401,0.0,-1,0.0,,
u_47402,0.0,-1,0.0,,
u_47403,0.0,-1,0.0,,
u_47404,0.0,-1,0.0,,
u_47405,0.0,-1,0.0,,
u_47406,0.0,-1,0.0,,
u_47407,0.0,-1,0.0,,
u_47408,0.0,-1,0.0,,
u_47409,0.0,-1,0.0,,
u_47410,0.041568817113518494,1141,0.0,0.787,0.0
u_47411,0.0,-1,0.0,,
u_47412,0.0,-1,0.0,,
u_47413,0.0,-1,0.0,,
u_47414,0.043034914056465874,5725,0.0,0.787,0.0
u_47415,0.0,-1,0.0,,
u_47416,6.709596677669942e-05,607,0.0,0.001,0.0
u_47417,0.0,-1,0.0,,
u_47418,0.0,-1,0.0,,
u_47419,0.007080107838602266,2338,0.0,0.044,0.0
u_47420,0.0,-1,0.0,,
u_47421,0.0,-1,0.0,,
u_47422,0.0,-1,0.0,,
u_47423,0.0,-1,0.0,,
u_47424,0.0,-1,0.0,,
u_47425,0.039889043684061265,2338,0.0,0.787,0.0
u_47426,0.043034914056465874,5511,0.0,0.787,0.0
u_47427,0.0,-1,0.0,,
u_47428,0.0,-1,0.0,,
u_47429,0.0,-1,0.0,,
u_47430,0.0,-1,0.0,,
u_47431,0.0,-1,0.0,,
u_47432,0.043034914056465874,5803,0.0,0.787,0.0
u_47433,0.0,-1,0.0,,
u_47434,0.002002527103452776,641,0.0,0.019,0.0
u_47435,0.0,-1,0.0,,
u_47436,0.006947206646445727,3790,0.0,0.127,0.0
u_47437,0.0,-1,0.0,,
u_47438,0.0,-1,0.0,,
u_47439,0.0,-1,0.0,,
u_47440,0.04456608578009968,2396,0.0,0.787,0.0
u_47441,0.0,-1,0.0,,
u_47442,0.0,-1,0.0,,
u_47443,0.0,-1,0.0,,
u_47444,0.0,-1,0.0,,
u_47445,0.043034914056465874,5664,0.0,0.787,0.0
u_47446,0.043034914056465874,5451,0.0,0.787,0.0
u_47447,0.0,-1,0.0,,
u_47448,0.0,-1,0.0,,
u_47449,0.0,-1,0.0,,
u_47450,0.0,-1,0.0,,
u_47451,0.0,-1,0.0,,
u_47452,0.0,-1,0.0,,
u_47453,0.0,-1,0.0,,
u_47454,0.0,-1,0.0,,
u_47455,0.0,-1,0.0,,
u_47456,0.0,-1,0.0,,
u_47457,0.0,-1,0.0,,
u_47458,0.0,-1,0.0,,
u_47459,0.0,-1,0.0,,
u_47460,0.0,-1,0.0,,
u_47461,0.0,-1,0.0,,
u_47462,0.0,-1,0.0,,
u_47463,0.0,-1,0.0,,
u_47464,0.0008245357151451158,547,0.0,0.008,0.0
u_47465,0.0,-1,0.0,,
u_47466,0.039887519972095595,1116,0.0,0.787,0.0
u_47467,0.0,-1,0.0,,
u_47468,0.0,-1,0.0,,
u_47469,0.04532509062332503,429,0.0,0.787,0.0
u_47470,0.0,-1,0.0,,
u_47471,0.0,-1,0.0,,
u_47472,0.0,-1,0.0,,
u_47473,0.043034914056465874,5645,0.0,0.787,0.0
u_47474,0.04254739687474548,3628,0.0,0.787,0.0
u_47475,0.0008360559530736376,533,0.0,0.008,0.0
u_47476,0.039889627863039914,2311,0.0,0.787,0.0
u_47477,0.006185708766808214,3713,0.0,0.112,0.0
u_47478,0.009248528988176439,2266,0.0,0.086,0.0
u_47479,0.0,-1,0.0,,
u_47480,0.0,-1,0.0,,
u_47481,0.04511275820472527,1621,0.0,0.787,0.0
u_47482,0.00016148257019500036,1429,0.0,0.003,0.0
u_47483,0.0,-1,0.0,,
u_47484,0.043034914056465874,3499,0.0,0.787,0.0
u_47485,0.0,-1,0.0,,
u_47486,0.0,-1,0.0,,
u_47487,0.0,-1,0.0,,
u_47488,0.0,-1,0.0,,
u_47489,0.0,-1,0.0,,
u_47490,0.04527672973272832,1738,0.0,0.787,0.0
u_47491,0.0,-1,0.0,,
u_47492,0.0,-1,0.0,,
u_47493,0.043034914056465874,2672,0.0,0.787,0.0
u_47494,0.0,-1,0.0,,
u_47495,0.0,-1,0.0,,
u_47496,0.0,-1,0.0,,
u_47497,0.0,-1,0.0,,
u_47498,0.0,-1,0.0,,
u_47499,0.0,-1,0.0,,
u_47500,0.0,-1,0.0,,
u_47501,0.0,-1,0.0,,
u_47502,0.0,-1,0.0,,
u_47503,0.043034914056465874,3819,0.0,0.787,0.0
u_47504,0.0,-1,0.0,,
u_47505,0.039898110891699506,3706,0.0,0.787,0.0
u_47506,0.0,-1,0.0,,
u_47507,0.043034914056465874,6356,0.0,0.787,0.0
u_47508,0.0,-1,0.0,,
u_47509,0.043034914056465874,4813,0.0,0.787,0.0
u_47510,0.0,-1,0.0,,
u_47511,0.043034914056465874,5466,0.0,0.787,0.0
u_47512,0.0,-1,0.0,,
u_47513,0.0,-1,0.0,,
u_47514,0.0,-1,0.0,,
u_47515,0.0,-1,0.0,,
u_47516,0.0,-1,0.0,,
u_47517,0.0,-1,0.0,,
u_47518,0.0,-1,0.0,,
u_47519,0.0,-1,0.0,,
u_47520,0.0,-1,0.0,,
u_47521,0.006255821753793828,3706,0.0,0.111,0.0
u_47522,0.0,-1,0.0,,
u_47523,0.0,-1,0.0,,
u_47524,0.0,-1,0.0,,
u_47525,0.00377004769130827,473,0.0,0.074,0.0
u_47526,0.0,-1,0.0,,
u_47527,0.043034914056465874,3536,0.0,0.787,0.0
u_47528,0.0,-1,0.0,,
u_47529,0.0,-1,0.0,,
u_47530,0.0,-1,0.0,,
u_47531,0.0,-1,0.0,,
u_47532,0.04271425935584774,168,0.0,0.787,0.0
u_47533,0.0,-1,0.0,,
u_47534,0.005666883063991302,3164,0.0,0.107,0.0
u_47535,0.0,-1,0.0,,
u_47536,0.0,-1,0.0,,
u_47537,0.0,-1,0.0,,
u_47538,0.0,-1,0.0,,
u_47539,0.0,-1,0.0,,
u_47540,0.04193035462892896,5477,0.0,0.787,0.0
u_47541,0.0015549324997406037,2969,0.0,0.028,0.0
u_47542,0.0,-1,0.0,,
u_47543,0.0,-1,0.0,,
u_47544,0.0,-1,0.0,,
u_47545,0.0,-1,0.0,,
u_47546,0.0,-1,0.0,,
u_47547,0.03988770637051904,297,0.0,0.787,0.0
u_47548,0.0,-1,0.0,,
u_47549,0.0,-1,0.0,,
u_47550,0.04051335253747624,89,0.0,0.787,0.0
u_47551,0.042130407716432006,5776,0.0,0.787,0.0
u_47552,0.00018393519325252036,1509,0.0,0.003,0.0
u_47553,0.0,-1,0.0,,
u_47554,0.0,-1,0.0,,
u_47555,0.0,-1,0.0,,
u_47556,0.0,-1,0.0,,
u_47557,0.0,-1,0.0,,
u_47558,0.043034914056465874,6047,0.0,0.787,0.0
u_47559,0.0,-1,0.0,,
u_47560,0.0,-1,0.0,,
u_47561,0.0,-1,0.0,,
u_47562,0.04143824067603522,1974,0.0,0.787,0.0
u_47563,0.0,-1,0.0,,
u_47564,0.0,-1,0.0,,
u_47565,0.0,-1,0.0,,
u_47566,0.0,-1,0.0,,
u_47567,0.043034914056465874,1717,0.0,0.787,0.0
u_47568,0.0,-1,0.0,,
u_47569,0.0,-1,0.0,,
u_47570,0.008370029055805663,3889,0.0,0.153,0.0
u_47571,0.0,-1,0.0,,
u_47572,0.00026442761027568824,1781,0.0,0.005,0.0
u_47573,0.0,-1,0.0,,
u_47574,0.0,-1,0.0,,
u_47575,0.0,-1,0.0,,
u_47576,0.0,-1,0.0,,
u_47577,0.0,-1,0.0,,
u_47578,0.0,-1,0.0,,
u_47579,0.0,-1,0.0,,
u_47580,0.0,-1,0.0,,
u_47581,0.0,-1,0.0,,
u_47582,0.0,-1,0.0,,
u_47583,0.0,-1,0.0,,
u_47584,0.0,-1,0.0,,
u_47585,0.0,-1,0.0,,
u_47586,0.0,-1,0.0,,
u_47587,0.043034914056465874,4257,0.0,0.787,0.0
u_47588,0.0,-1,0.0,,
u_47589,0.0,-1,0.0,,
u_47590,0.0,-1,0.0,,
u_47591,0.0,-1,0.0,,
u_47592,0.0,-1,0.0,,
u_47593,0.0,-1,0.0,,
u_47594,0.0,-1,0.0,,
u_47595,0.0,-1,0.0,,
u_47596,0.0,-1,0.0,,
u_47597,0.0,-1,0.0,,
u_47598,0.0,-1,0.0,,
u_47599,0.00820778281127788,3877,0.0,0.15,0.0
u_47600,0.0,-1,0.0,,
u_47601,0.0,-1,0.0,,
u_47602,0.043034914056465874,6363,0.0,0.787,0.0
u_47603,0.0,-1,0.0,,
u_47604,0.0,-1,0.0,,
u_47605,0.0,-1,0.0,,
u_47606,0.0,-1,0.0,,
u_47607,0.0,-1,0.0,,
u_47608,0.0,-1,0.0,,
u_47609,0.0,-1,0.0,,
u_47610,0.0,-1,0.0,,
u_47611,0.0,-1,0.0,,
u_47612,0.043034914056465874,4917,0.0,0.787,0.0
u_47613,0.0017149331187230644,1294,0.0,0.032,0.0
u_47614,0.0,-1,0.0,,
u_47615,8.126372346696056e-05,32,0.0,0.001,0.0
u_47616,0.0,-1,0.0,,
u_47617,5.048903150295603e-05,337,0.0,0.001,0.0
u_47618,0.0,-1,0.0,,
u_47619,0.0,-1,0.0,,
u_47620,0.039894241276239605,3498,0.0,0.787,0.0
u_47621,0.0,-1,0.0,,
u_47622,0.04027268739520805,2790,0.0,0.787,0.0
u_47623,0.0,-1,0.0,,
u_47624,0.0,-1,0.0,,
u_47625,0.03988734871184338,2058,0.0,0.787,0.0
u_47626,0.08368352875162975,26,0.0,0.787,0.0
u_47627,0.0,-1,0.0,,
u_47628,0.0,-1,0.0,,
u_47629,0.04437008131867537,814,0.0,0.787,0.0
u_47630,0.0,-1,0.0,,
u_47631,0.0,-1,0.0,,
u_47632,0.0,-1,0.0,,
u_47633,0.0,-1,0.0,,
u_47634,0.0,-1,0.0,,
u_47635,0.005370091159578253,3654,0.0,0.098,0.0
u_47636,0.0,-1,0.0,,
u_47637,0.043034914056465874,5715,0.0,0.787,0.0
u_47638,0.0,-1,0.0,,
u_47639,0.0,-1,0.0,,
u_47640,0.0,-1,0.0,,
u_47641,0.0,-1,0.0,,
u_47642,0.042130407716432006,5158,0.0,0.787,0.0
u_47643,0.0025650887143523807,89,0.0,0.05,0.0
u_47644,0.03988780080049702,2015,0.0,0.787,0.0
u_47645,0.0,-1,0.0,,
u_47646,0.043034914056465874,5056,0.0,0.787,0.0
u_47647,0.0,-1,0.0,,
u_47648,0.0,-1,0.0,,
u_47649,0.0,-1,0.0,,
u_47650,0.0,-1,0.0,,
u_47651,0.0,-1,0.0,,
u_47652,0.0,-1,0.0,,
u_47653,0.00047440187892965687,2195,0.0,0.009,0.0
u_47654,0.0,-1,0.0,,
u_47655,0.0,-1,0.0,,
u_47656,0.0,-1,0.0,,
u_47657,0.0,-1,0.0,,
u_47658,0.043034914056465874,5700,0.0,0.787,0.0
u_47659,0.043034914056465874,3330,0.0,0.787,0.0
u_47660,0.0,-1,0.0,,
u_47661,0.0,-1,0.0,,
u_47662,0.0,-1,0.0,,
u_47663,0.0,-1,0.0,,
u_47664,0.0,-1,0.0,,
u_47665,0.0,-1,0.0,,
u_47666,0.0430204370380105,1667,0.0,0.787,0.0
u_47667,0.0,-1,0.0,,
u_47668,0.0,-1,0.0,,
u_47669,0.0,-1,0.0,,
u_47670,0.03988743564427264,222,0.0,0.787,0.0
u_47671,0.0,-1,0.0,,
u_47672,0.0,-1,0.0,,
u_47673,0.0,-1,0.0,,
u_47674,0.0,-1,0.0,,
u_47675,0.0,-1,0.0,,
u_47676,0.029170812294448942,2761,0.0,0.283,0.0
u_47677,0.0,-1,0.0,,
u_47678,0.0,-1,0.0,,
u_47679,0.0,-1,0.0,,
u_47680,0.0,-1,0.0,,
u_47681,0.043034914056465874,6364,0.0,0.787,0.0
u_47682,0.0,-1,0.0,,
u_47683,0.0,-1,0.0,,
u_47684,0.0,-1,0.0,,
u_47685,0.0,-1,0.0,,
u_47686,0.0,-1,0.0,,
u_47687,0.0,-1,0.0,,
u_47688,0.0,-1,0.0,,
u_47689,0.0,-1,0.0,,
u_47690,0.0,-1,0.0,,
u_47691,0.0,-1,0.0,,
u_47692,0.0,-1,0.0,,
u_47693,0.0,-1,0.0,,
u_47694,0.043034914056465874,5799,0.0,0.787,0.0
u_47695,0.0,-1,0.0,,
u_47696,0.04176384282865136,33,0.0,0.787,0.0
u_47697,0.0,-1,0.0,,
u_47698,0.043034914056465874,5045,0.0,0.787,0.0
u_47699,0.043034914056465874,653,0.0,0.787,0.0
u_47700,0.0,-1,0.0,,
u_47701,0.043034914056465874,5729,0.0,0.787,0.0
u_47702,0.0004688785304664002,2184,0.0,0.009,0.0
u_47703,0.043034914056465874,5577,0.0,0.787,0.0
u_47704,0.08105720668544594,1272,0.0,0.787,0.0
u_47705,0.03988823486898903,89,0.0,0.787,0.0
u_47706,0.0,-1,0.0,,
u_47707,0.043034914056465874,3167,0.0,0.787,0.0
u_47708,7.765118134436841e-05,766,0.0,0.001,0.0
u_47709,0.0,-1,0.0,,
u_47710,0.0,-1,0.0,,
u_47711,0.043034914056465874,5358,0.0,0.787,0.0
u_47712,0.0,-1,0.0,,
u_47713,0.0,-1,0.0,,
u_47714,0.0019416746980189666,3067,0.0,0.035,0.0
u_47715,0.0,-1,0.0,,
u_47716,0.0,-1,0.0,,
u_47717,0.0,-1,0.0,,
u_47718,0.0,-1,0.0,,
u_47719,0.0014836840316353073,2937,0.0,0.027,0.0
u_47720,0.0,-1,0.0,,
u_47721,0.040187399105519724,222,0.0,0.787,0.0
u_47722,0.0,-1,0.0,,
u_47723,0.0,-1,0.0,,
u_47724,0.0,-1,0.0,,
u_47725,0.0,-1,0.0,,
u_47726,0.043034914056465874,5800,0.0,0.787,0.0
u_47727,0.043034914056465874,6310,0.0,0.787,0.0
u_47728,0.0,-1,0.0,,
u_47729,0.0,-1,0.0,,
u_47730,0.0,-1,0.0,,
u_47731,0.0,-1,0.0,,
u_47732,0.001514317131872277,1696,0.0,0.015,0.0
u_47733,0.1593870380782245,1723,0.0,0.787,0.0
u_47734,0.0,-1,0.0,,
u_47735,0.0,-1,0.0,,
u_47736,0.0,-1,0.0,,
u_47737,0.043034914056465874,5445,0.0,0.787,0.0
u_47738,0.043034914056465874,4835,0.0,0.787,0.0
u_47739,0.0072648184593291825,89,0.0,0.137,0.0
u_47740,0.0,-1,0.0,,
u_47741,0.043034914056465874,4310,0.0,0.787,0.0
u_47742,0.043034914056465874,5120,0.0,0.787,0.0
u_47743,0.00034663892991911716,1975,0.0,0.006,0.0
u_47744,0.0011933730352367998,2796,0.0,0.022,0.0
u_47745,0.00023949316618469826,1699,0.0,0.004,0.0
u_47746,0.0,-1,0.0,,
u_47747,0.0,-1,0.0,,
u_47748,0.00013955843016531184,1287,0.0,0.003,0.0
u_47749,0.0,-1,0.0,,
u_47750,0.0,-1,0.0,,
u_47751,0.08417531978986129,5183,0.0,0.787,0.0
u_47752,0.0,-1,0.0,,
u_47753,0.043034914056465874,4916,0.0,0.787,0.0
u_47754,0.0,-1,0.0,,
u_47755,0.043034914056465874,6364,0.0,0.787,0.0
u_47756,0.03989312445867041,2396,0.0,0.787,0.0
u_47757,0.0,-1,0.0,,
u_47758,0.00027192955746735984,1790,0.0,0.005,0.0
u_47759,0.043034914056465874,4553,0.0,0.787,0.0
u_47760,0.00402684798295223,3501,0.0,0.074,0.0
u_47761,0.043034914056465874,6019,0.0,0.787,0.0
u_47762,0.00943420116063907,3958,0.0,0.172,0.0
u_47763,0.0,-1,0.0,,
u_47764,0.0,-1,0.0,,
u_47765,0.0,-1,0.0,,
u_47766,0.0006271863359978914,2377,0.0,0.011,0.0
u_47767,0.0027309523103847366,3264,0.0,0.05,0.0
u_47768,0.0,-1,0.0,,
u_47769,0.015573158385975006,3860,0.0,0.146,0.0
u_47770,0.03988807683446549,3355,0.0,0.787,0.0
u_47771,0.0,-1,0.0,,
u_47772,0.0,-1,0.0,,
u_47773,0.0,-1,0.0,,
u_47774,0.04902057020382297,4692,0.0,0.896,0.0
u_47775,0.043034914056465874,6176,0.0,0.787,0.0
u_47776,0.0008943311256792489,2605,0.0,0.016,0.0
u_47777,0.043034914056465874,375,0.0,0.787,0.0
u_47778,0.043034914056465874,5185,0.0,0.787,0.0
u_47779,0.043034914056465874,5054,0.0,0.787,0.0
u_47780,0.043034914056465874,6359,0.0,0.787,0.0
u_47781,0.0,-1,0.0,,
u_47782,0.0,-1,0.0,,
u_47783,0.0,-1,0.0,,
u_47784,0.0,-1,0.0,,
u_47785,0.0008599250686820762,306,0.0,0.008,0.0
u_47786,0.0,-1,0.0,,
u_47787,0.0,-1,0.0,,
u_47788,0.0,-1,0.0,,
u_47789,0.0,-1,0.0,,
u_47790,0.0,-1,0.0,,
u_47791,0.0,-1,0.0,,
u_47792,0.0,-1,0.0,,
u_47793,0.043034914056465874,5635,0.0,0.787,0.0
u_47794,0.0,-1,0.0,,
u_47795,0.0,-1,0.0,,
u_47796,0.08146231893763203,513,0.0,0.787,0.0
u_47797,0.0,-1,0.0,,
u_47798,0.0,-1,0.0,,
u_47799,0.002218050279829131,3141,0.0,0.041,0.0
u_47800,0.0,-1,0.0,,
u_47801,0.043034914056465874,3784,0.0,0.787,0.0
u_47802,0.0,-1,0.0,,
u_47803,0.0,-1,0.0,,
u_47804,0.0,-1,0.0,,
u_47805,0.0,-1,0.0,,
u_47806,0.0,-1,0.0,,
u_47807,0.043034914056465874,3778,0.0,0.787,0.0
u_47808,0.00030406608680542366,1206,0.0,0.006,0.0
u_47809,0.04078494554952583,529,0.0,0.385,0.0
u_47810,0.0,-1,0.0,,
u_47811,0.0,-1,0.0,,
u_47812,0.0,-1,0.0,,
u_47813,0.0,-1,0.0,,
u_47814,0.0,-1,0.0,,
u_47815,0.04437206134713079,4488,0.0,0.787,0.0
u_47816,0.0,-1,0.0,,
u_47817,0.0,-1,0.0,,
u_47818,0.043513408560401104,2322,0.0,0.787,0.0
u_47819,0.0,-1,0.0,,
u_47820,0.0,-1,0.0,,
u_47821,0.0,-1,0.0,,
u_47822,0.0,-1,0.0,,
u_47823,0.0,-1,0.0,,
u_47824,0.03988749299153049,1403,0.0,0.787,0.0
u_47825,0.0,-1,0.0,,
u_47826,0.0,-1,0.0,,
u_47827,0.0,-1,0.0,,
u_47828,0.03989542610575485,1656,0.0,0.787,0.0
u_47829,0.0,-1,0.0,,
u_47830,0.043034914056465874,175,0.0,0.787,0.0
u_47831,0.0,-1,0.0,,
u_47832,0.0,-1,0.0,,
u_47833,0.0,-1,0.0,,
u_47834,0.08287154717365329,1647,0.0,0.787,0.0
u_47835,0.0,-1,0.0,,
u_47836,0.0,-1,0.0,,
u_47837,0.0,-1,0.0,,
u_47838,0.039887821980876856,1120,0.0,0.787,0.0
u_47839,0.0,-1,0.0,,
u_47840,0.0,-1,0.0,,
u_47841,0.0,-1,0.0,,
u_47842,0.0,-1,0.0,,
u_47843,0.043034914056465874,5758,0.0,0.787,0.0
u_47844,0.0,-1,0.0,,
u_47845,0.0,-1,0.0,,
u_47846,0.0,-1,0.0,,
u_47847,0.0,-1,0.0,,
u_47848,0.0,-1,0.0,,
u_47849,0.0,-1,0.0,,
u_47850,0.043034914056465874,5810,0.0,0.787,0.0
u_47851,0.0,-1,0.0,,
u_47852,0.0,-1,0.0,,
u_47853,0.042130407716432006,5781,0.0,0.787,0.0
u_47854,0.000330531784393097,1923,0.0,0.006,0.0
u_47855,0.0,-1,0.0,,
u_47856,0.0,-1,0.0,,
u_47857,0.0,-1,0.0,,
u_47858,0.0,-1,0.0,,
u_47859,0.043034914056465874,5150,0.0,0.787,0.0
u_47860,0.0,-1,0.0,,
u_47861,0.0,-1,0.0,,
u_47862,0.0,-1,0.0,,
u_47863,0.04155766533995095,104,0.0,0.787,0.0
u_47864,0.0,-1,0.0,,
u_47865,0.0,-1,0.0,,
u_47866,0.0,-1,0.0,,
u_47867,0.00010043226005801504,1022,0.0,0.002,0.0
u_47868,0.0011706855686339451,2782,0.0,0.021,0.0
u_47869,8.021493540081316e-05,40,0.0,0.001,0.0
u_47870,0.00021123115421557795,1612,0.0,0.004,0.0
u_47871,0.00013013354067009967,606,0.0,0.001,0.0
u_47872,0.0,-1,0.0,,
u_47873,0.04435827685797459,3782,0.0,0.787,0.0
u_47874,0.0,-1,0.0,,
u_47875,0.0,-1,0.0,,
u_47876,0.048759556450536666,4670,0.0,0.864,0.0
u_47877,0.0,-1,0.0,,
u_47878,0.0,-1,0.0,,
u_47879,0.043034914056465874,3870,0.0,0.787,0.0
u_47880,0.0,-1,0.0,,
u_47881,0.0,-1,0.0,,
u_47882,0.0,-1,0.0,,
u_47883,0.0,-1,0.0,,
u_47884,0.0,-1,0.0,,
u_47885,0.0,-1,0.0,,
u_47886,0.0,-1,0.0,,
u_47887,0.0,-1,0.0,,
u_47888,0.043034914056465874,6362,0.0,0.787,0.0
u_47889,0.12399257855565708,391,0.0,0.787,0.0
u_47890,0.0,-1,0.0,,
u_47891,0.05360737093450812,4475,0.0,0.952,0.0
u_47892,0.0,-1,0.0,,
u_47893,0.043034914056465874,5656,0.0,0.787,0.0
u_47894,0.0,-1,0.0,,
u_47895,0.0,-1,0.0,,
u_47896,0.0,-1,0.0,,
u_47897,0.0,-1,0.0,,
u_47898,0.0,-1,0.0,,
u_47899,0.0,-1,0.0,,
u_47900,0.15520350264013985,73,0.0,0.974,0.0
u_47901,0.0,-1,0.0,,
u_47902,0.0,-1,0.0,,
u_47903,0.0,-1,0.0,,
u_47904,0.0,-1,0.0,,
u_47905,0.0,-1,0.0,,
u_47906,0.0,-1,0.0,,
u_47907,0.0,-1,0.0,,
u_47908,0.04044395096486743,2839,0.0,0.787,0.0
u_47909,0.043034914056465874,2782,0.0,0.787,0.0
u_47910,0.0,-1,0.0,,
u_47911,0.0,-1,0.0,,
u_47912,0.0,-1,0.0,,
u_47913,0.0,-1,0.0,,
u_47914,0.0,-1,0.0,,
u_47915,0.042800686480836646,1109,0.0,0.787,0.0
u_47916,0.0,-1,0.0,,
u_47917,0.0,-1,0.0,,
u_47918,0.0,-1,0.0,,
u_47919,0.0,-1,0.0,,
u_47920,0.0,-1,0.0,,
u_47921,0.0,-1,0.0,,
u_47922,0.017499668652025308,4216,0.0,0.32,0.0
u_47923,0.0,-1,0.0,,
u_47924,0.0,-1,0.0,,
u_47925,0.0,-1,0.0,,
u_47926,0.0,-1,0.0,,
u_47927,0.0006127741161474424,274,0.0,0.011,0.0
u_47928,0.043034914056465874,3160,0.0,0.787,0.0
u_47929,0.0,-1,0.0,,
u_47930,0.0,-1,0.0,,
u_47931,0.0,-1,0.0,,
u_47932,0.0,-1,0.0,,
u_47933,0.0,-1,0.0,,
u_47934,0.0,-1,0.0,,
u_47935,0.0,-1,0.0,,
u_47936,0.0,-1,0.0,,
u_47937,0.0,-1,0.0,,
u_47938,0.0,-1,0.0,,
u_47939,0.0,-1,0.0,,
u_47940,0.0,-1,0.0,,
u_47941,0.0,-1,0.0,,
u_47942,0.043034914056465874,4422,0.0,0.787,0.0
u_47943,0.0,-1,0.0,,
u_47944,0.0,-1,0.0,,
u_47945,0.0,-1,0.0,,
u_47946,0.04754736081502414,4675,0.0,0.869,0.0
u_47947,0.0,-1,0.0,,
u_47948,0.043034914056465874,3175,0.0,0.787,0.0
u_47949,0.0,-1,0.0,,
u_47950,0.0,-1,0.0,,
u_47951,0.0,-1,0.0,,
u_47952,0.0,-1,0.0,,
u_47953,0.014296175212848032,3282,0.0,0.068,0.0
u_47954,0.0,-1,0.0,,
u_47955,0.0,-1,0.0,,
u_47956,0.0,-1,0.0,,
u_47957,0.0,-1,0.0,,
u_47958,0.0,-1,0.0,,
u_47959,0.0,-1,0.0,,
u_47960,0.0,-1,0.0,,
u_47961,0.0,-1,0.0,,
u_47962,0.0,-1,0.0,,
u_47963,0.0,-1,0.0,,
u_47964,0.002805653923210955,2916,0.0,0.026,0.0
u_47965,0.043034914056465874,5791,0.0,0.787,0.0
u_47966,0.0,-1,0.0,,
u_47967,0.0,-1,0.0,,
u_47968,0.0,-1,0.0,,
u_47969,0.04303536720435456,2071,0.0,0.787,0.0
u_47970,0.0,-1,0.0,,
u_47971,0.0,-1,0.0,,
u_47972,0.043034914056465874,6350,0.0,0.787,0.0
u_47973,0.0796356975126153,3118,0.0,0.787,0.0
u_47974,0.0,-1,0.0,,
u_47975,0.0,-1,0.0,,
u_47976,7.046970747905515e-05,663,0.0,0.001,0.0
u_47977,0.0,-1,0.0,,
u_47978,0.0,-1,0.0,,
u_47979,0.043034914056465874,6311,0.0,0.787,0.0
u_47980,0.0,-1,0.0,,
u_47981,0.0,-1,0.0,,
u_47982,0.04030169979662462,222,0.0,0.787,0.0
u_47983,0.043034914056465874,5300,0.0,0.787,0.0
u_47984,0.0,-1,0.0,,
u_47985,0.0005878029760042609,1570,0.0,0.011,0.0
u_47986,0.044998089412582244,2819,0.0,0.787,0.0
u_47987,0.0,-1,0.0,,
u_47988,0.0,-1,0.0,,
u_47989,0.039891418220417876,4357,0.0,0.787,0.0
u_47990,0.043462302519746435,1449,0.0,0.787,0.0
u_47991,0.0,-1,0.0,,
u_47992,0.00047760323547546703,321,0.0,0.005,0.0
u_47993,0.0,-1,0.0,,
u_47994,0.0,-1,0.0,,
u_47995,0.0,-1,0.0,,
u_47996,0.0,-1,0.0,,
u_47997,0.03989253829751507,1089,0.0,0.787,0.0
u_47998,0.0,-1,0.0,,
u_47999,0.0,-1,0.0,,
u_48000,0.043034914056465874,2554,0.0,0.787,0.0
u_48001,0.043034914056465874,2654,0.0,0.787,0.0
u_48002,0.0,-1,0.0,,
u_48003,0.0,-1,0.0,,
u_48004,0.043034914056465874,3451,0.0,0.787,0.0
u_48005,0.0,-1,0.0,,
u_48006,0.0,-1,0.0,,
u_48007,0.0,-1,0.0,,
u_48008,0.04512449643759857,3012,0.0,0.787,0.0
u_48009,0.0,-1,0.0,,
u_48010,0.0,-1,0.0,,
u_48011,0.0,-1,0.0,,
u_48012,0.0,-1,0.0,,
u_48013,0.0,-1,0.0,,
u_48014,0.0,-1,0.0,,
u_48015,0.0,-1,0.0,,
u_48016,0.0,-1,0.0,,
u_48017,0.0,-1,0.0,,
u_48018,0.043034914056465874,5940,0.0,0.787,0.0
u_48019,0.007586782387588471,3836,0.0,0.139,0.0
u_48020,0.0,-1,0.0,,
u_48021,0.0,-1,0.0,,
u_48022,0.0,-1,0.0,,
u_48023,0.0,-1,0.0,,
u_48024,0.043034914056465874,5844,0.0,0.787,0.0
u_48025,0.0,-1,0.0,,
u_48026,0.0,-1,0.0,,
u_48027,0.00011294097222841193,1119,0.0,0.002,0.0
u_48028,0.0,-1,0.0,,
u_48029,0.0,-1,0.0,,
u_48030,0.0,-1,0.0,,
u_48031,0.0,-1,0.0,,
u_48032,0.06405836675315696,829,0.0,0.604,0.0
u_48033,0.0,-1,0.0,,
u_48034,0.0,-1,0.0,,
u_48035,0.0,-1,0.0,,
u_48036,0.0,-1,0.0,,
u_48037,0.0,-1,0.0,,
u_48038,0.0,-1,0.0,,
u_48039,0.0,-1,0.0,,
u_48040,0.0,-1,0.0,,
u_48041,0.08375195445353033,1849,0.0,0.787,0.0
u_48042,0.0,-1,0.0,,
u_48043,0.0,-1,0.0,,
u_48044,0.0,-1,0.0,,
u_48045,0.0,-1,0.0,,
u_48046,0.0,-1,0.0,,
u_48047,0.0,-1,0.0,,
u_48048,0.0,-1,0.0,,
u_48049,0.0,-1,0.0,,
u_48050,0.0,-1,0.0,,
u_48051,0.0,-1,0.0,,
u_48052,0.0011747604053014193,557,0.0,0.022,0.0
u_48053,0.0,-1,0.0,,
u_48054,0.0,-1,0.0,,
u_48055,0.0,-1,0.0,,
u_48056,0.0,-1,0.0,,
u_48057,0.0,-1,0.0,,
u_48058,0.0,-1,0.0,,
u_48059,0.0,-1,0.0,,
u_48060,0.0,-1,0.0,,
u_48061,0.03989259673933446,4369,0.0,0.787,0.0
u_48062,0.0,-1,0.0,,
u_48063,0.0,-1,0.0,,
u_48064,0.043034914056465874,885,0.0,0.787,0.0
u_48065,0.0,-1,0.0,,
u_48066,0.0,-1,0.0,,
u_48067,0.01092868294943675,4025,0.0,0.2,0.0
u_48068,0.0,-1,0.0,,
u_48069,0.0,-1,0.0,,
u_48070,0.0,-1,0.0,,
u_48071,0.043034914056465874,1279,0.0,0.787,0.0
u_48072,5.2016167203033745e-05,315,0.0,0.001,0.0
u_48073,0.0,-1,0.0,,
u_48074,0.043034914056465874,4496,0.0,0.787,0.0
u_48075,0.00017447587808944878,913,0.0,0.002,0.0
u_48076,0.043716095605189374,704,0.0,0.787,0.0
u_48077,0.03989712668953433,1634,0.0,0.787,0.0
u_48078,0.00011394043179720694,278,0.0,0.001,0.0
u_48079,0.0,-1,0.0,,
u_48080,0.0,-1,0.0,,
u_48081,0.0,-1,0.0,,
u_48082,0.07963092798803667,295,0.0,0.787,0.0
u_48083,0.043034914056465874,5076,0.0,0.787,0.0
u_48084,0.043034914056465874,48,0.0,0.787,0.0
u_48085,0.0,-1,0.0,,
u_48086,0.0,-1,0.0,,
u_48087,0.043034914056465874,947,0.0,0.787,0.0
u_48088,0.0,-1,0.0,,
u_48089,0.0,-1,0.0,,
u_48090,0.0,-1,0.0,,
u_48091,0.0,-1,0.0,,
u_48092,0.043034914056465874,4598,0.0,0.787,0.0
u_48093,0.07922086425785012,4004,0.0,0.787,0.0
u_48094,0.0,-1,0.0,,
u_48095,0.0,-1,0.0,,
u_48096,0.0,-1,0.0,,
u_48097,0.0,-1,0.0,,
u_48098,0.0,-1,0.0,,
u_48099,0.0,-1,0.0,,
u_48100,0.0,-1,0.0,,
u_48101,0.03989103415841738,1636,0.0,0.787,0.0
u_48102,0.0,-1,0.0,,
u_48103,0.0,-1,0.0,,
u_48104,0.0,-1,0.0,,
u_48105,0.0,-1,0.0,,
u_48106,0.0,-1,0.0,,
u_48107,0.0006258713740863488,1903,0.0,0.006,0.0
u_48108,0.0,-1,0.0,,
u_48109,0.0,-1,0.0,,
u_48110,0.0,-1,0.0,,
u_48111,0.0,-1,0.0,,
u_48112,0.0,-1,0.0,,
u_48113,0.0,-1,0.0,,
u_48114,0.0,-1,0.0,,
u_48115,0.0,-1,0.0,,
u_48116,0.043034914056465874,5705,0.0,0.787,0.0
u_48117,0.042592471768023714,77,0.0,0.833,0.0
u_48118,0.043034914056465874,5811,0.0,0.787,0.0
u_48119,0.0,-1,0.0,,
u_48120,0.04241370365547268,846,0.0,0.787,0.0
u_48121,0.0009509214616605415,2644,0.0,0.017,0.0
u_48122,0.0,-1,0.0,,
u_48123,0.0,-1,0.0,,
u_48124,0.0,-1,0.0,,
u_48125,0.043034914056465874,3243,0.0,0.787,0.0
u_48126,0.018489978374296587,61,0.0,0.182,0.0
u_48127,0.0,-1,0.0,,
u_48128,0.0,-1,0.0,,
u_48129,0.0,-1,0.0,,
u_48130,0.0,-1,0.0,,
u_48131,0.0,-1,0.0,,
u_48132,0.0,-1,0.0,,
u_48133,0.043034914056465874,1692,0.0,0.787,0.0
u_48134,0.04081858620352914,1220,0.0,0.787,0.0
u_48135,0.0,-1,0.0,,
u_48136,0.0,-1,0.0,,
u_48137,0.043034914056465874,5334,0.0,0.787,0.0
u_48138,0.0,-1,0.0,,
u_48139,0.08417531978986129,4919,0.0,0.787,0.0
u_48140,0.0,-1,0.0,,
u_48141,5.108225453940787e-05,272,0.0,0.001,0.0
u_48142,0.0,-1,0.0,,
u_48143,0.0,-1,0.0,,
u_48144,0.0,-1,0.0,,
u_48145,0.0,-1,0.0,,
u_48146,0.0,-1,0.0,,
u_48147,0.043034914056465874,5793,0.0,0.787,0.0
u_48148,0.0,-1,0.0,,
u_48149,0.0,-1,0.0,,
u_48150,0.00016610101741597395,1442,0.0,0.003,0.0
u_48151,0.0,-1,0.0,,
u_48152,0.0,-1,0.0,,
u_48153,0.019429713582269154,4269,0.0,0.355,0.0
u_48154,0.0,-1,0.0,,
u_48155,0.0,-1,0.0,,
u_48156,0.042509905397589406,3205,0.0,0.787,0.0
u_48157,0.0,-1,0.0,,
u_48158,0.0,-1,0.0,,
u_48159,0.0,-1,0.0,,
u_48160,0.0,-1,0.0,,
u_48161,0.0,-1,0.0,,
u_48162,0.04275434935872913,2874,0.0,0.787,0.0
u_48163,0.0,-1,0.0,,
u_48164,0.0,-1,0.0,,
u_48165,0.0,-1,0.0,,
u_48166,0.04011317634997333,333,0.0,0.787,0.0
u_48167,0.0,-1,0.0,,
u_48168,0.0,-1,0.0,,
u_48169,0.043034914056465874,5192,0.0,0.787,0.0
u_48170,0.0,-1,0.0,,
u_48171,0.0,-1,0.0,,
u_48172,0.0,-1,0.0,,
u_48173,0.039888235421818054,547,0.0,0.787,0.0
u_48174,0.0,-1,0.0,,
u_48175,0.0,-1,0.0,,
u_48176,0.0,-1,0.0,,
u_48177,0.0,-1,0.0,,
u_48178,0.0,-1,0.0,,
u_48179,0.043034914056465874,4317,0.0,0.787,0.0
u_48180,0.0,-1,0.0,,
u_48181,0.0,-1,0.0,,
u_48182,0.0,-1,0.0,,
u_48183,0.0,-1,0.0,,
u_48184,0.0,-1,0.0,,
u_48185,0.0,-1,0.0,,
u_48186,0.04042561477458309,1471,0.0,0.787,0.0
u_48187,0.0,-1,0.0,,
u_48188,0.0,-1,0.0,,
u_48189,0.0,-1,0.0,,
u_48190,0.0,-1,0.0,,
u_48191,0.0,-1,0.0,,
u_48192,0.0,-1,0.0,,
u_48193,0.0,-1,0.0,,
u_48194,0.0,-1,0.0,,
u_48195,0.0,-1,0.0,,
u_48196,0.039887947245059986,826,0.0,0.787,0.0
u_48197,0.0,-1,0.0,,
u_48198,0.0,-1,0.0,,
u_48199,0.043034914056465874,5883,0.0,0.787,0.0
u_48200,0.0,-1,0.0,,
u_48201,0.03988868541760264,74,0.0,0.787,0.0
u_48202,0.0,-1,0.0,,
u_48203,0.0,-1,0.0,,
u_48204,0.0,-1,0.0,,
u_48205,0.0,-1,0.0,,
u_48206,0.0,-1,0.0,,
u_48207,0.043034914056465874,1523,0.0,0.787,0.0
u_48208,0.0,-1,0.0,,
u_48209,0.0,-1,0.0,,
u_48210,0.0,-1,0.0,,
u_48211,0.08417531978986129,3676,0.0,0.787,0.0
u_48212,0.0,-1,0.0,,
u_48213,0.03989087461673464,1750,0.0,0.787,0.0
u_48214,0.0,-1,0.0,,
u_48215,0.0009598710208566929,2676,0.0,0.018,0.0
u_48216,0.0,-1,0.0,,
u_48217,0.0,-1,0.0,,
u_48218,0.0,-1,0.0,,
u_48219,0.0,-1,0.0,,
u_48220,0.0,-1,0.0,,
u_48221,0.0,-1,0.0,,
u_48222,0.0,-1,0.0,,
u_48223,0.04255000064597664,846,0.0,0.787,0.0
u_48224,0.0,-1,0.0,,
u_48225,0.0031473519231125084,1107,0.0,0.059,0.0
u_48226,0.0,-1,0.0,,
u_48227,0.0,-1,0.0,,
u_48228,0.0,-1,0.0,,
u_48229,0.0,-1,0.0,,
u_48230,0.0,-1,0.0,,
u_48231,0.043034914056465874,3506,0.0,0.787,0.0
u_48232,0.043034914056465874,5452,0.0,0.787,0.0
u_48233,0.00021523671303008314,494,0.0,0.004,0.0
u_48234,0.0,-1,0.0,,
u_48235,0.008696444233830768,162,0.0,0.168,0.0
u_48236,0.043034914056465874,5795,0.0,0.787,0.0
u_48237,0.04437302363386144,2990,0.0,0.787,0.0
u_48238,0.0,-1,0.0,,
u_48239,0.0,-1,0.0,,
u_48240,0.0,-1,0.0,,
u_48241,0.0,-1,0.0,,
u_48242,0.039888536286527054,4159,0.0,0.787,0.0
u_48243,0.0002112783450784027,714,0.0,0.001,0.0
u_48244,0.0,-1,0.0,,
u_48245,0.042334838313847004,2314,0.0,0.787,0.0
u_48246,0.039888447536652646,629,0.0,0.787,0.0
u_48247,0.0,-1,0.0,,
u_48248,9.159796377552911e-05,118,0.0,0.002,0.0
u_48249,0.0,-1,0.0,,
u_48250,0.0,-1,0.0,,
u_48251,0.04061248776091927,460,0.0,0.787,0.0
u_48252,0.043034914056465874,4016,0.0,0.787,0.0
u_48253,0.0,-1,0.0,,
u_48254,0.0,-1,0.0,,
u_48255,0.0,-1,0.0,,
u_48256,0.000636483403171463,2391,0.0,0.012,0.0
u_48257,0.0,-1,0.0,,
u_48258,0.04049224289423522,2279,0.0,0.787,0.0
u_48259,0.0,-1,0.0,,
u_48260,0.0,-1,0.0,,
u_48261,0.0,-1,0.0,,
u_48262,0.0,-1,0.0,,
u_48263,0.0,-1,0.0,,
u_48264,0.0405367611759869,725,0.0,0.787,0.0
u_48265,0.0,-1,0.0,,
u_48266,0.0,-1,0.0,,
u_48267,0.043034914056465874,5935,0.0,0.787,0.0
u_48268,0.043275180487516725,1130,0.0,0.787,0.0
u_48269,0.0,-1,0.0,,
u_48270,0.0,-1,0.0,,
u_48271,0.043034914056465874,6333,0.0,0.787,0.0
u_48272,0.0,-1,0.0,,
u_48273,0.0,-1,0.0,,
u_48274,0.0,-1,0.0,,
u_48275,0.043034914056465874,5153,0.0,0.787,0.0
u_48276,0.0,-1,0.0,,
u_48277,0.0,-1,0.0,,
u_48278,0.0,-1,0.0,,
u_48279,0.0006704259505166051,176,0.0,0.012,0.0
u_48280,0.0,-1,0.0,,
u_48281,0.0,-1,0.0,,
u_48282,0.0,-1,0.0,,
u_48283,0.0,-1,0.0,,
u_48284,0.0,-1,0.0,,
u_48285,0.0,-1,0.0,,
u_48286,0.0,-1,0.0,,
u_48287,0.0,-1,0.0,,
u_48288,0.0,-1,0.0,,
u_48289,0.0,-1,0.0,,
u_48290,0.0,-1,0.0,,
u_48291,0.0,-1,0.0,,
u_48292,0.0,-1,0.0,,
u_48293,0.0,-1,0.0,,
u_48294,0.0,-1,0.0,,
u_48295,0.0,-1,0.0,,
u_48296,0.0,-1,0.0,,
u_48297,0.0,-1,0.0,,
u_48298,0.0,-1,0.0,,
u_48299,0.03988867416878569,4070,0.0,0.787,0.0
u_48300,0.043034914056465874,6007,0.0,0.787,0.0
u_48301,0.007858434382455178,3852,0.0,0.144,0.0
u_48302,0.0,-1,0.0,,
u_48303,0.0,-1,0.0,,
u_48304,0.0,-1,0.0,,
u_48305,0.0,-1,0.0,,
u_48306,0.0,-1,0.0,,
u_48307,0.043034914056465874,6355,0.0,0.787,0.0
u_48308,0.0,-1,0.0,,
u_48309,4.19784222281726e-05,44,0.0,0.001,0.0
u_48310,0.0,-1,0.0,,
u_48311,0.0,-1,0.0,,
u_48312,0.0,-1,0.0,,
u_48313,0.0,-1,0.0,,
u_48314,0.0,-1,0.0,,
u_48315,0.0,-1,0.0,,
u_48316,0.0,-1,0.0,,
u_48317,0.0,-1,0.0,,
u_48318,0.0,-1,0.0,,
u_48319,0.043034914056465874,2826,0.0,0.787,0.0
u_48320,0.0,-1,0.0,,
u_48321,0.0,-1,0.0,,
u_48322,0.0,-1,0.0,,
u_48323,0.0,-1,0.0,,
u_48324,0.0,-1,0.0,,
u_48325,0.043034914056465874,6357,0.0,0.787,0.0
u_48326,0.0,-1,0.0,,
u_48327,0.08027363018338221,200,0.0,0.787,0.0
u_48328,0.043034914056465874,4504,0.0,0.787,0.0
u_48329,0.007903576382190905,49,0.0,0.077,0.0
u_48330,6.727804273684138e-05,162,0.0,0.001,0.0
u_48331,0.0,-1,0.0,,
u_48332,0.043034914056465874,1124,0.0,0.787,0.0
u_48333,0.00036168865789518075,2011,0.0,0.007,0.0
u_48334,0.0,-1,0.0,,
u_48335,0.0,-1,0.0,,
u_48336,0.0,-1,0.0,,
u_48337,0.0,-1,0.0,,
u_48338,0.0,-1,0.0,,
u_48339,0.0,-1,0.0,,
u_48340,0.0,-1,0.0,,
u_48341,0.0,-1,0.0,,
u_48342,0.0,-1,0.0,,
u_48343,0.0,-1,0.0,,
u_48344,0.0,-1,0.0,,
u_48345,0.0,-1,0.0,,
u_48346,0.00017296372910354129,900,0.0,0.002,0.0
u_48347,0.0,-1,0.0,,
u_48348,0.0,-1,0.0,,
u_48349,0.043034914056465874,4373,0.0,0.787,0.0
u_48350,0.0,-1,0.0,,
u_48351,0.0012220604299691981,89,0.0,0.012,0.0
u_48352,0.0,-1,0.0,,
u_48353,0.043034914056465874,5578,0.0,0.787,0.0
u_48354,0.0002298869662765044,1155,0.0,0.002,0.0
u_48355,0.03988859414864376,3641,0.0,0.787,0.0
u_48356,0.0,-1,0.0,,
u_48357,0.0,-1,0.0,,
u_48358,0.043034914056465874,2700,0.0,0.787,0.0
u_48359,0.0,-1,0.0,,
u_48360,0.0,-1,0.0,,
u_48361,0.0,-1,0.0,,
u_48362,0.0,-1,0.0,,
u_48363,0.0,-1,0.0,,
u_48364,0.0,-1,0.0,,
u_48365,0.0,-1,0.0,,
u_48366,0.03988743284236697,1349,0.0,0.787,0.0
u_48367,0.0003554997100455356,1498,0.0,0.003,0.0
u_48368,0.0,-1,0.0,,
u_48369,0.0,-1,0.0,,
u_48370,0.00021862479314042215,1643,0.0,0.004,0.0
u_48371,0.0,-1,0.0,,
u_48372,0.0,-1,0.0,,
u_48373,0.0,-1,0.0,,
u_48374,0.043034914056465874,6319,0.0,0.787,0.0
u_48375,0.0,-1,0.0,,
u_48376,0.0,-1,0.0,,
u_48377,0.0,-1,0.0,,
u_48378,0.0,-1,0.0,,
u_48379,0.0,-1,0.0,,
u_48380,0.0,-1,0.0,,
u_48381,0.043034914056465874,2335,0.0,0.787,0.0
u_48382,0.03988873002791253,421,0.0,0.787,0.0
u_48383,0.0,-1,0.0,,
u_48384,0.0,-1,0.0,,
u_48385,0.0,-1,0.0,,
u_48386,0.0,-1,0.0,,
u_48387,0.0,-1,0.0,,
u_48388,0.00033712203473107156,358,0.0,0.007,0.0
u_48389,0.0,-1,0.0,,
u_48390,0.0,-1,0.0,,
u_48391,0.039887897128340684,472,0.0,0.787,0.0
u_48392,0.0,-1,0.0,,
u_48393,0.0,-1,0.0,,
u_48394,0.0,-1,0.0,,
u_48395,0.0,-1,0.0,,
u_48396,0.0,-1,0.0,,
u_48397,0.0,-1,0.0,,
u_48398,0.08236630710979355,4910,0.0,0.787,0.0
u_48399,0.0,-1,0.0,,
u_48400,0.0,-1,0.0,,
u_48401,0.0,-1,0.0,,
u_48402,0.0,-1,0.0,,
u_48403,0.0,-1,0.0,,
u_48404,0.0,-1,0.0,,
u_48405,0.043034914056465874,1967,0.0,0.787,0.0
u_48406,0.0,-1,0.0,,
u_48407,0.041001370267885015,2340,0.0,0.787,0.0
u_48408,0.0,-1,0.0,,
u_48409,0.0,-1,0.0,,
u_48410,0.0,-1,0.0,,
u_48411,7.904826157317185e-05,786,0.0,0.001,0.0
u_48412,0.0,-1,0.0,,
u_48413,0.0,-1,0.0,,
u_48414,0.0,-1,0.0,,
u_48415,0.0,-1,0.0,,
u_48416,0.0,-1,0.0,,
u_48417,0.00023968633431931726,1183,0.0,0.002,0.0
u_48418,0.0,-1,0.0,,
u_48419,0.0,-1,0.0,,
u_48420,0.0,-1,0.0,,
u_48421,0.0,-1,0.0,,
u_48422,0.0,-1,0.0,,
u_48423,0.041349688775823415,168,0.0,0.787,0.0
u_48424,0.0,-1,0.0,,
u_48425,0.043034914056465874,48,0.0,0.787,0.0
u_48426,0.0,-1,0.0,,
u_48427,0.039887844312801825,168,0.0,0.787,0.0
u_48428,0.0,-1,0.0,,
u_48429,0.0,-1,0.0,,
u_48430,0.0,-1,0.0,,
u_48431,0.026306636519593037,174,0.0,0.251,0.0
u_48432,0.0,-1,0.0,,
u_48433,0.0,-1,0.0,,
u_48434,0.0,-1,0.0,,
u_48435,0.08239987568327516,3471,0.0,0.787,0.0
u_48436,0.043034914056465874,6305,0.0,0.787,0.0
u_48437,0.0,-1,0.0,,
u_48438,0.0,-1,0.0,,
u_48439,0.0,-1,0.0,,
u_48440,0.0,-1,0.0,,
u_48441,0.039896955420924855,4061,0.0,0.787,0.0
u_48442,0.0,-1,0.0,,
u_48443,0.0,-1,0.0,,
u_48444,0.043034914056465874,5778,0.0,0.787,0.0
u_48445,0.0,-1,0.0,,
u_48446,0.039887894376733395,2107,0.0,0.787,0.0
u_48447,0.0,-1,0.0,,
u_48448,0.0007348948878128011,1403,0.0,0.014,0.0
u_48449,0.0,-1,0.0,,
u_48450,0.0,-1,0.0,,
u_48451,0.0,-1,0.0,,
u_48452,0.0015553019527276156,162,0.0,0.03,0.0
u_48453,0.043034914056465874,1657,0.0,0.787,0.0
u_48454,0.0,-1,0.0,,
u_48455,0.0,-1,0.0,,
u_48456,0.0,-1,0.0,,
u_48457,0.0,-1,0.0,,
u_48458,0.0,-1,0.0,,
u_48459,0.0,-1,0.0,,
u_48460,0.0,-1,0.0,,
u_48461,0.0,-1,0.0,,
u_48462,0.04005960544515388,3879,0.0,0.787,0.0
u_48463,0.039890016179900095,4146,0.0,0.787,0.0
u_48464,0.043034914056465874,5846,0.0,0.787,0.0
u_48465,0.0,-1,0.0,,
u_48466,0.043034914056465874,521,0.0,0.787,0.0
u_48467,0.0,-1,0.0,,
u_48468,0.0010090478443169884,919,0.0,0.009,0.0
u_48469,0.0,-1,0.0,,
u_48470,0.0,-1,0.0,,
u_48471,0.03988862499482562,4324,0.0,0.787,0.0
u_48472,0.039954624918887766,222,0.0,0.787,0.0
u_48473,0.043034914056465874,6313,0.0,0.787,0.0
u_48474,0.0,-1,0.0,,
u_48475,0.0,-1,0.0,,
u_48476,0.0,-1,0.0,,
u_48477,0.0,-1,0.0,,
u_48478,0.0,-1,0.0,,
u_48479,0.0,-1,0.0,,
u_48480,0.0,-1,0.0,,
u_48481,0.043034914056465874,6363,0.0,0.787,0.0
u_48482,0.0,-1,0.0,,
u_48483,0.0,-1,0.0,,
u_48484,0.0,-1,0.0,,
u_48485,0.00700174454151752,3794,0.0,0.128,0.0
u_48486,0.0,-1,0.0,,
u_48487,0.0,-1,0.0,,
u_48488,0.043034914056465874,1466,0.0,0.787,0.0
u_48489,0.0,-1,0.0,,
u_48490,0.0,-1,0.0,,
u_48491,0.0,-1,0.0,,
u_48492,0.0,-1,0.0,,
u_48493,0.0,-1,0.0,,
u_48494,0.0,-1,0.0,,
u_48495,0.0,-1,0.0,,
u_48496,0.03988909727629539,74,0.0,0.787,0.0
u_48497,0.0,-1,0.0,,
u_48498,0.0,-1,0.0,,
u_48499,0.0,-1,0.0,,
u_48500,0.043033855475136155,2055,0.0,0.787,0.0
u_48501,0.040250942123168876,564,0.0,0.787,0.0
u_48502,0.08236255936295322,4199,0.0,0.787,0.0
u_48503,0.0019239608055576208,2669,0.0,0.018,0.0
u_48504,0.0419857229325699,888,0.0,0.787,0.0
u_48505,0.0,-1,0.0,,
u_48506,0.043034914056465874,4951,0.0,0.787,0.0
u_48507,0.0,-1,0.0,,
u_48508,0.043034914056465874,5592,0.0,0.787,0.0
u_48509,0.043034914056465874,5797,0.0,0.787,0.0
u_48510,0.0,-1,0.0,,
u_48511,0.0,-1,0.0,,
u_48512,0.0,-1,0.0,,
u_48513,0.0,-1,0.0,,
u_48514,0.04159107636126284,796,0.0,0.787,0.0
u_48515,0.0,-1,0.0,,
u_48516,0.0,-1,0.0,,
u_48517,0.0,-1,0.0,,
u_48518,0.0,-1,0.0,,
u_48519,0.0,-1,0.0,,
u_48520,0.0,-1,0.0,,
u_48521,0.0,-1,0.0,,
u_48522,0.0,-1,0.0,,
u_48523,0.043034914056465874,5808,0.0,0.787,0.0
u_48524,0.039928709114614304,1437,0.0,0.787,0.0
u_48525,0.0,-1,0.0,,
u_48526,0.08231393251569237,118,0.0,0.787,0.0
u_48527,0.0,-1,0.0,,
u_48528,0.0,-1,0.0,,
u_48529,0.04099520879744538,2402,0.0,0.787,0.0
u_48530,0.010571961539995551,461,0.0,0.196,0.0
u_48531,0.043034914056465874,5021,0.0,0.787,0.0
u_48532,0.0,-1,0.0,,
u_48533,0.0,-1,0.0,,
u_48534,0.043034914056465874,5809,0.0,0.787,0.0
u_48535,0.0,-1,0.0,,
u_48536,0.0,-1,0.0,,
u_48537,0.0,-1,0.0,,
u_48538,0.02459800521118511,4377,0.0,0.45,0.0
u_48539,0.0,-1,0.0,,
u_48540,0.040690278716722,904,0.0,0.787,0.0
u_48541,0.0013843928866824635,378,0.0,0.009,0.0
u_48542,0.0,-1,0.0,,
u_48543,0.0,-1,0.0,,
u_48544,0.0,-1,0.0,,
u_48545,0.0,-1,0.0,,
u_48546,0.0,-1,0.0,,
u_48547,0.08236630710979355,4787,0.0,0.787,0.0
u_48548,0.0,-1,0.0,,
u_48549,0.0,-1,0.0,,
u_48550,0.0,-1,0.0,,
u_48551,0.0,-1,0.0,,
u_48552,0.0,-1,0.0,,
u_48553,0.09734093786762675,4700,0.0,0.91,0.0
u_48554,0.0,-1,0.0,,
u_48555,0.0,-1,0.0,,
u_48556,0.0,-1,0.0,,
u_48557,0.0,-1,0.0,,
u_48558,0.043034914056465874,5998,0.0,0.787,0.0
u_48559,0.0012447617065420322,2390,0.0,0.012,0.0
u_48560,0.0,-1,0.0,,
u_48561,0.03988810571499878,61,0.0,0.787,0.0
u_48562,0.043034914056465874,5008,0.0,0.787,0.0
u_48563,0.040638171335163314,168,0.0,0.787,0.0
u_48564,0.0,-1,0.0,,
u_48565,0.0,-1,0.0,,
u_48566,0.0,-1,0.0,,
u_48567,0.0,-1,0.0,,
u_48568,0.0,-1,0.0,,
u_48569,0.0,-1,0.0,,
u_48570,0.043034914056465874,4350,0.0,0.787,0.0
u_48571,0.044411660987168866,1363,0.0,0.787,0.0
u_48572,0.043034914056465874,3913,0.0,0.787,0.0
u_48573,0.0,-1,0.0,,
u_48574,0.0,-1,0.0,,
u_48575,0.0,-1,0.0,,
u_48576,0.0,-1,0.0,,
u_48577,0.043034914056465874,5515,0.0,0.787,0.0
u_48578,0.0,-1,0.0,,
u_48579,0.0,-1,0.0,,
u_48580,0.0,-1,0.0,,
u_48581,0.000994399821189377,2672,0.0,0.018,0.0
u_48582,0.0,-1,0.0,,
u_48583,0.040056051046187376,761,0.0,0.787,0.0
u_48584,0.0,-1,0.0,,
u_48585,0.0,-1,0.0,,
u_48586,0.0,-1,0.0,,
u_48587,0.0,-1,0.0,,
u_48588,0.04437350949413924,2620,0.0,0.787,0.0
u_48589,0.0,-1,0.0,,
u_48590,0.0,-1,0.0,,
u_48591,0.0,-1,0.0,,
u_48592,0.04245051332199739,1770,0.0,0.787,0.0
u_48593,0.043034914056465874,1304,0.0,0.787,0.0
u_48594,0.039888340576912054,484,0.0,0.787,0.0
u_48595,0.0,-1,0.0,,
u_48596,0.043034914056465874,5802,0.0,0.787,0.0
u_48597,0.0,-1,0.0,,
u_48598,0.0,-1,0.0,,
u_48599,0.03988768190012589,12,0.0,0.787,0.0
u_48600,0.0,-1,0.0,,
u_48601,0.03989632998130856,919,0.0,0.787,0.0
u_48602,0.0,-1,0.0,,
u_48603,0.0,-1,0.0,,
u_48604,0.0,-1,0.0,,
u_48605,0.0,-1,0.0,,
u_48606,0.0,-1,0.0,,
u_48607,0.0,-1,0.0,,
u_48608,0.0025217500049020103,3214,0.0,0.046,0.0
u_48609,0.043034914056465874,5877,0.0,0.787,0.0
u_48610,0.0,-1,0.0,,
u_48611,0.043034914056465874,5760,0.0,0.787,0.0
u_48612,0.043034914056465874,2127,0.0,0.787,0.0
u_48613,0.043034914056465874,1991,0.0,0.787,0.0
u_48614,0.0013875826139474212,797,0.0,0.013,0.0
u_48615,0.0,-1,0.0,,
u_48616,0.0,-1,0.0,,
u_48617,0.0,-1,0.0,,
u_48618,0.0,-1,0.0,,
u_48619,0.0,-1,0.0,,
u_48620,0.0,-1,0.0,,
u_48621,0.0,-1,0.0,,
u_48622,0.04436974373843754,1568,0.0,0.787,0.0
u_48623,0.0,-1,0.0,,
u_48624,0.0,-1,0.0,,
u_48625,0.0,-1,0.0,,
u_48626,0.0,-1,0.0,,
u_48627,0.0,-1,0.0,,
u_48628,0.0403785424064958,1234,0.0,0.787,0.0
u_48629,0.08201205059916916,222,0.0,0.787,0.0
u_48630,0.0,-1,0.0,,
u_48631,0.04315823030373486,89,0.0,0.787,0.0
u_48632,0.043034914056465874,6257,0.0,0.787,0.0
u_48633,0.0,-1,0.0,,
u_48634,0.0,-1,0.0,,
u_48635,0.0,-1,0.0,,
u_48636,0.0,-1,0.0,,
u_48637,0.0,-1,0.0,,
u_48638,0.04084616888956078,1650,0.0,0.787,0.0
u_48639,0.0,-1,0.0,,
u_48640,0.0,-1,0.0,,
u_48641,5.483684224436671e-05,392,0.0,0.001,0.0
u_48642,0.0,-1,0.0,,
u_48643,0.0,-1,0.0,,
u_48644,0.0,-1,0.0,,
u_48645,0.0,-1,0.0,,
u_48646,0.0,-1,0.0,,
u_48647,0.0,-1,0.0,,
u_48648,0.08212976920884864,1673,0.0,0.787,0.0
u_48649,0.0,-1,0.0,,
u_48650,0.0,-1,0.0,,
u_48651,0.04346811626590533,1014,0.0,0.787,0.0
u_48652,0.0,-1,0.0,,
u_48653,0.0,-1,0.0,,
u_48654,0.043034914056465874,5528,0.0,0.787,0.0
u_48655,0.0,-1,0.0,,
u_48656,0.00024334947121195527,1708,0.0,0.004,0.0
u_48657,0.0,-1,0.0,,
u_48658,0.0,-1,0.0,,
u_48659,0.0,-1,0.0,,
u_48660,0.0,-1,0.0,,
u_48661,0.0,-1,0.0,,
u_48662,0.0,-1,0.0,,
u_48663,0.0,-1,0.0,,
u_48664,0.0,-1,0.0,,
u_48665,0.12472834294283572,998,0.0,0.787,0.0
u_48666,0.0,-1,0.0,,
u_48667,0.0,-1,0.0,,
u_48668,0.0,-1,0.0,,
u_48669,0.0,-1,0.0,,
u_48670,0.0,-1,0.0,,
u_48671,0.0,-1,0.0,,
u_48672,0.0036612242415928397,3450,0.0,0.067,0.0
u_48673,0.0,-1,0.0,,
u_48674,0.0,-1,0.0,,
u_48675,0.0,-1,0.0,,
u_48676,0.0,-1,0.0,,
u_48677,0.043034914056465874,5772,0.0,0.787,0.0
u_48678,0.0,-1,0.0,,
u_48679,0.0003655990658245096,2039,0.0,0.007,0.0
u_48680,0.043034914056465874,1969,0.0,0.787,0.0
u_48681,0.043034914056465874,5205,0.0,0.787,0.0
u_48682,0.0,-1,0.0,,
u_48683,0.0,-1,0.0,,
u_48684,0.01356117782120021,222,0.0,0.13,0.0
u_48685,0.0,-1,0.0,,
u_48686,0.0,-1,0.0,,
u_48687,0.0,-1,0.0,,
u_48688,0.0,-1,0.0,,
u_48689,0.0,-1,0.0,,
u_48690,0.0,-1,0.0,,
u_48691,0.043034914056465874,3831,0.0,0.787,0.0
u_48692,0.0,-1,0.0,,
u_48693,0.039888348397743044,3666,0.0,0.787,0.0
u_48694,0.0,-1,0.0,,
u_48695,0.0,-1,0.0,,
u_48696,0.0,-1,0.0,,
u_48697,0.0,-1,0.0,,
u_48698,0.039890301254868754,4660,0.0,0.787,0.0
u_48699,0.00012947374545723125,1219,0.0,0.002,0.0
u_48700,0.0,-1,0.0,,
u_48701,0.039889276020189435,2938,0.0,0.787,0.0
u_48702,0.0,-1,0.0,,
u_48703,0.0,-1,0.0,,
u_48704,0.0,-1,0.0,,
u_48705,0.0,-1,0.0,,
u_48706,0.0,-1,0.0,,
u_48707,0.0,-1,0.0,,
u_48708,0.0,-1,0.0,,
u_48709,0.0,-1,0.0,,
u_48710,0.0,-1,0.0,,
u_48711,0.0,-1,0.0,,
u_48712,0.08070376681462578,74,0.0,0.767,0.0
u_48713,0.041050311557251064,77,0.0,0.787,0.0
u_48714,0.0,-1,0.0,,
u_48715,0.043034914056465874,4563,0.0,0.787,0.0
u_48716,0.02469907131145585,4379,0.0,0.451,0.0
u_48717,0.0,-1,0.0,,
u_48718,0.0036822514480365958,3455,0.0,0.067,0.0
u_48719,0.0,-1,0.0,,
u_48720,0.0,-1,0.0,,
u_48721,0.0,-1,0.0,,
u_48722,0.00026117506399171524,1787,0.0,0.005,0.0
u_48723,0.0,-1,0.0,,
u_48724,0.03988891747422721,1419,0.0,0.787,0.0
u_48725,0.000149165909018695,296,0.0,0.001,0.0
u_48726,0.10027121401974967,2009,0.0,0.957,0.0
u_48727,0.0,-1,0.0,,
u_48728,0.0,-1,0.0,,
u_48729,0.0,-1,0.0,,
u_48730,0.0,-1,0.0,,
u_48731,0.0,-1,0.0,,
u_48732,0.03988790576817125,1885,0.0,0.787,0.0
u_48733,0.0,-1,0.0,,
u_48734,0.043034914056465874,1194,0.0,0.787,0.0
u_48735,0.0,-1,0.0,,
u_48736,0.0,-1,0.0,,
u_48737,0.0,-1,0.0,,
u_48738,0.04050088930194939,50,0.0,0.787,0.0
u_48739,0.03988923390484434,243,0.0,0.787,0.0
u_48740,0.0,-1,0.0,,
u_48741,0.0,-1,0.0,,
u_48742,0.0,-1,0.0,,
u_48743,0.04833770352099648,1126,0.0,0.924,0.0
u_48744,0.043034914056465874,4893,0.0,0.787,0.0
u_48745,0.0,-1,0.0,,
u_48746,0.03518482261275233,4559,0.0,0.643,0.0
u_48747,0.004470662470111654,3572,0.0,0.084,0.0
u_48748,0.0,-1,0.0,,
u_48749,0.0,-1,0.0,,
u_48750,0.0,-1,0.0,,
u_48751,0.0,-1,0.0,,
u_48752,0.043034914056465874,4260,0.0,0.787,0.0
u_48753,0.043034914056465874,5245,0.0,0.787,0.0
u_48754,0.0841561718144088,1626,0.0,0.787,0.0
u_48755,0.0,-1,0.0,,
u_48756,0.043034914056465874,6164,0.0,0.787,0.0
u_48757,0.0,-1,0.0,,
u_48758,0.0,-1,0.0,,
u_48759,0.0,-1,0.0,,
u_48760,0.0,-1,0.0,,
u_48761,0.0,-1,0.0,,
u_48762,0.0,-1,0.0,,
u_48763,0.029044412984944635,277,0.0,0.567,0.0
u_48764,0.0,-1,0.0,,
u_48765,0.00033261769024654596,1931,0.0,0.006,0.0
u_48766,0.0,-1,0.0,,
u_48767,0.043034914056465874,6128,0.0,0.787,0.0
u_48768,0.0,-1,0.0,,
u_48769,0.019887600669702847,4279,0.0,0.364,0.0
u_48770,0.0,-1,0.0,,
u_48771,0.0,-1,0.0,,
u_48772,0.00036120645819612496,1506,0.0,0.003,0.0
u_48773,5.121876294058897e-05,324,0.0,0.001,0.0
u_48774,0.08347086653733046,5015,0.0,0.787,0.0
u_48775,0.0,-1,0.0,,
u_48776,0.0,-1,0.0,,
u_48777,0.0,-1,0.0,,
u_48778,0.039888043906327324,982,0.0,0.787,0.0
u_48779,0.0,-1,0.0,,
u_48780,0.0,-1,0.0,,
u_48781,0.0,-1,0.0,,
u_48782,0.0,-1,0.0,,
u_48783,8.8157515012178e-05,174,0.0,0.002,0.0
u_48784,0.001211255550752722,2803,0.0,0.022,0.0
u_48785,0.0,-1,0.0,,
u_48786,0.0,-1,0.0,,
u_48787,0.0,-1,0.0,,
u_48788,0.0,-1,0.0,,
u_48789,0.0,-1,0.0,,
u_48790,0.04088531070632206,3713,0.0,0.787,0.0
u_48791,0.0,-1,0.0,,
u_48792,0.0,-1,0.0,,
u_48793,0.0,-1,0.0,,
u_48794,0.0004470748231218321,2160,0.0,0.008,0.0
u_48795,0.043034914056465874,5806,0.0,0.787,0.0
u_48796,0.043034914056465874,5536,0.0,0.787,0.0
u_48797,0.0,-1,0.0,,
u_48798,0.0,-1,0.0,,
u_48799,0.08236630710979355,5563,0.0,0.787,0.0
u_48800,0.0,-1,0.0,,
u_48801,0.0,-1,0.0,,
u_48802,0.0,-1,0.0,,
u_48803,0.0009654948914891117,2686,0.0,0.019,0.0
u_48804,0.043034914056465874,1924,0.0,0.787,0.0
u_48805,0.0,-1,0.0,,
u_48806,0.040272569061552306,3427,0.0,0.787,0.0
u_48807,0.043034914056465874,5017,0.0,0.787,0.0
u_48808,0.043034914056465874,5145,0.0,0.787,0.0
u_48809,0.0,-1,0.0,,
u_48810,0.0,-1,0.0,,
u_48811,0.0,-1,0.0,,
u_48812,0.043034914056465874,4996,0.0,0.787,0.0
u_48813,0.0,-1,0.0,,
u_48814,0.12472433009711756,3978,0.0,0.787,0.0
u_48815,0.029387302051836633,1855,0.0,0.285,0.0
u_48816,0.0,-1,0.0,,
u_48817,0.0,-1,0.0,,
u_48818,0.043034914056465874,6216,0.0,0.787,0.0
u_48819,0.0,-1,0.0,,
u_48820,0.006081434047085764,3709,0.0,0.111,0.0
u_48821,0.0,-1,0.0,,
u_48822,0.0,-1,0.0,,
u_48823,0.0,-1,0.0,,
u_48824,0.043034914056465874,4780,0.0,0.787,0.0
u_48825,0.043034914056465874,5019,0.0,0.787,0.0
u_48826,0.0,-1,0.0,,
u_48827,0.0,-1,0.0,,
u_48828,0.0,-1,0.0,,
u_48829,0.0,-1,0.0,,
u_48830,0.0,-1,0.0,,
u_48831,0.0,-1,0.0,,
u_48832,0.0,-1,0.0,,
u_48833,0.0848282269105539,1704,0.0,0.787,0.0
u_48834,0.0,-1,0.0,,
u_48835,0.0,-1,0.0,,
u_48836,0.0,-1,0.0,,
u_48837,0.0,-1,0.0,,
u_48838,0.0,-1,0.0,,
u_48839,0.04116428767106607,380,0.0,0.787,0.0
u_48840,0.0,-1,0.0,,
u_48841,0.0,-1,0.0,,
u_48842,0.0,-1,0.0,,
u_48843,0.08028029008570571,4587,0.0,0.787,0.0
u_48844,0.0,-1,0.0,,
u_48845,0.08417531978986129,2825,0.0,0.787,0.0
u_48846,0.0,-1,0.0,,
u_48847,0.0,-1,0.0,,
u_48848,0.0,-1,0.0,,
u_48849,0.04196031965633653,1765,0.0,0.787,0.0
u_48850,0.0,-1,0.0,,
u_48851,0.03988736874068327,1354,0.0,0.787,0.0
u_48852,0.0,-1,0.0,,
u_48853,0.0,-1,0.0,,
u_48854,0.0,-1,0.0,,
u_48855,0.0,-1,0.0,,
u_48856,0.0,-1,0.0,,
u_48857,0.0,-1,0.0,,
u_48858,0.0,-1,0.0,,
u_48859,0.0,-1,0.0,,
u_48860,0.0019148042356708602,3063,0.0,0.035,0.0
u_48861,0.0,-1,0.0,,
u_48862,0.043034914056465874,4858,0.0,0.787,0.0
u_48863,0.0,-1,0.0,,
u_48864,0.043034914056465874,3086,0.0,0.787,0.0
u_48865,0.0,-1,0.0,,
u_48866,0.04002750118694126,1373,0.0,0.787,0.0
u_48867,0.0,-1,0.0,,
u_48868,0.043034914056465874,5144,0.0,0.787,0.0
u_48869,0.039892467283147375,1260,0.0,0.787,0.0
u_48870,0.0,-1,0.0,,
u_48871,0.0,-1,0.0,,
u_48872,0.0,-1,0.0,,
u_48873,0.0,-1,0.0,,
u_48874,0.0009685121113731925,2660,0.0,0.018,0.0
u_48875,0.0,-1,0.0,,
u_48876,0.0,-1,0.0,,
u_48877,0.07922123253741933,4082,0.0,0.787,0.0
u_48878,0.0023933418442958205,3178,0.0,0.044,0.0
u_48879,0.0,-1,0.0,,
u_48880,0.043034914056465874,5874,0.0,0.787,0.0
u_48881,0.0,-1,0.0,,
u_48882,0.0,-1,0.0,,
u_48883,0.0,-1,0.0,,
u_48884,0.0,-1,0.0,,
u_48885,0.0,-1,0.0,,
u_48886,0.0843432225107919,3467,0.0,0.787,0.0
u_48887,0.0,-1,0.0,,
u_48888,0.043034914056465874,5201,0.0,0.787,0.0
u_48889,0.0,-1,0.0,,
u_48890,0.0,-1,0.0,,
u_48891,0.0,-1,0.0,,
u_48892,0.04437279917925049,3242,0.0,0.787,0.0
u_48893,0.00017363165344507801,906,0.0,0.002,0.0
u_48894,6.341804614320584e-05,520,0.0,0.001,0.0
u_48895,0.0,-1,0.0,,
u_48896,0.0,-1,0.0,,
u_48897,0.0,-1,0.0,,
u_48898,0.0,-1,0.0,,
u_48899,0.004441047839381532,1481,0.0,0.042,0.0
u_48900,0.0,-1,0.0,,
u_48901,0.0,-1,0.0,,
u_48902,0.043034914056465874,5415,0.0,0.787,0.0
u_48903,0.03988836108505629,278,0.0,0.787,0.0
u_48904,0.006414543028988209,3743,0.0,0.117,0.0
u_48905,0.0005169973502357449,927,0.0,0.01,0.0
u_48906,0.0,-1,0.0,,
u_48907,0.03988787542008375,360,0.0,0.787,0.0
u_48908,0.043034914056465874,5348,0.0,0.787,0.0
u_48909,0.0,-1,0.0,,
u_48910,0.0,-1,0.0,,
u_48911,0.08417531978986129,3336,0.0,0.787,0.0
u_48912,0.0,-1,0.0,,
u_48913,0.03989263868750162,3551,0.0,0.787,0.0
u_48914,0.0,-1,0.0,,
u_48915,0.0,-1,0.0,,
u_48916,0.0,-1,0.0,,
u_48917,0.0,-1,0.0,,
u_48918,0.0,-1,0.0,,
u_48919,0.0,-1,0.0,,
u_48920,0.0,-1,0.0,,
u_48921,0.01784339978495678,4223,0.0,0.326,0.0
u_48922,0.0,-1,0.0,,
u_48923,0.0,-1,0.0,,
u_48924,0.0,-1,0.0,,
u_48925,0.042834070767961904,4402,0.0,0.787,0.0
u_48926,0.0,-1,0.0,,
u_48927,0.043034914056465874,6358,0.0,0.787,0.0
u_48928,0.0,-1,0.0,,
u_48929,0.0,-1,0.0,,
u_48930,0.0,-1,0.0,,
u_48931,0.0,-1,0.0,,
u_48932,0.0,-1,0.0,,
u_48933,0.0,-1,0.0,,
u_48934,0.0,-1,0.0,,
u_48935,0.043034914056465874,5680,0.0,0.787,0.0
u_48936,0.0,-1,0.0,,
u_48937,0.043034914056465874,1863,0.0,0.787,0.0
u_48938,0.0,-1,0.0,,
u_48939,0.006464003235070044,3745,0.0,0.118,0.0
u_48940,0.0,-1,0.0,,
u_48941,0.0,-1,0.0,,
u_48942,0.0,-1,0.0,,
u_48943,0.0,-1,0.0,,
u_48944,0.043034914056465874,6080,0.0,0.787,0.0
u_48945,0.04141219739303825,358,0.0,0.787,0.0
u_48946,0.0,-1,0.0,,
u_48947,0.0,-1,0.0,,
u_48948,0.0,-1,0.0,,
u_48949,0.03988770471451369,1348,0.0,0.787,0.0
u_48950,0.0,-1,0.0,,
u_48951,0.039888480080901,473,0.0,0.787,0.0
u_48952,0.0,-1,0.0,,
u_48953,0.0,-1,0.0,,
u_48954,0.0406087701708277,860,0.0,0.787,0.0
u_48955,0.0,-1,0.0,,
u_48956,0.08236630710979355,6330,0.0,0.787,0.0
u_48957,0.0,-1,0.0,,
u_48958,0.0,-1,0.0,,
u_48959,0.04236051145265064,3333,0.0,0.787,0.0
u_48960,0.0,-1,0.0,,
u_48961,0.043034914056465874,2729,0.0,0.787,0.0
u_48962,0.043034914056465874,6187,0.0,0.787,0.0
u_48963,0.03988794640900409,380,0.0,0.787,0.0
u_48964,0.0,-1,0.0,,
u_48965,0.0,-1,0.0,,
u_48966,0.0,-1,0.0,,
u_48967,0.0,-1,0.0,,
u_48968,0.0,-1,0.0,,
u_48969,0.0,-1,0.0,,
u_48970,0.0,-1,0.0,,
u_48971,0.0,-1,0.0,,
u_48972,0.0,-1,0.0,,
u_48973,0.0,-1,0.0,,
u_48974,0.0,-1,0.0,,
u_48975,0.043034914056465874,5454,0.0,0.787,0.0
u_48976,0.0,-1,0.0,,
u_48977,0.0,-1,0.0,,
u_48978,0.0,-1,0.0,,
u_48979,0.043034914056465874,5796,0.0,0.787,0.0
u_48980,0.0,-1,0.0,,
u_48981,7.791973405211373e-05,769,0.0,0.001,0.0
u_48982,0.0,-1,0.0,,
u_48983,0.0,-1,0.0,,
u_48984,0.0011589629672073044,2772,0.0,0.021,0.0
u_48985,0.0,-1,0.0,,
u_48986,0.04360761166832149,977,0.0,0.787,0.0
u_48987,0.0,-1,0.0,,
u_48988,0.0,-1,0.0,,
u_48989,0.0,-1,0.0,,
u_48990,0.0,-1,0.0,,
u_48991,0.0,-1,0.0,,
u_48992,0.0,-1,0.0,,
u_48993,0.0,-1,0.0,,
u_48994,0.0,-1,0.0,,
u_48995,0.0,-1,0.0,,
u_48996,0.0,-1,0.0,,
u_48997,0.036248651823195276,168,0.0,0.71,0.0
u_48998,0.0,-1,0.0,,
u_48999,0.0016575852008436007,3000,0.0,0.03,0.0
u_49000,0.0,-1,0.0,,
u_49001,0.0,-1,0.0,,
u_49002,0.043034914056465874,4393,0.0,0.787,0.0
u_49003,0.0,-1,0.0,,
u_49004,0.08417531978986129,3544,0.0,0.787,0.0
u_49005,0.043034914056465874,1111,0.0,0.787,0.0
u_49006,0.0,-1,0.0,,
u_49007,0.03291622642159722,367,0.0,0.311,0.0
u_49008,0.0,-1,0.0,,
u_49009,0.010558055159514601,4012,0.0,0.193,0.0
u_49010,0.04231620961542507,277,0.0,0.787,0.0
u_49011,0.0,-1,0.0,,
u_49012,0.043034914056465874,5296,0.0,0.787,0.0
u_49013,0.04302916128872504,2028,0.0,0.787,0.0
u_49014,0.0005274681549797586,89,0.0,0.01,0.0
u_49015,0.0,-1,0.0,,
u_49016,0.0,-1,0.0,,
u_49017,0.0,-1,0.0,,
u_49018,0.0,-1,0.0,,
u_49019,0.03988858345930607,174,0.0,0.787,0.0
u_49020,0.0,-1,0.0,,
u_49021,0.0,-1,0.0,,
u_49022,0.043034914056465874,5620,0.0,0.787,0.0
u_49023,0.043034914056465874,5012,0.0,0.787,0.0
u_49024,0.08417531978986129,423,0.0,0.787,0.0
u_49025,0.0,-1,0.0,,
u_49026,0.0,-1,0.0,,
u_49027,0.0,-1,0.0,,
u_49028,0.0,-1,0.0,,
u_49029,0.0,-1,0.0,,
u_49030,0.014557561153400789,4137,0.0,0.266,0.0
u_49031,0.0,-1,0.0,,
u_49032,0.0,-1,0.0,,
u_49033,0.0411789991637292,474,0.0,0.787,0.0
u_49034,0.0,-1,0.0,,
u_49035,0.0,-1,0.0,,
u_49036,0.0,-1,0.0,,
u_49037,0.0,-1,0.0,,
u_49038,0.0,-1,0.0,,
u_49039,0.08237451866052614,1511,0.0,0.787,0.0
u_49040,0.043034914056465874,6354,0.0,0.787,0.0
u_49041,0.00033051623118157187,1757,0.0,0.006,0.0
u_49042,0.0,-1,0.0,,
u_49043,0.0,-1,0.0,,
u_49044,0.043034914056465874,2550,0.0,0.787,0.0
u_49045,0.0,-1,0.0,,
u_49046,0.0,-1,0.0,,
u_49047,0.0,-1,0.0,,
u_49048,0.043034914056465874,2472,0.0,0.787,0.0
u_49049,0.043034914056465874,1281,0.0,0.787,0.0
u_49050,0.042130407716432006,5728,0.0,0.787,0.0
u_49051,0.0,-1,0.0,,
u_49052,0.0,-1,0.0,,
u_49053,0.0,-1,0.0,,
u_49054,0.04087877980037543,416,0.0,0.787,0.0
u_49055,0.039893350263858034,1091,0.0,0.787,0.0
u_49056,0.04141969107017298,3033,0.0,0.787,0.0
u_49057,0.0,-1,0.0,,
u_49058,0.0,-1,0.0,,
u_49059,0.043034914056465874,5726,0.0,0.787,0.0
u_49060,0.043034914056465874,6349,0.0,0.787,0.0
u_49061,0.0,-1,0.0,,
u_49062,0.043034914056465874,876,0.0,0.787,0.0
u_49063,0.0,-1,0.0,,
u_49064,0.0,-1,0.0,,
u_49065,0.03988805327975832,2507,0.0,0.787,0.0
u_49066,0.010949739953189187,4026,0.0,0.2,0.0
u_49067,0.0,-1,0.0,,
u_49068,0.0,-1,0.0,,
u_49069,0.0,-1,0.0,,
u_49070,0.0,-1,0.0,,
u_49071,0.00034017885517266327,1951,0.0,0.006,0.0
u_49072,0.0,-1,0.0,,
u_49073,0.0,-1,0.0,,
u_49074,0.0,-1,0.0,,
u_49075,0.0,-1,0.0,,
u_49076,0.0,-1,0.0,,
u_49077,0.0,-1,0.0,,
u_49078,0.0026805522973694478,3255,0.0,0.049,0.0
u_49079,0.0,-1,0.0,,
u_49080,0.0,-1,0.0,,
u_49081,0.0,-1,0.0,,
u_49082,0.0,-1,0.0,,
u_49083,0.0,-1,0.0,,
u_49084,0.0,-1,0.0,,
u_49085,0.0,-1,0.0,,
u_49086,0.0,-1,0.0,,
u_49087,0.0,-1,0.0,,
u_49088,0.03989542420197597,1656,0.0,0.787,0.0
u_49089,0.043034914056465874,6145,0.0,0.787,0.0
u_49090,0.0,-1,0.0,,
u_49091,0.015099132728936626,4187,0.0,0.294,0.0
u_49092,0.0,-1,0.0,,
u_49093,0.0,-1,0.0,,
u_49094,0.0,-1,0.0,,
u_49095,0.0,-1,0.0,,
u_49096,0.043034914056465874,1232,0.0,0.787,0.0
u_49097,0.0,-1,0.0,,
u_49098,0.043034914056465874,3332,0.0,0.787,0.0
u_49099,0.0,-1,0.0,,
u_49100,0.04436655414004796,2849,0.0,0.787,0.0
u_49101,0.040572380075769986,63,0.0,0.787,0.0
u_49102,0.0,-1,0.0,,
u_49103,0.0,-1,0.0,,
u_49104,0.0,-1,0.0,,
u_49105,0.034910857254116204,1821,0.0,0.226,0.0
u_49106,0.0,-1,0.0,,
u_49107,0.043034914056465874,5659,0.0,0.787,0.0
u_49108,0.0012156129080347427,2790,0.0,0.022,0.0
u_49109,0.0,-1,0.0,,
u_49110,0.0,-1,0.0,,
u_49111,0.0,-1,0.0,,
u_49112,0.08245184852866456,901,0.0,0.787,0.0
u_49113,0.0,-1,0.0,,
u_49114,0.0,-1,0.0,,
u_49115,0.043034914056465874,5812,0.0,0.787,0.0
u_49116,0.043034914056465874,5755,0.0,0.787,0.0
u_49117,0.0,-1,0.0,,
u_49118,0.0,-1,0.0,,
u_49119,0.04143754360466389,2880,0.0,0.787,0.0
u_49120,0.0,-1,0.0,,
u_49121,0.08417531978986129,5344,0.0,0.787,0.0
u_49122,0.0,-1,0.0,,
u_49123,0.0,-1,0.0,,
u_49124,0.0,-1,0.0,,
u_49125,0.003979063254736188,3493,0.0,0.073,0.0
u_49126,0.043034914056465874,5377,0.0,0.787,0.0
u_49127,0.043034914056465874,5713,0.0,0.787,0.0
u_49128,0.0,-1,0.0,,
u_49129,0.0,-1,0.0,,
u_49130,0.04251990748238565,936,0.0,0.787,0.0
u_49131,0.0,-1,0.0,,
u_49132,0.0,-1,0.0,,
u_49133,0.0,-1,0.0,,
u_49134,0.0,-1,0.0,,
u_49135,0.0,-1,0.0,,
u_49136,0.043034914056465874,1387,0.0,0.787,0.0
u_49137,0.0,-1,0.0,,
u_49138,0.0,-1,0.0,,
u_49139,0.0,-1,0.0,,
u_49140,0.00010277303625236125,517,0.0,0.002,0.0
u_49141,0.0,-1,0.0,,
u_49142,0.0,-1,0.0,,
u_49143,0.0,-1,0.0,,
u_49144,0.0,-1,0.0,,
u_49145,0.0,-1,0.0,,
u_49146,0.00011867243378817676,526,0.0,0.001,0.0
u_49147,0.001253891897384576,678,0.0,0.012,0.0
u_49148,0.0,-1,0.0,,
u_49149,0.0,-1,0.0,,
u_49150,0.0,-1,0.0,,
u_49151,0.0,-1,0.0,,
u_49152,0.043034914056465874,5811,0.0,0.787,0.0
u_49153,0.0,-1,0.0,,
u_49154,0.0,-1,0.0,,
u_49155,0.0,-1,0.0,,
u_49156,0.0,-1,0.0,,
u_49157,0.0,-1,0.0,,
u_49158,0.0,-1,0.0,,
u_49159,0.0,-1,0.0,,
u_49160,0.0,-1,0.0,,
u_49161,0.0005017993927731237,774,0.0,0.009,0.0
u_49162,0.0,-1,0.0,,
u_49163,0.0,-1,0.0,,
u_49164,0.0,-1,0.0,,
u_49165,0.0,-1,0.0,,
u_49166,0.0,-1,0.0,,
u_49167,0.0,-1,0.0,,
u_49168,0.00018543743604836817,1490,0.0,0.003,0.0
u_49169,0.0,-1,0.0,,
u_49170,0.0,-1,0.0,,
u_49171,0.0,-1,0.0,,
u_49172,0.03989995498608413,4115,0.0,0.787,0.0
u_49173,0.0,-1,0.0,,
u_49174,0.0,-1,0.0,,
u_49175,0.0,-1,0.0,,
u_49176,0.0,-1,0.0,,
u_49177,0.0,-1,0.0,,
u_49178,0.0,-1,0.0,,
u_49179,0.0,-1,0.0,,
u_49180,0.0,-1,0.0,,
u_49181,0.0,-1,0.0,,
u_49182,0.0,-1,0.0,,
u_49183,0.0,-1,0.0,,
u_49184,0.0009905157105490057,2712,0.0,0.019,0.0
u_49185,0.0,-1,0.0,,
u_49186,0.0,-1,0.0,,
u_49187,0.039887967427396025,297,0.0,0.787,0.0
u_49188,0.0,-1,0.0,,
u_49189,0.0,-1,0.0,,
u_49190,0.043034914056465874,5786,0.0,0.787,0.0
u_49191,0.08236683544041758,3383,0.0,0.787,0.0
u_49192,0.0,-1,0.0,,
u_49193,0.0,-1,0.0,,
u_49194,0.0,-1,0.0,,
u_49195,0.0,-1,0.0,,
u_49196,0.0,-1,0.0,,
u_49197,0.0,-1,0.0,,
u_49198,0.043034914056465874,5692,0.0,0.787,0.0
u_49199,0.0,-1,0.0,,
u_49200,0.0,-1,0.0,,
u_49201,0.043034914056465874,5769,0.0,0.787,0.0
u_49202,0.03999144910397426,1400,0.0,0.787,0.0
u_49203,0.0,-1,0.0,,
u_49204,0.0,-1,0.0,,
u_49205,0.0,-1,0.0,,
u_49206,0.0,-1,0.0,,
u_49207,0.0,-1,0.0,,
u_49208,0.02145300371336816,4321,0.0,0.392,0.0
u_49209,0.0,-1,0.0,,
u_49210,0.0,-1,0.0,,
u_49211,0.043034914056465874,5946,0.0,0.787,0.0
u_49212,0.0,-1,0.0,,
u_49213,0.0,-1,0.0,,
u_49214,0.0398898509633992,797,0.0,0.787,0.0
u_49215,0.0,-1,0.0,,
u_49216,0.039890581315274135,118,0.0,0.787,0.0
u_49217,0.0,-1,0.0,,
u_49218,0.0,-1,0.0,,
u_49219,0.0,-1,0.0,,
u_49220,0.0,-1,0.0,,
u_49221,0.0,-1,0.0,,
u_49222,0.0,-1,0.0,,
u_49223,0.043034914056465874,4759,0.0,0.787,0.0
u_49224,0.0398877988424133,358,0.0,0.787,0.0
u_49225,0.0,-1,0.0,,
u_49226,0.0008883458682181787,2601,0.0,0.016,0.0
u_49227,0.003488786120259528,3424,0.0,0.064,0.0
u_49228,0.00013284302304594805,1240,0.0,0.002,0.0
u_49229,0.0,-1,0.0,,
u_49230,0.0,-1,0.0,,
u_49231,0.0,-1,0.0,,
u_49232,0.04437322946935256,3180,0.0,0.787,0.0
u_49233,0.0,-1,0.0,,
u_49234,0.0,-1,0.0,,
u_49235,0.04437100911720127,4265,0.0,0.787,0.0
u_49236,0.0,-1,0.0,,
u_49237,0.0,-1,0.0,,
u_49238,0.0,-1,0.0,,
u_49239,0.0,-1,0.0,,
u_49240,7.71166244812922e-05,449,0.0,0.001,0.0
u_49241,0.0,-1,0.0,,
u_49242,0.0,-1,0.0,,
u_49243,0.0,-1,0.0,,
u_49244,0.0006017576446077716,2351,0.0,0.011,0.0
u_49245,0.009593389332022523,3967,0.0,0.175,0.0
u_49246,0.043034914056465874,6285,0.0,0.787,0.0
u_49247,0.017032104841554336,222,0.0,0.164,0.0
u_49248,0.041729555674928864,222,0.0,0.787,0.0
u_49249,0.0,-1,0.0,,
u_49250,0.0,-1,0.0,,
u_49251,0.0,-1,0.0,,
u_49252,0.0,-1,0.0,,
u_49253,0.0016402896177887872,2994,0.0,0.03,0.0
u_49254,0.03988780571657935,3562,0.0,0.787,0.0
u_49255,0.0,-1,0.0,,
u_49256,0.0,-1,0.0,,
u_49257,0.08549551985348955,3140,0.0,0.787,0.0
u_49258,0.08263004811727309,1848,0.0,0.787,0.0
u_49259,0.0,-1,0.0,,
u_49260,0.0,-1,0.0,,
u_49261,0.043034914056465874,5862,0.0,0.787,0.0
u_49262,0.0,-1,0.0,,
u_49263,0.0,-1,0.0,,
u_49264,0.0,-1,0.0,,
u_49265,0.0,-1,0.0,,
u_49266,0.0,-1,0.0,,
u_49267,0.043034914056465874,5810,0.0,0.787,0.0
u_49268,0.08236630710979355,5220,0.0,0.787,0.0
u_49269,0.043034914056465874,5424,0.0,0.787,0.0
u_49270,0.0,-1,0.0,,
u_49271,0.0,-1,0.0,,
u_49272,0.0,-1,0.0,,
u_49273,0.0,-1,0.0,,
u_49274,0.043034914056465874,4940,0.0,0.787,0.0
u_49275,0.0,-1,0.0,,
u_49276,0.0,-1,0.0,,
u_49277,0.0,-1,0.0,,
u_49278,0.05000877717803354,292,0.0,0.974,0.0
u_49279,0.0,-1,0.0,,
u_49280,0.0,-1,0.0,,
u_49281,0.0,-1,0.0,,
u_49282,0.0,-1,0.0,,
u_49283,0.0,-1,0.0,,
u_49284,0.0,-1,0.0,,
u_49285,0.0,-1,0.0,,
u_49286,0.0,-1,0.0,,
u_49287,0.0,-1,0.0,,
u_49288,0.08417531978986129,4924,0.0,0.787,0.0
u_49289,0.043034914056465874,6361,0.0,0.787,0.0
u_49290,0.0,-1,0.0,,
u_49291,0.0,-1,0.0,,
u_49292,0.043034914056465874,6211,0.0,0.787,0.0
u_49293,0.0,-1,0.0,,
u_49294,0.0,-1,0.0,,
u_49295,0.0,-1,0.0,,
u_49296,0.000287983197432813,1831,0.0,0.005,0.0
u_49297,0.0032338859993540393,3376,0.0,0.059,0.0
u_49298,0.0,-1,0.0,,
u_49299,0.043034914056465874,4802,0.0,0.787,0.0
u_49300,0.043034914056465874,2697,0.0,0.787,0.0
u_49301,0.0,-1,0.0,,
u_49302,0.0,-1,0.0,,
u_49303,0.0,-1,0.0,,
u_49304,0.0,-1,0.0,,
u_49305,0.040476256182006204,912,0.0,0.787,0.0
u_49306,0.0,-1,0.0,,
u_49307,0.0,-1,0.0,,
u_49308,0.0,-1,0.0,,
u_49309,0.0,-1,0.0,,
u_49310,0.0,-1,0.0,,
u_49311,0.0,-1,0.0,,
u_49312,0.03988812147525663,2087,0.0,0.787,0.0
u_49313,0.0,-1,0.0,,
u_49314,0.04570492584741688,2920,0.0,0.787,0.0
u_49315,0.043034914056465874,5801,0.0,0.787,0.0
u_49316,0.005007359369531956,3643,0.0,0.095,0.0
u_49317,0.0,-1,0.0,,
u_49318,0.042212638384349035,926,0.0,0.787,0.0
u_49319,0.001983371219252125,797,0.0,0.038,0.0
u_49320,0.0420678446127838,547,0.0,0.787,0.0
u_49321,0.01675900991137781,704,0.0,0.325,0.0
u_49322,0.0,-1,0.0,,
u_49323,0.0,-1,0.0,,
u_49324,0.0,-1,0.0,,
u_49325,0.0,-1,0.0,,
u_49326,0.043034914056465874,5873,0.0,0.787,0.0
u_49327,0.0,-1,0.0,,
u_49328,0.043034914056465874,5654,0.0,0.787,0.0
u_49329,0.0,-1,0.0,,
u_49330,0.0,-1,0.0,,
u_49331,0.0,-1,0.0,,
u_49332,0.0,-1,0.0,,
u_49333,0.0009287125132461807,1314,0.0,0.009,0.0
u_49334,0.04164803838331819,23,0.0,0.787,0.0
u_49335,0.0,-1,0.0,,
u_49336,0.0,-1,0.0,,
u_49337,0.0,-1,0.0,,
u_49338,0.04139882383522615,1381,0.0,0.787,0.0
u_49339,0.0,-1,0.0,,
u_49340,0.0,-1,0.0,,
u_49341,0.0,-1,0.0,,
u_49342,0.0,-1,0.0,,
u_49343,0.0,-1,0.0,,
u_49344,0.0,-1,0.0,,
u_49345,0.0,-1,0.0,,
u_49346,0.0,-1,0.0,,
u_49347,0.0,-1,0.0,,
u_49348,0.0,-1,0.0,,
u_49349,0.07989270181558364,670,0.0,0.787,0.0
u_49350,0.0,-1,0.0,,
u_49351,0.0,-1,0.0,,
u_49352,0.043034914056465874,1238,0.0,0.787,0.0
u_49353,0.0,-1,0.0,,
u_49354,0.0,-1,0.0,,
u_49355,0.0,-1,0.0,,
u_49356,0.0,-1,0.0,,
u_49357,0.043034914056465874,6217,0.0,0.787,0.0
u_49358,0.0,-1,0.0,,
u_49359,0.0,-1,0.0,,
u_49360,0.0,-1,0.0,,
u_49361,0.043034914056465874,4185,0.0,0.787,0.0
u_49362,0.0,-1,0.0,,
u_49363,0.0024533432383189945,963,0.0,0.048,0.0
u_49364,0.0,-1,0.0,,
u_49365,0.0,-1,0.0,,
u_49366,0.0,-1,0.0,,
u_49367,0.0,-1,0.0,,
u_49368,0.0,-1,0.0,,
u_49369,0.0,-1,0.0,,
u_49370,0.043034914056465874,5629,0.0,0.787,0.0
u_49371,0.0,-1,0.0,,
u_49372,0.0,-1,0.0,,
u_49373,0.0,-1,0.0,,
u_49374,0.0,-1,0.0,,
u_49375,0.0,-1,0.0,,
u_49376,0.0,-1,0.0,,
u_49377,0.043034914056465874,5433,0.0,0.787,0.0
u_49378,0.043034914056465874,6347,0.0,0.787,0.0
u_49379,0.0,-1,0.0,,
u_49380,0.004692046292578696,3563,0.0,0.083,0.0
u_49381,0.0,-1,0.0,,
u_49382,0.0,-1,0.0,,
u_49383,0.0,-1,0.0,,
u_49384,0.0,-1,0.0,,
u_49385,0.0,-1,0.0,,
u_49386,0.0,-1,0.0,,
u_49387,0.0,-1,0.0,,
u_49388,0.0,-1,0.0,,
u_49389,0.0,-1,0.0,,
u_49390,0.0,-1,0.0,,
u_49391,0.0,-1,0.0,,
u_49392,0.0,-1,0.0,,
u_49393,0.039893142746301395,662,0.0,0.787,0.0
u_49394,0.05481651839836387,4733,0.0,0.972,0.0
u_49395,0.0029457952396499307,2946,0.0,0.028,0.0
u_49396,0.0,-1,0.0,,
u_49397,0.004769675995465895,1522,0.0,0.088,0.0
u_49398,0.0,-1,0.0,,
u_49399,0.004269097438540851,3517,0.0,0.076,0.0
u_49400,0.0,-1,0.0,,
u_49401,0.043034914056465874,4639,0.0,0.787,0.0
u_49402,0.0,-1,0.0,,
u_49403,0.043034914056465874,6062,0.0,0.787,0.0
u_49404,0.043034914056465874,5774,0.0,0.787,0.0
u_49405,0.043034914056465874,5483,0.0,0.787,0.0
u_49406,0.0,-1,0.0,,
u_49407,0.0034597607447547033,3419,0.0,0.063,0.0
u_49408,0.04167094559782679,22,0.0,0.787,0.0
u_49409,0.00025899144579556477,222,0.0,0.005,0.0
u_49410,0.044372866556084925,4664,0.0,0.787,0.0
u_49411,0.0,-1,0.0,,
u_49412,0.04437303568221261,2585,0.0,0.787,0.0
u_49413,0.0,-1,0.0,,
u_49414,0.0,-1,0.0,,
u_49415,0.0,-1,0.0,,
u_49416,0.0,-1,0.0,,
u_49417,0.0,-1,0.0,,
u_49418,0.043034914056465874,4267,0.0,0.787,0.0
u_49419,0.0005739019442818627,278,0.0,0.011,0.0
u_49420,0.0,-1,0.0,,
u_49421,0.043034914056465874,5681,0.0,0.787,0.0
u_49422,0.0,-1,0.0,,
u_49423,0.043034914056465874,3710,0.0,0.787,0.0
u_49424,0.0,-1,0.0,,
u_49425,0.0,-1,0.0,,
u_49426,0.0,-1,0.0,,
u_49427,0.0,-1,0.0,,
u_49428,0.0,-1,0.0,,
u_49429,0.043034914056465874,4793,0.0,0.787,0.0
u_49430,0.0,-1,0.0,,
u_49431,0.0,-1,0.0,,
u_49432,0.0,-1,0.0,,
u_49433,0.0,-1,0.0,,
u_49434,0.0,-1,0.0,,
u_49435,0.0,-1,0.0,,
u_49436,0.043034914056465874,5254,0.0,0.787,0.0
u_49437,0.0,-1,0.0,,
u_49438,0.010103518798672245,592,0.0,0.193,0.0
u_49439,0.0,-1,0.0,,
u_49440,0.0,-1,0.0,,
u_49441,0.0,-1,0.0,,
u_49442,0.0,-1,0.0,,
u_49443,0.0,-1,0.0,,
u_49444,0.0,-1,0.0,,
u_49445,0.08417531978986129,4839,0.0,0.787,0.0
u_49446,0.043034914056465874,4933,0.0,0.787,0.0
u_49447,0.0,-1,0.0,,
u_49448,0.0,-1,0.0,,
u_49449,0.08373952150415558,222,0.0,0.787,0.0
u_49450,0.0241209922352882,4367,0.0,0.441,0.0
u_49451,0.0,-1,0.0,,
u_49452,0.0,-1,0.0,,
u_49453,0.0,-1,0.0,,
u_49454,0.043034914056465874,5693,0.0,0.787,0.0
u_49455,0.0,-1,0.0,,
u_49456,0.0,-1,0.0,,
u_49457,0.0,-1,0.0,,
u_49458,0.0,-1,0.0,,
u_49459,0.0,-1,0.0,,
u_49460,0.0,-1,0.0,,
u_49461,0.0,-1,0.0,,
u_49462,0.0,-1,0.0,,
u_49463,0.0,-1,0.0,,
u_49464,0.0,-1,0.0,,
u_49465,0.0,-1,0.0,,
u_49466,0.043034914056465874,4960,0.0,0.787,0.0
u_49467,0.0,-1,0.0,,
u_49468,0.0,-1,0.0,,
u_49469,0.0,-1,0.0,,
u_49470,0.0,-1,0.0,,
u_49471,0.043034914056465874,2076,0.0,0.787,0.0
u_49472,0.0,-1,0.0,,
u_49473,0.030105828563411395,4489,0.0,0.55,0.0
u_49474,0.00045737247774322426,1682,0.0,0.004,0.0
u_49475,0.0,-1,0.0,,
u_49476,0.0,-1,0.0,,
u_49477,0.08417531978986129,2331,0.0,0.787,0.0
u_49478,0.0,-1,0.0,,
u_49479,0.0,-1,0.0,,
u_49480,0.0,-1,0.0,,
u_49481,0.0,-1,0.0,,
u_49482,0.051545228774491754,2441,0.0,0.254,0.0
u_49483,0.043034914056465874,6346,0.0,0.787,0.0
u_49484,0.0,-1,0.0,,
u_49485,0.0363599215173408,981,0.0,0.703,0.0
u_49486,0.0,-1,0.0,,
u_49487,0.0,-1,0.0,,
u_49488,0.0,-1,0.0,,
u_49489,0.043034914056465874,5978,0.0,0.787,0.0
u_49490,0.0,-1,0.0,,
u_49491,0.0,-1,0.0,,
u_49492,0.0,-1,0.0,,
u_49493,0.0,-1,0.0,,
u_49494,0.0422016410629896,473,0.0,0.787,0.0
u_49495,0.0003104141553879524,1395,0.0,0.003,0.0
u_49496,0.0,-1,0.0,,
u_49497,0.0,-1,0.0,,
u_49498,0.04773150095260159,168,0.0,0.787,0.0
u_49499,0.0,-1,0.0,,
u_49500,0.0,-1,0.0,,
u_49501,0.043034914056465874,772,0.0,0.787,0.0
u_49502,0.00037295746651903265,2032,0.0,0.007,0.0
u_49503,0.00017508353658594913,1502,0.0,0.003,0.0
u_49504,0.0,-1,0.0,,
u_49505,0.0,-1,0.0,,
u_49506,0.009392985989029854,3955,0.0,0.172,0.0
u_49507,0.0,-1,0.0,,
u_49508,0.0,-1,0.0,,
u_49509,0.03988878234493904,1077,0.0,0.787,0.0
u_49510,5.4516262092118914e-05,382,0.0,0.001,0.0
u_49511,0.0,-1,0.0,,
u_49512,0.0,-1,0.0,,
u_49513,0.0,-1,0.0,,
u_49514,0.0,-1,0.0,,
u_49515,0.0,-1,0.0,,
u_49516,4.1232430457409776e-05,14,0.0,0.001,0.0
u_49517,0.0,-1,0.0,,
u_49518,0.0,-1,0.0,,
u_49519,0.00015259961449716217,1365,0.0,0.003,0.0
u_49520,0.0,-1,0.0,,
u_49521,0.0,-1,0.0,,
u_49522,0.0,-1,0.0,,
u_49523,0.0,-1,0.0,,
u_49524,0.0,-1,0.0,,
u_49525,0.0,-1,0.0,,
u_49526,0.0,-1,0.0,,
u_49527,0.0,-1,0.0,,
u_49528,0.08417531978986129,3706,0.0,0.787,0.0
u_49529,0.0,-1,0.0,,
u_49530,0.0,-1,0.0,,
u_49531,0.0,-1,0.0,,
u_49532,0.0,-1,0.0,,
u_49533,0.0,-1,0.0,,
u_49534,0.03988761373216985,222,0.0,0.787,0.0
u_49535,0.0,-1,0.0,,
u_49536,0.0,-1,0.0,,
u_49537,0.043034914056465874,6314,0.0,0.787,0.0
u_49538,0.0,-1,0.0,,
u_49539,0.0,-1,0.0,,
u_49540,0.0,-1,0.0,,
u_49541,0.043034914056465874,5198,0.0,0.787,0.0
u_49542,0.0,-1,0.0,,
u_49543,0.0,-1,0.0,,
u_49544,0.0,-1,0.0,,
u_49545,0.0,-1,0.0,,
u_49546,0.0,-1,0.0,,
u_49547,0.0,-1,0.0,,
u_49548,0.0,-1,0.0,,
u_49549,0.0,-1,0.0,,
u_49550,0.0,-1,0.0,,
u_49551,0.0,-1,0.0,,
u_49552,0.0,-1,0.0,,
u_49553,0.04129731998837345,12,0.0,0.787,0.0
u_49554,0.0,-1,0.0,,
u_49555,0.002048699547532029,53,0.0,0.019,0.0
u_49556,0.0,-1,0.0,,
u_49557,0.0,-1,0.0,,
u_49558,0.0,-1,0.0,,
u_49559,0.015859597100036135,2097,0.0,0.153,0.0
u_49560,0.0,-1,0.0,,
u_49561,0.0,-1,0.0,,
u_49562,0.0,-1,0.0,,
u_49563,0.042130407716432006,4790,0.0,0.787,0.0
u_49564,0.0,-1,0.0,,
u_49565,0.043034914056465874,5237,0.0,0.787,0.0
u_49566,0.04178715022261263,690,0.0,0.787,0.0
u_49567,0.0,-1,0.0,,
u_49568,0.043034914056465874,2348,0.0,0.787,0.0
u_49569,0.04097951330072943,1229,0.0,0.787,0.0
u_49570,0.0,-1,0.0,,
u_49571,0.0,-1,0.0,,
u_49572,0.043034914056465874,5273,0.0,0.787,0.0
u_49573,0.08535450215198784,711,0.0,0.787,0.0
u_49574,0.0,-1,0.0,,
u_49575,0.0,-1,0.0,,
u_49576,0.0006125167790623204,977,0.0,0.006,0.0
u_49577,0.04106378195309269,4022,0.0,0.787,0.0
u_49578,0.0,-1,0.0,,
u_49579,0.0,-1,0.0,,
u_49580,0.043034914056465874,3927,0.0,0.787,0.0
u_49581,0.043034914056465874,5719,0.0,0.787,0.0
u_49582,0.043034914056465874,388,0.0,0.787,0.0
u_49583,0.043034914056465874,6082,0.0,0.787,0.0
u_49584,0.0,-1,0.0,,
u_49585,0.0,-1,0.0,,
u_49586,0.0,-1,0.0,,
u_49587,0.0,-1,0.0,,
u_49588,0.0,-1,0.0,,
u_49589,0.0,-1,0.0,,
u_49590,0.0,-1,0.0,,
u_49591,0.03988724746645289,985,0.0,0.787,0.0
u_49592,0.0008014221210949432,360,0.0,0.014,0.0
u_49593,0.0,-1,0.0,,
u_49594,0.0806934476767939,1880,0.0,0.787,0.0
u_49595,0.0,-1,0.0,,
u_49596,0.0,-1,0.0,,
u_49597,0.043034914056465874,2265,0.0,0.787,0.0
u_49598,0.0,-1,0.0,,
u_49599,0.0,-1,0.0,,
u_49600,0.0,-1,0.0,,
u_49601,0.040088742740151374,222,0.0,0.787,0.0
u_49602,0.043034914056465874,1699,0.0,0.787,0.0
u_49603,0.0,-1,0.0,,
u_49604,0.0,-1,0.0,,
u_49605,0.0,-1,0.0,,
u_49606,0.0003702584162068733,1203,0.0,0.002,0.0
u_49607,0.0,-1,0.0,,
u_49608,0.0,-1,0.0,,
u_49609,0.0006128316852711816,2350,0.0,0.011,0.0
u_49610,0.0,-1,0.0,,
u_49611,0.0,-1,0.0,,
u_49612,0.0007299987901115009,1362,0.0,0.013,0.0
u_49613,0.0,-1,0.0,,
u_49614,0.0,-1,0.0,,
u_49615,0.043034914056465874,5775,0.0,0.787,0.0
u_49616,0.0,-1,0.0,,
u_49617,0.0,-1,0.0,,
u_49618,0.0,-1,0.0,,
u_49619,0.0,-1,0.0,,
u_49620,0.0,-1,0.0,,
u_49621,0.043034914056465874,1304,0.0,0.787,0.0
u_49622,0.03988736346190078,3393,0.0,0.787,0.0
u_49623,0.0,-1,0.0,,
u_49624,0.043034914056465874,2343,0.0,0.787,0.0
u_49625,0.0,-1,0.0,,
u_49626,0.0,-1,0.0,,
u_49627,0.0,-1,0.0,,
u_49628,0.08439724076723884,565,0.0,0.787,0.0
u_49629,0.0,-1,0.0,,
u_49630,0.0,-1,0.0,,
u_49631,0.0,-1,0.0,,
u_49632,0.0,-1,0.0,,
u_49633,0.0,-1,0.0,,
u_49634,0.043034914056465874,6317,0.0,0.787,0.0
u_49635,0.0,-1,0.0,,
u_49636,0.0,-1,0.0,,
u_49637,0.005019787113112971,3229,0.0,0.047,0.0
u_49638,0.0,-1,0.0,,
u_49639,0.0,-1,0.0,,
u_49640,0.0,-1,0.0,,
u_49641,0.04179939863529109,608,0.0,0.787,0.0
u_49642,0.002266376032645086,3153,0.0,0.041,0.0
u_49643,0.0,-1,0.0,,
u_49644,0.043034914056465874,6320,0.0,0.787,0.0
u_49645,0.0,-1,0.0,,
u_49646,0.0,-1,0.0,,
u_49647,0.039889361246155136,3418,0.0,0.787,0.0
u_49648,0.043034914056465874,4287,0.0,0.787,0.0
u_49649,0.0,-1,0.0,,
u_49650,0.0,-1,0.0,,
u_49651,0.03720988930248205,4083,0.0,0.355,0.0
u_49652,0.0,-1,0.0,,
u_49653,0.0,-1,0.0,,
u_49654,0.0,-1,0.0,,
u_49655,0.0,-1,0.0,,
u_49656,0.0,-1,0.0,,
u_49657,0.0,-1,0.0,,
u_49658,0.0,-1,0.0,,
u_49659,0.0,-1,0.0,,
u_49660,0.0,-1,0.0,,
u_49661,0.0,-1,0.0,,
u_49662,0.0,-1,0.0,,
u_49663,0.03988958334021153,483,0.0,0.787,0.0
u_49664,0.0,-1,0.0,,
u_49665,0.003104521781894633,3341,0.0,0.057,0.0
u_49666,0.0,-1,0.0,,
u_49667,0.0,-1,0.0,,
u_49668,0.0,-1,0.0,,
u_49669,0.0,-1,0.0,,
u_49670,0.12350836410874089,1715,0.0,0.787,0.0
u_49671,0.0,-1,0.0,,
u_49672,0.0,-1,0.0,,
u_49673,0.0,-1,0.0,,
u_49674,0.043034914056465874,5763,0.0,0.787,0.0
u_49675,0.0,-1,0.0,,
u_49676,0.043034914056465874,4227,0.0,0.787,0.0
u_49677,0.0,-1,0.0,,
u_49678,0.0,-1,0.0,,
u_49679,0.0796310479752741,1025,0.0,0.787,0.0
u_49680,0.0,-1,0.0,,
u_49681,0.0,-1,0.0,,
u_49682,0.0,-1,0.0,,
u_49683,0.0,-1,0.0,,
u_49684,0.0,-1,0.0,,
u_49685,0.0,-1,0.0,,
u_49686,0.0,-1,0.0,,
u_49687,0.0,-1,0.0,,
u_49688,0.02914049345567921,4465,0.0,0.533,0.0
u_49689,0.08027409976176557,168,0.0,0.787,0.0
u_49690,0.0,-1,0.0,,
u_49691,0.0,-1,0.0,,
u_49692,0.0,-1,0.0,,
u_49693,0.0,-1,0.0,,
u_49694,0.0006341174536898213,2387,0.0,0.012,0.0
u_49695,0.0019661274719951984,2462,0.0,0.019,0.0
u_49696,0.04385777069070939,3410,0.0,0.787,0.0
u_49697,0.03780878433582969,3323,0.0,0.735,0.0
u_49698,0.0,-1,0.0,,
u_49699,0.08236964686521622,4340,0.0,0.787,0.0
u_49700,0.0,-1,0.0,,
u_49701,0.0008157325309865989,189,0.0,0.016,0.0
u_49702,0.0,-1,0.0,,
u_49703,0.0,-1,0.0,,
u_49704,0.00028276782465932977,1433,0.0,0.005,0.0
u_49705,0.0,-1,0.0,,
u_49706,0.043034914056465874,4283,0.0,0.787,0.0
u_49707,0.003728378933267685,3461,0.0,0.068,0.0
u_49708,0.0,-1,0.0,,
u_49709,0.04044969834298905,2721,0.0,0.787,0.0
u_49710,0.0,-1,0.0,,
u_49711,7.724610581938666e-05,763,0.0,0.001,0.0
u_49712,0.0028757878058516652,3297,0.0,0.053,0.0
u_49713,0.0,-1,0.0,,
u_49714,0.0,-1,0.0,,
u_49715,0.039888631538075876,1128,0.0,0.787,0.0
u_49716,0.0,-1,0.0,,
u_49717,0.0,-1,0.0,,
u_49718,0.043034914056465874,2853,0.0,0.787,0.0
u_49719,0.0025407736213046237,2844,0.0,0.024,0.0
u_49720,0.0,-1,0.0,,
u_49721,0.043034914056465874,2715,0.0,0.787,0.0
u_49722,8.422079294694655e-05,903,0.0,0.002,0.0
u_49723,0.0,-1,0.0,,
u_49724,0.0,-1,0.0,,
u_49725,0.0,-1,0.0,,
u_49726,0.0,-1,0.0,,
u_49727,0.0,-1,0.0,,
u_49728,0.0,-1,0.0,,
u_49729,0.0,-1,0.0,,
u_49730,0.043034914056465874,4658,0.0,0.787,0.0
u_49731,0.042130407716432006,5142,0.0,0.787,0.0
u_49732,0.0,-1,0.0,,
u_49733,0.0,-1,0.0,,
u_49734,0.0,-1,0.0,,
u_49735,0.0,-1,0.0,,
u_49736,0.0,-1,0.0,,
u_49737,4.611115847648949e-05,171,0.0,0.001,0.0
u_49738,0.0,-1,0.0,,
u_49739,0.04278046745675103,1152,0.0,0.787,0.0
u_49740,0.0,-1,0.0,,
u_49741,0.0,-1,0.0,,
u_49742,0.0,-1,0.0,,
u_49743,6.948047614691682e-05,577,0.0,0.001,0.0
u_49744,0.006852320270431304,89,0.0,0.133,0.0
u_49745,0.0,-1,0.0,,
u_49746,0.0,-1,0.0,,
u_49747,0.07963127995067366,2525,0.0,0.787,0.0
u_49748,0.0,-1,0.0,,
u_49749,0.0,-1,0.0,,
u_49750,0.08502233914792617,662,0.0,0.787,0.0
u_49751,0.0,-1,0.0,,
u_49752,0.04437114381449625,3940,0.0,0.787,0.0
u_49753,0.0,-1,0.0,,
u_49754,0.045099553538673204,866,0.0,0.787,0.0
u_49755,0.0,-1,0.0,,
u_49756,0.0,-1,0.0,,
u_49757,0.0,-1,0.0,,
u_49758,0.08236373490132273,1867,0.0,0.787,0.0
u_49759,0.0,-1,0.0,,
u_49760,0.0,-1,0.0,,
u_49761,0.0,-1,0.0,,
u_49762,0.0,-1,0.0,,
u_49763,0.0,-1,0.0,,
u_49764,0.0,-1,0.0,,
u_49765,0.0,-1,0.0,,
u_49766,0.0,-1,0.0,,
u_49767,0.0,-1,0.0,,
u_49768,0.0,-1,0.0,,
u_49769,0.0,-1,0.0,,
u_49770,0.0398874067321443,1221,0.0,0.787,0.0
u_49771,0.0,-1,0.0,,
u_49772,0.0,-1,0.0,,
u_49773,0.0,-1,0.0,,
u_49774,0.0,-1,0.0,,
u_49775,0.0,-1,0.0,,
u_49776,0.0,-1,0.0,,
u_49777,0.0,-1,0.0,,
u_49778,0.0,-1,0.0,,
u_49779,0.0006483607059295019,1925,0.0,0.006,0.0
u_49780,0.043034914056465874,5621,0.0,0.787,0.0
u_49781,0.0,-1,0.0,,
u_49782,0.0,-1,0.0,,
u_49783,0.0,-1,0.0,,
u_49784,0.0,-1,0.0,,
u_49785,0.0,-1,0.0,,
u_49786,0.0,-1,0.0,,
u_49787,0.0,-1,0.0,,
u_49788,0.0,-1,0.0,,
u_49789,0.0,-1,0.0,,
u_49790,0.043034914056465874,6221,0.0,0.787,0.0
u_49791,0.0,-1,0.0,,
u_49792,0.043034914056465874,6345,0.0,0.787,0.0
u_49793,0.043034914056465874,4968,0.0,0.787,0.0
u_49794,0.0,-1,0.0,,
u_49795,0.0,-1,0.0,,
u_49796,0.03998876014614619,3234,0.0,0.787,0.0
u_49797,0.0,-1,0.0,,
u_49798,0.014873173976041616,2513,0.0,0.137,0.0
u_49799,0.0,-1,0.0,,
u_49800,0.043034914056465874,5812,0.0,0.787,0.0
u_49801,0.0,-1,0.0,,
u_49802,0.00014494433097323099,1325,0.0,0.003,0.0
u_49803,0.0,-1,0.0,,
u_49804,0.0,-1,0.0,,
u_49805,0.0,-1,0.0,,
u_49806,0.0,-1,0.0,,
u_49807,0.0,-1,0.0,,
u_49808,0.043034914056465874,5768,0.0,0.787,0.0
u_49809,0.0416953029082271,74,0.0,0.787,0.0
u_49810,0.00023392341337867873,1271,0.0,0.004,0.0
u_49811,0.043034914056465874,5782,0.0,0.787,0.0
u_49812,0.0,-1,0.0,,
u_49813,0.0,-1,0.0,,
u_49814,0.0,-1,0.0,,
u_49815,0.0,-1,0.0,,
u_49816,0.0,-1,0.0,,
u_49817,0.0,-1,0.0,,
u_49818,0.043034914056465874,5704,0.0,0.787,0.0
u_49819,0.0,-1,0.0,,
u_49820,0.0344210432594847,161,0.0,0.587,0.0
u_49821,0.0,-1,0.0,,
u_49822,0.0,-1,0.0,,
u_49823,0.0,-1,0.0,,
u_49824,0.043034914056465874,3248,0.0,0.787,0.0
u_49825,0.0,-1,0.0,,
u_49826,0.0,-1,0.0,,
u_49827,0.03989167984123706,4540,0.0,0.787,0.0
u_49828,0.0,-1,0.0,,
u_49829,0.0,-1,0.0,,
u_49830,0.003406853903601662,25,0.0,0.062,0.0
u_49831,0.043034914056465874,1693,0.0,0.787,0.0
u_49832,0.04376505665197103,2738,0.0,0.787,0.0
u_49833,0.0,-1,0.0,,
u_49834,0.0,-1,0.0,,
u_49835,0.043034914056465874,4991,0.0,0.787,0.0
u_49836,0.0,-1,0.0,,
u_49837,0.00790583259575862,3853,0.0,0.145,0.0
u_49838,0.0,-1,0.0,,
u_49839,0.03988818394164745,549,0.0,0.787,0.0
u_49840,0.04032928281859246,804,0.0,0.787,0.0
u_49841,0.0,-1,0.0,,
u_49842,0.0,-1,0.0,,
u_49843,0.0,-1,0.0,,
u_49844,0.0,-1,0.0,,
u_49845,0.0,-1,0.0,,
u_49846,0.0,-1,0.0,,
u_49847,0.0,-1,0.0,,
u_49848,0.0,-1,0.0,,
u_49849,0.0,-1,0.0,,
u_49850,0.0001831516304265645,1479,0.0,0.003,0.0
u_49851,0.004200510327582323,2920,0.0,0.026,0.0
u_49852,0.0,-1,0.0,,
u_49853,0.0,-1,0.0,,
u_49854,0.04033274761657595,1426,0.0,0.787,0.0
u_49855,0.04072382554612613,113,0.0,0.787,0.0
u_49856,0.043034914056465874,6327,0.0,0.787,0.0
u_49857,0.0,-1,0.0,,
u_49858,0.0,-1,0.0,,
u_49859,0.0,-1,0.0,,
u_49860,0.043034914056465874,4820,0.0,0.787,0.0
u_49861,0.0,-1,0.0,,
u_49862,0.0,-1,0.0,,
u_49863,0.0,-1,0.0,,
u_49864,0.03988800976801105,418,0.0,0.787,0.0
u_49865,0.0,-1,0.0,,
u_49866,0.0,-1,0.0,,
u_49867,0.0,-1,0.0,,
u_49868,0.0,-1,0.0,,
u_49869,0.003958048199096341,3489,0.0,0.072,0.0
u_49870,0.04202170295024678,2268,0.0,0.787,0.0
u_49871,0.0,-1,0.0,,
u_49872,0.0,-1,0.0,,
u_49873,0.0,-1,0.0,,
u_49874,8.537183520605031e-05,901,0.0,0.002,0.0
u_49875,0.0,-1,0.0,,
u_49876,0.0,-1,0.0,,
u_49877,0.043034914056465874,4443,0.0,0.787,0.0
u_49878,0.04331483126463234,1167,0.0,0.787,0.0
u_49879,0.043034914056465874,6291,0.0,0.787,0.0
u_49880,0.0,-1,0.0,,
u_49881,0.0,-1,0.0,,
u_49882,0.04267041641716665,385,0.0,0.787,0.0
u_49883,0.043034914056465874,1875,0.0,0.787,0.0
u_49884,0.0,-1,0.0,,
u_49885,0.0,-1,0.0,,
u_49886,0.0,-1,0.0,,
u_49887,0.043034914056465874,6194,0.0,0.787,0.0
u_49888,0.04028720900810683,189,0.0,0.787,0.0
u_49889,0.0,-1,0.0,,
u_49890,0.0,-1,0.0,,
u_49891,0.0,-1,0.0,,
u_49892,0.043034914056465874,5798,0.0,0.787,0.0
u_49893,0.0,-1,0.0,,
u_49894,0.0,-1,0.0,,
u_49895,0.043034914056465874,3173,0.0,0.787,0.0
u_49896,0.0,-1,0.0,,
u_49897,0.0,-1,0.0,,
u_49898,0.042427353865301075,1870,0.0,0.787,0.0
u_49899,0.043034914056465874,2447,0.0,0.787,0.0
u_49900,0.0,-1,0.0,,
u_49901,0.00010935143991927717,1068,0.0,0.002,0.0
u_49902,0.0,-1,0.0,,
u_49903,0.0,-1,0.0,,
u_49904,0.0,-1,0.0,,
u_49905,0.043034914056465874,417,0.0,0.787,0.0
u_49906,0.0,-1,0.0,,
u_49907,0.0006631518861627052,1959,0.0,0.006,0.0
u_49908,0.043034914056465874,2887,0.0,0.787,0.0
u_49909,0.043034914056465874,5213,0.0,0.787,0.0
u_49910,0.0006987856561196948,297,0.0,0.013,0.0
u_49911,0.0,-1,0.0,,
u_49912,0.0,-1,0.0,,
u_49913,0.0,-1,0.0,,
u_49914,0.0,-1,0.0,,
u_49915,0.0,-1,0.0,,
u_49916,0.0,-1,0.0,,
u_49917,0.0,-1,0.0,,
u_49918,0.0,-1,0.0,,
u_49919,0.0,-1,0.0,,
u_49920,0.043034914056465874,5702,0.0,0.787,0.0
u_49921,0.0,-1,0.0,,
u_49922,0.0,-1,0.0,,
u_49923,0.043034914056465874,6341,0.0,0.787,0.0
u_49924,0.0,-1,0.0,,
u_49925,0.0,-1,0.0,,
u_49926,0.00020429816691661202,1561,0.0,0.004,0.0
u_49927,0.0,-1,0.0,,
u_49928,0.0,-1,0.0,,
u_49929,0.03988978447811121,139,0.0,0.787,0.0
u_49930,0.0,-1,0.0,,
u_49931,0.00022823616522878946,1671,0.0,0.004,0.0
u_49932,0.0,-1,0.0,,
u_49933,0.0,-1,0.0,,
u_49934,0.0,-1,0.0,,
u_49935,0.0,-1,0.0,,
u_49936,0.0,-1,0.0,,
u_49937,0.043034914056465874,5469,0.0,0.787,0.0
u_49938,0.0,-1,0.0,,
u_49939,0.0,-1,0.0,,
u_49940,0.0,-1,0.0,,
u_49941,0.0,-1,0.0,,
u_49942,0.0,-1,0.0,,
u_49943,0.0,-1,0.0,,
u_49944,0.0,-1,0.0,,
u_49945,0.0,-1,0.0,,
u_49946,0.0,-1,0.0,,
u_49947,0.0,-1,0.0,,
u_49948,0.00580090789935007,3688,0.0,0.106,0.0
u_49949,0.043034914056465874,5028,0.0,0.787,0.0
u_49950,0.0,-1,0.0,,
u_49951,0.0,-1,0.0,,
u_49952,0.0,-1,0.0,,
u_49953,0.0,-1,0.0,,
u_49954,0.0,-1,0.0,,
u_49955,0.0,-1,0.0,,
u_49956,0.0,-1,0.0,,
u_49957,0.0,-1,0.0,,
u_49958,0.0,-1,0.0,,
u_49959,0.0,-1,0.0,,
u_49960,0.0,-1,0.0,,
u_49961,0.0,-1,0.0,,
u_49962,0.0,-1,0.0,,
u_49963,0.043034914056465874,2556,0.0,0.787,0.0
u_49964,0.0,-1,0.0,,
u_49965,0.0,-1,0.0,,
u_49966,0.0,-1,0.0,,
u_49967,0.003057134179965568,2476,0.0,0.029,0.0
u_49968,0.0,-1,0.0,,
u_49969,0.04156758947275719,1686,0.0,0.787,0.0
u_49970,0.0,-1,0.0,,
u_49971,0.043034914056465874,5783,0.0,0.787,0.0
u_49972,0.0,-1,0.0,,
u_49973,0.08123401099401516,980,0.0,0.787,0.0
u_49974,0.0,-1,0.0,,
u_49975,0.035900488708253964,74,0.0,0.702,0.0
u_49976,0.0,-1,0.0,,
u_49977,0.08599405582500835,849,0.0,0.787,0.0
u_49978,0.0,-1,0.0,,
u_49979,0.0,-1,0.0,,
u_49980,0.0,-1,0.0,,
u_49981,0.0,-1,0.0,,
u_49982,0.0,-1,0.0,,
u_49983,0.006958397316467585,3791,0.0,0.127,0.0
u_49984,0.0,-1,0.0,,
u_49985,0.0,-1,0.0,,
u_49986,0.0,-1,0.0,,
u_49987,0.0,-1,0.0,,
u_49988,0.0,-1,0.0,,
u_49989,0.0,-1,0.0,,
u_49990,0.0,-1,0.0,,
u_49991,0.011304375009531712,4027,0.0,0.2,0.0
u_49992,0.0,-1,0.0,,
u_49993,0.0,-1,0.0,,
u_49994,0.0,-1,0.0,,
u_49995,0.0,-1,0.0,,
u_49996,0.0,-1,0.0,,
u_49997,0.043034914056465874,5614,0.0,0.787,0.0
u_49998,0.0,-1,0.0,,
u_49999,0.0,-1,0.0,,
u_50000,0.12819986822641424,45,0.0,0.255,0.0
u_50001,0.01779411235634057,45,0.0,0.032,0.0
u_50002,0.03875154821931964,45,0.0,0.07,0.0
u_50003,0.08109710008773444,45,0.0,0.162,0.0
u_50004,0.0013271298059385757,45,0.0,0.001,0.0
u_50005,0.002173337481544485,45,0.0,0.004,0.0
u_50006,0.0014490025452655979,45,0.0,0.003,0.0
u_50007,0.17783193972652894,45,0.0,0.195,0.0
u_50008,0.0006393527452179656,45,0.0,0.001,0.0
u_50009,0.4900139644159262,45,0.0,0.576,0.0
u_50010,0.12137051076982018,45,0.0,0.143,0.0
u_50011,0.006400121217023679,45,0.0,0.007,0.0
u_50012,0.19109234530763472,45,0.0,0.423,0.0
u_50013,0.47038446155226726,45,0.0,0.553,0.0
u_50014,0.5682067990852856,45,0.0,0.787,0.0
u_50015,0.0035041045904130293,219,0.0,0.008,0.0
u_50016,0.03972296061601531,219,0.0,0.088,0.0
u_50017,0.0026960860219505376,219,0.0,0.011,0.0
u_50018,0.0009412645883658544,219,0.0,0.004,0.0
u_50019,0.0007205655269017617,219,0.0,0.002,0.0
u_50020,0.00022250869723016697,219,0.0,0.001,0.0
u_50021,0.31835073513944384,219,0.0,0.703,0.0
u_50022,0.009719564670411872,219,0.0,0.021,0.0
u_50023,0.26009535088524505,219,0.0,0.471,0.0
u_50024,0.0030083733563686104,219,0.0,0.007,0.0
u_50025,0.043598370785660395,219,0.0,0.124,0.0
u_50026,0.0004699080223208749,219,0.0,0.001,0.0
u_50027,0.06108582260474857,219,0.0,0.134,0.0
u_50028,0.5325997458550884,219,0.0,0.787,0.0
u_50029,0.0007145320567210853,294,0.0,0.002,0.0
u_50030,0.1365939995518244,294,0.0,0.674,0.0
u_50031,0.0004257767497447277,294,0.0,0.001,0.0
u_50032,0.0011445911845892637,294,0.0,0.003,0.0
u_50033,0.03597466731505148,294,0.0,0.079,0.0
u_50034,0.22299006177630668,294,0.0,0.49,0.0
u_50035,0.001183708112024426,294,0.0,0.004,0.0
u_50036,0.033902081980947754,294,0.0,0.074,0.0
u_50037,0.013805874341396268,294,0.0,0.034,0.0
u_50038,0.3580221891247138,294,0.0,0.787,0.0
u_50039,0.357987201266056,294,0.0,0.787,0.0
u_50040,0.0005517876867499817,496,0.0,0.001,0.0
u_50041,0.06699375534577032,496,0.0,0.167,0.0
u_50042,0.0025198900233726336,496,0.0,0.005,0.0
u_50043,0.0020661154548187307,496,0.0,0.004,0.0
u_50044,0.0020311919623885806,496,0.0,0.005,0.0
u_50045,0.0186728801478165,496,0.0,0.046,0.0
u_50046,0.30944182857037544,496,0.0,0.617,0.0
u_50047,0.002693581043529389,496,0.0,0.009,0.0
u_50048,0.08110266189485099,496,0.0,0.269,0.0
u_50049,0.02521959693435012,496,0.0,0.05,0.0
u_50050,0.27484309177591654,496,0.0,0.668,0.0
u_50051,0.44223515797258556,496,0.0,0.787,0.0
u_50052,0.4418302836797496,496,0.0,0.787,0.0
u_50053,0.0003950971664292017,685,0.0,0.001,0.0
u_50054,0.05368725380278302,685,0.0,0.21,0.0
u_50055,0.014878846378631254,685,0.0,0.037,0.0
u_50056,0.12894977163422477,685,0.0,0.321,0.0
u_50057,0.0029576256521983723,685,0.0,0.011,0.0
u_50058,0.12500114576724794,685,0.0,0.414,0.0
u_50059,0.3026558245859854,685,0.0,0.753,0.0
u_50060,0.007729586326096288,685,0.0,0.026,0.0
u_50061,0.3269268778797463,685,0.0,0.787,0.0
u_50062,0.0028619729438463296,393,0.0,0.007,0.0
u_50063,0.02612364896799386,393,0.0,0.064,0.0
u_50064,0.0005485567469171864,393,0.0,0.002,0.0
u_50065,0.007999027110307578,393,0.0,0.023,0.0
u_50066,0.34392971555561996,393,0.0,0.762,0.0
u_50067,0.0005956683862086023,393,0.0,0.001,0.0
u_50068,0.00038455402819395136,393,0.0,0.001,0.0
u_50069,0.00121676341252029,393,0.0,0.003,0.0
u_50070,0.004626475500947279,393,0.0,0.012,0.0
u_50071,0.0003521427770769361,393,0.0,0.001,0.0
u_50072,0.0024613912474197126,393,0.0,0.007,0.0
u_50073,0.008713682371139337,393,0.0,0.025,0.0
u_50074,0.491006118027049,393,0.0,0.787,0.0
u_50075,0.0003823710338831376,265,0.0,0.002,0.0
u_50076,0.0409595033289703,265,0.0,0.133,0.0
u_50077,0.07866926482841614,265,0.0,0.121,0.0
u_50078,0.23743959745137377,265,0.0,0.365,0.0
u_50079,0.00022958804241849317,265,0.0,0.001,0.0
u_50080,0.3863776781115249,265,0.0,0.551,0.0
u_50081,0.07322034025081642,265,0.0,0.112,0.0
u_50082,0.0020654443606758447,265,0.0,0.008,0.0
u_50083,0.6394312100410872,265,0.0,0.787,0.0
u_50084,0.000774704367882436,596,0.0,0.001,0.0
u_50085,0.007145227258759505,596,0.0,0.016,0.0
u_50086,0.038086907826169004,596,0.0,0.063,0.0
u_50087,0.036241246520338444,596,0.0,0.066,0.0
u_50088,0.0012607721944388871,596,0.0,0.002,0.0
u_50089,0.007277262442834965,596,0.0,0.013,0.0
u_50090,0.02449904453079179,596,0.0,0.041,0.0
u_50091,0.0022209294989322314,596,0.0,0.005,0.0
u_50092,0.020393465301908963,596,0.0,0.045,0.0
u_50093,0.0067075229018012045,596,0.0,0.015,0.0
u_50094,0.009984920369641428,596,0.0,0.02,0.0
u_50095,0.0033513167531734195,596,0.0,0.007,0.0
u_50096,0.0007339098814480354,596,0.0,0.001,0.0
u_50097,0.20245325988093554,596,0.0,0.367,0.0
u_50098,0.08970744769709937,596,0.0,0.176,0.0
u_50099,0.6107774128542852,596,0.0,0.787,0.0
u_50100,0.39971224613023687,1440,0.0,0.792,0.0
u_50101,0.004652199461186578,1440,0.0,0.009,0.0
u_50102,0.002016646027248102,1440,0.0,0.004,0.0
u_50103,0.11491146059427532,1440,0.0,0.254,0.0
u_50104,0.0014145044280063045,1440,0.0,0.003,0.0
u_50105,0.0031578842264969715,1440,0.0,0.009,0.0
u_50106,0.0017780025749153602,1440,0.0,0.003,0.0
u_50107,0.2986686935135765,1440,0.0,0.541,0.0
u_50108,0.07901551292394333,1440,0.0,0.156,0.0
u_50109,0.07950739971406785,1440,0.0,0.176,0.0
u_50110,0.13419272452464223,1440,0.0,0.297,0.0
u_50111,0.05617954466078375,1440,0.0,0.111,0.0
u_50112,0.315628011233069,1440,0.0,0.899,0.0
u_50113,0.03216849888133668,1440,0.0,0.058,0.0
u_50114,0.57127298220756,1440,0.0,0.787,0.0
u_50115,0.00030337121144668707,16,0.0,0.001,0.0
u_50116,0.0003424618886872873,16,0.0,0.001,0.0
u_50117,0.01723255107969636,16,0.0,0.042,0.0
u_50118,0.00035740226986007525,16,0.0,0.002,0.0
u_50119,0.00161314962557926,16,0.0,0.004,0.0
u_50120,0.00199797550633811,16,0.0,0.005,0.0
u_50121,0.003720714488451589,16,0.0,0.009,0.0
u_50122,0.27365947079721337,16,0.0,0.682,0.0
u_50123,0.011677978533671063,16,0.0,0.029,0.0
u_50124,0.15824300232074526,16,0.0,0.787,0.0
u_50125,0.4114634686401373,16,0.0,0.787,0.0
u_50126,0.0019108203614008432,898,0.0,0.005,0.0
u_50127,0.0014546837883079471,898,0.0,0.003,0.0
u_50128,0.007425668897261469,898,0.0,0.016,0.0
u_50129,0.0017514302566491917,898,0.0,0.005,0.0
u_50130,0.0005797524503444372,898,0.0,0.002,0.0
u_50131,0.051670379743865756,898,0.0,0.147,0.0
u_50132,0.002484645989865386,898,0.0,0.007,0.0
u_50133,0.0020414859019809474,898,0.0,0.004,0.0
u_50134,0.024278554890277103,898,0.0,0.053,0.0
u_50135,0.03182115544451907,898,0.0,0.063,0.0
u_50136,0.0008170664747332725,898,0.0,0.002,0.0
u_50137,0.43972999636748866,898,0.0,0.787,0.0
u_50138,0.40655615116054383,898,0.0,0.787,0.0
u_50139,0.103332449701737,0,0.0,0.206,0.0
u_50140,0.0008887318652577757,0,0.0,0.002,0.0
u_50141,0.002799640631919412,0,0.0,0.006,0.0
u_50142,0.0009389574496237627,0,0.0,0.002,0.0
u_50143,0.06346879895573326,0,0.0,0.141,0.0
u_50144,0.260932832152625,0,0.0,0.52,0.0
u_50145,0.00037437239827342134,0,0.0,0.001,0.0
u_50146,0.0010562167641663452,0,0.0,0.002,0.0
u_50147,0.010880093121470131,0,0.0,0.027,0.0
u_50148,0.44366996052321267,0,0.0,0.983,0.0
u_50149,0.0013519394307322488,0,0.0,0.003,0.0
u_50150,0.0019334389935315875,0,0.0,0.004,0.0
u_50151,0.48322323232577785,0,0.0,0.787,0.0
u_50152,0.44391756758065465,0,0.0,0.787,0.0
u_50153,0.056542643824336984,426,0.0,0.094,0.0
u_50154,0.00046347358400624413,426,0.0,0.001,0.0
u_50155,0.0036693667067788003,426,0.0,0.006,0.0
u_50156,0.5130129845591144,426,0.0,0.92,0.0
u_50157,0.002042992588236034,426,0.0,0.005,0.0
u_50158,0.08771938118941379,426,0.0,0.175,0.0
u_50159,0.006052458127683023,426,0.0,0.012,0.0
u_50160,0.03773893977799467,426,0.0,0.058,0.0
u_50161,0.008396824777818272,426,0.0,0.013,0.0
u_50162,0.021730721087254504,426,0.0,0.033,0.0
u_50163,0.0032392879510476703,426,0.0,0.005,0.0
u_50164,0.0017802898632104246,426,0.0,0.004,0.0
u_50165,0.022470470996291955,426,0.0,0.034,0.0
u_50166,0.17930921998845958,426,0.0,0.358,0.0
u_50167,0.0027322529101491406,426,0.0,0.006,0.0
u_50168,0.48183973754261183,426,0.0,0.787,0.0
u_50169,0.5279928618859321,426,0.0,0.787,0.0
u_50170,0.016519960048407552,18,0.0,0.047,0.0
u_50171,0.09519462680728918,18,0.0,0.271,0.0
u_50172,0.030309912741157227,18,0.0,0.117,0.0
u_50173,0.29731386230518475,18,0.0,0.847,0.0
u_50174,0.0014186156775956372,18,0.0,0.004,0.0
u_50175,0.0002273016538324901,18,0.0,0.001,0.0
u_50176,0.11110049080674644,18,0.0,0.314,0.0
u_50177,0.0460786702375281,18,0.0,0.115,0.0
u_50178,0.32879435605100227,18,0.0,0.819,0.0
u_50179,0.36091316060577583,18,0.0,0.787,0.0
u_50180,0.36434152323801294,18,0.0,0.787,0.0
u_50181,0.040338608309662176,841,0.0,0.073,0.0
u_50182,0.00819756308042196,841,0.0,0.014,0.0
u_50183,0.0141448076205198,841,0.0,0.023,0.0
u_50184,0.21887134017645282,841,0.0,0.364,0.0
u_50185,0.023063933274925983,841,0.0,0.035,0.0
u_50186,0.08869427906194378,841,0.0,0.197,0.0
u_50187,0.07071447222182688,841,0.0,0.175,0.0
u_50188,0.019306932932247067,841,0.0,0.03,0.0
u_50189,0.0016862842322115704,841,0.0,0.004,0.0
u_50190,0.0007690662251801395,841,0.0,0.002,0.0
u_50191,0.0026549836745879065,841,0.0,0.005,0.0
u_50192,0.0019286652480788133,841,0.0,0.003,0.0
u_50193,0.008793392740335342,841,0.0,0.014,0.0
u_50194,0.3246517241983895,841,0.0,0.54,0.0
u_50195,0.0022902380761771653,841,0.0,0.004,0.0
u_50196,0.44803267915827977,841,0.0,0.787,0.0
u_50197,0.5621417598822367,841,0.0,0.787,0.0
u_50198,0.00013254027432302542,205,0.0,0.001,0.0
u_50199,0.21156341635711456,205,0.0,0.843,0.0
u_50200,0.057522980702882955,205,0.0,0.184,0.0
u_50201,0.0005575805720735389,205,0.0,0.002,0.0
u_50202,0.003493417957878711,205,0.0,0.014,0.0
u_50203,0.0010425547395145004,205,0.0,0.004,0.0
u_50204,0.0004651714035547603,205,0.0,0.002,0.0
u_50205,0.001077439720735491,205,0.0,0.007,0.0
u_50206,0.328315336205866,205,0.0,0.787,0.0
u_50207,0.0011746341775398584,1041,0.0,0.003,0.0
u_50208,0.002771430342081924,1041,0.0,0.007,0.0
u_50209,0.18582438615090965,1041,0.0,0.615,0.0
u_50210,0.001031809476233529,1041,0.0,0.002,0.0
u_50211,0.0012618408429798075,1041,0.0,0.003,0.0
u_50212,0.3816180653083929,1041,0.0,0.691,0.0
u_50213,0.0241979634729025,1041,0.0,0.08,0.0
u_50214,0.018897538917438995,1041,0.0,0.047,0.0
u_50215,0.00468366333559284,1041,0.0,0.012,0.0
u_50216,0.3161532895915106,1041,0.0,0.787,0.0
u_50217,0.36600209632621583,1041,0.0,0.787,0.0
u_50218,0.016749677291741337,1317,0.0,0.056,0.0
u_50219,0.0014318383386395272,1317,0.0,0.004,0.0
u_50220,0.006151857166625758,1317,0.0,0.015,0.0
u_50221,0.055292088551064864,1317,0.0,0.138,0.0
u_50222,0.1597152086766575,1317,0.0,0.346,0.0
u_50223,0.05142444377567897,1317,0.0,0.093,0.0
u_50224,0.010020680941289443,1317,0.0,0.018,0.0
u_50225,0.3934585711223498,1317,0.0,0.979,0.0
u_50226,0.0014549078059950236,1317,0.0,0.003,0.0
u_50227,0.14946608247613025,1317,0.0,0.368,0.0
u_50228,0.004950273396699895,1317,0.0,0.009,0.0
u_50229,0.1013289619340468,1317,0.0,0.223,0.0
u_50230,0.49029317713299564,1317,0.0,0.787,0.0
u_50231,0.17580173588648496,38,0.0,0.699,0.0
u_50232,0.0006650378949807056,38,0.0,0.002,0.0
u_50233,0.001983635722628336,38,0.0,0.006,0.0
u_50234,0.00037810023358145667,38,0.0,0.001,0.0
u_50235,0.3018089759445035,38,0.0,0.856,0.0
u_50236,0.004368222286196183,38,0.0,0.012,0.0
u_50237,0.005117274048373065,38,0.0,0.015,0.0
u_50238,0.00026958201654491386,38,0.0,0.001,0.0
u_50239,0.0011097311736741342,38,0.0,0.003,0.0
u_50240,0.2877305450350443,38,0.0,0.787,0.0
u_50241,0.2772590275823929,38,0.0,0.787,0.0
u_50242,0.00879682704768589,823,0.0,0.013,0.0
u_50243,0.4605792573642449,823,0.0,0.918,0.0
u_50244,0.0014476790195124148,823,0.0,0.003,0.0
u_50245,0.0014827259003903207,823,0.0,0.003,0.0
u_50246,0.3232978755424702,823,0.0,0.644,0.0
u_50247,0.15096529714021767,823,0.0,0.301,0.0
u_50248,0.02427420833957294,823,0.0,0.048,0.0
u_50249,0.0007989763144816333,823,0.0,0.002,0.0
u_50250,0.046120235704436165,823,0.0,0.092,0.0
u_50251,0.7624178342813713,823,0.762,0.998,1.0
u_50252,0.054921452833190415,823,0.0,0.109,0.0
u_50253,0.022232313489306873,823,0.0,0.032,0.0
u_50254,0.025401382098705762,823,0.0,0.051,0.0
u_50255,0.0015069448347696977,823,0.0,0.003,0.0
u_50256,0.0007538079071158319,823,0.0,0.002,0.0
u_50257,0.5525434585629865,823,0.0,0.787,0.0
u_50258,0.45318052750705545,823,0.0,0.787,0.0
u_50259,0.00087077515930701,1177,0.0,0.003,0.0
u_50260,0.0034472681713331225,1177,0.0,0.006,0.0
u_50261,0.053787600299250095,1177,0.0,0.083,0.0
u_50262,0.0074059803744712695,1177,0.0,0.013,0.0
u_50263,0.012015955256485064,1177,0.0,0.017,0.0
u_50264,0.12894334141509606,1177,0.0,0.234,0.0
u_50265,0.0006902718995194713,1177,0.0,0.002,0.0
u_50266,0.02549475421253934,1177,0.0,0.046,0.0
u_50267,0.5449571359577938,1177,0.0,0.988,0.0
u_50268,0.05078368836065565,1177,0.0,0.168,0.0
u_50269,0.2169622022043106,1177,0.0,0.614,0.0
u_50270,0.4205886653155012,1177,0.0,0.645,0.0
u_50271,0.001532082704486169,1177,0.0,0.004,0.0
u_50272,0.5202439682078163,1177,0.0,0.787,0.0
u_50273,0.5622164983270066,1177,0.0,0.787,0.0
u_50274,0.0011741030875108503,204,0.0,0.003,0.0
u_50275,0.11158924783304584,204,0.0,0.247,0.0
u_50276,0.006457212676487291,204,0.0,0.011,0.0
u_50277,0.009190546902585393,204,0.0,0.026,0.0
u_50278,0.11727078902557617,204,0.0,0.233,0.0
u_50279,0.0022623791669932106,204,0.0,0.005,0.0
u_50280,0.11514396488547057,204,0.0,0.226,0.0
u_50281,0.0003953320896186295,204,0.0,0.001,0.0
u_50282,0.5455056930392802,204,0.0,0.989,0.0
u_50283,0.007842295704406414,204,0.0,0.022,0.0
u_50284,0.010879837703781148,204,0.0,0.022,0.0
u_50285,0.0007032950125961588,204,0.0,0.002,0.0
u_50286,0.00187007121551384,204,0.0,0.004,0.0
u_50287,0.48459631918238577,204,0.0,0.787,0.0
u_50288,0.4823389092322299,204,0.0,0.787,0.0
u_50289,0.005989442555662466,482,0.0,0.011,0.0
u_50290,0.0019189119885084653,482,0.0,0.003,0.0
u_50291,0.004335359560502904,482,0.0,0.008,0.0
u_50292,0.0005982496324725211,482,0.0,0.001,0.0
u_50293,0.0009052724268560598,482,0.0,0.001,0.0
u_50294,0.162843995426666,482,0.0,0.463,0.0
u_50295,0.011199804074779357,482,0.0,0.02,0.0
u_50296,0.0009389336169522869,482,0.0,0.003,0.0
u_50297,0.05029367916503164,482,0.0,0.143,0.0
u_50298,0.008349595236165614,482,0.0,0.017,0.0
u_50299,0.006671455408523177,482,0.0,0.012,0.0
u_50300,0.33516282655513085,482,0.0,0.835,0.0
u_50301,0.0010563790826419834,482,0.0,0.002,0.0
u_50302,0.04730769442484327,482,0.0,0.085,0.0
u_50303,0.0246465936813209,482,0.0,0.045,0.0
u_50304,0.6132488564506525,482,0.0,0.787,0.0
u_50305,0.3332815411091526,581,0.0,0.664,0.0
u_50306,0.004126602188491908,581,0.0,0.01,0.0
u_50307,0.252271533519417,581,0.0,0.628,0.0
u_50308,0.024740034460728196,581,0.0,0.061,0.0
u_50309,0.04326264679580179,581,0.0,0.108,0.0
u_50310,0.03943125070348296,581,0.0,0.098,0.0
u_50311,0.09191331097084776,581,0.0,0.203,0.0
u_50312,0.004577896671875103,581,0.0,0.01,0.0
u_50313,0.0033345896566279952,581,0.0,0.007,0.0
u_50314,0.0010233854778928541,581,0.0,0.002,0.0
u_50315,0.00604106441114584,581,0.0,0.013,0.0
u_50316,0.00192206575028617,581,0.0,0.005,0.0
u_50317,0.000542302344874607,581,0.0,0.001,0.0
u_50318,0.530417183304016,581,0.0,0.787,0.0
u_50319,0.005791022796968205,1037,0.0,0.016,0.0
u_50320,0.03907776431004278,1037,0.0,0.111,0.0
u_50321,0.0008942382432115677,1037,0.0,0.003,0.0
u_50322,0.0008403967813954441,1037,0.0,0.002,0.0
u_50323,0.03427988256069028,1037,0.0,0.096,0.0
u_50324,0.005326167108494873,1037,0.0,0.012,0.0
u_50325,0.007380934502247497,1037,0.0,0.016,0.0
u_50326,0.027374062860129864,1037,0.0,0.076,0.0
u_50327,0.01753067237271186,1037,0.0,0.05,0.0
u_50328,0.011440300218421347,1037,0.0,0.033,0.0
u_50329,0.40965787735988285,1037,0.0,0.787,0.0
u_50330,0.01416753979285495,1041,0.0,0.028,0.0
u_50331,0.288012891163897,1041,0.0,0.573,0.0
u_50332,0.0017890233477605097,1041,0.0,0.003,0.0
u_50333,0.026021489454665515,1041,0.0,0.074,0.0
u_50334,0.018094497118590062,1041,0.0,0.045,0.0
u_50335,0.06665699804629924,1041,0.0,0.133,0.0
u_50336,0.0008317739760855938,1041,0.0,0.002,0.0
u_50337,0.07831338010363545,1041,0.0,0.156,0.0
u_50338,0.03011710925798652,1041,0.0,0.06,0.0
u_50339,0.0008073496198607948,1041,0.0,0.002,0.0
u_50340,0.0018137969651675582,1041,0.0,0.005,0.0
u_50341,0.4464536772752364,1041,0.0,0.787,0.0
u_50342,0.06557030603100031,1384,0.0,0.314,0.0
u_50343,0.0017498867846735822,1384,0.0,0.005,0.0
u_50344,0.02890081504629933,1384,0.0,0.064,0.0
u_50345,0.0005888064494429524,1384,0.0,0.003,0.0
u_50346,0.0011313983151628156,1384,0.0,0.003,0.0
u_50347,0.277443548434709,1384,0.0,0.788,0.0
u_50348,0.012181202300051513,1384,0.0,0.035,0.0
u_50349,0.006719135026658915,1384,0.0,0.019,0.0
u_50350,0.35577097957540055,1384,0.0,0.787,0.0
u_50351,0.3665349913560569,1384,0.0,0.787,0.0
u_50352,0.6041074440780699,45,0.0,0.748,0.0
u_50353,0.018801030937487216,45,0.0,0.025,0.0
u_50354,0.0005883283520326227,45,0.0,0.001,0.0
u_50355,0.004617570834852469,45,0.0,0.006,0.0
u_50356,0.016284722410851802,45,0.0,0.022,0.0
u_50357,0.0005765075395819927,45,0.0,0.001,0.0
u_50358,0.007989631757343194,45,0.0,0.011,0.0
u_50359,0.03244172774960713,45,0.0,0.043,0.0
u_50360,0.001901976624256106,45,0.0,0.002,0.0
u_50361,0.04447444265697406,1177,0.0,0.063,0.0
u_50362,0.8086860456281537,45,0.808,0.787,1.0
u_50363,0.0042172493414449124,1337,0.0,0.008,0.0
u_50364,0.008937558726292937,1337,0.0,0.02,0.0
u_50365,0.010212465631570664,1337,0.0,0.018,0.0
u_50366,0.1240117906505552,1337,0.0,0.225,0.0
u_50367,0.058732982361944935,1337,0.0,0.106,0.0
u_50368,0.0055446294389525945,1337,0.0,0.012,0.0
u_50369,0.09413614519202006,1337,0.0,0.171,0.0
u_50370,0.008620439766128859,1337,0.0,0.017,0.0
u_50371,0.29952770245101573,1337,0.0,0.597,0.0
u_50372,0.02230762416039274,1337,0.0,0.044,0.0
u_50373,0.006327152708606768,1337,0.0,0.011,0.0
u_50374,0.005460576684446353,1337,0.0,0.01,0.0
u_50375,0.03338343961676843,1337,0.0,0.067,0.0
u_50376,0.042207608419408786,1337,0.0,0.092,0.0
u_50377,0.0012260726603556427,1337,0.0,0.003,0.0
u_50378,0.6105764803281538,1337,0.0,0.787,0.0
u_50379,0.12319005963983487,43,0.0,0.35,0.0
u_50380,0.059202476078755256,43,0.0,0.168,0.0
u_50381,0.00032636857847104586,43,0.0,0.001,0.0
u_50382,0.002639436035805211,43,0.0,0.006,0.0
u_50383,0.05118683025981714,43,0.0,0.203,0.0
u_50384,0.019527160297283245,43,0.0,0.056,0.0
u_50385,0.00026987235866921336,43,0.0,0.001,0.0
u_50386,0.27409947971803494,43,0.0,0.78,0.0
u_50387,0.03163512801294776,43,0.0,0.09,0.0
u_50388,0.1183566659123007,43,0.0,0.29,0.0
u_50389,0.018452722212624596,43,0.0,0.041,0.0
u_50390,0.4487737458054974,43,0.0,0.787,0.0
u_50391,0.34830578125235445,265,0.0,0.535,0.0
u_50392,0.013746888271602864,265,0.0,0.021,0.0
u_50393,0.04748718346507761,265,0.0,0.063,0.0
u_50394,0.0008936872626245267,265,0.0,0.001,0.0
u_50395,0.14595129387606123,265,0.0,0.222,0.0
u_50396,0.029673124094197912,265,0.0,0.042,0.0
u_50397,0.05448122514195682,265,0.0,0.084,0.0
u_50398,0.15128333976608885,265,0.0,0.216,0.0
u_50399,0.6028385848947799,265,0.0,0.798,0.0
u_50400,0.19830465916129442,265,0.0,0.263,0.0
u_50401,0.4568085209682733,265,0.0,0.651,0.0
u_50402,0.7274521395588667,265,0.727,0.787,1.0
u_50403,0.00041776508245232617,265,0.0,0.001,0.0
u_50404,0.014229729497185418,265,0.0,0.047,0.0
u_50405,0.13229133869427923,265,0.0,0.202,0.0
u_50406,0.000924985216953538,265,0.0,0.001,0.0
u_50407,0.00049210819088288,265,0.0,0.002,0.0
u_50408,0.42413935215060256,265,0.0,0.65,0.0
u_50409,0.01586542552841566,265,0.0,0.032,0.0
u_50410,0.1609378299856435,265,0.0,0.268,0.0
u_50411,0.0006057822617696199,265,0.0,0.001,0.0
u_50412,0.0051989889213873005,265,0.0,0.008,0.0
u_50413,0.07489257595903437,265,0.0,0.149,0.0
u_50414,0.0008443073415253668,265,0.0,0.001,0.0
u_50415,0.4946410732020544,265,0.0,0.787,0.0
u_50416,0.29425390321759104,624,0.0,0.527,0.0
u_50417,0.040405909477119216,624,0.0,0.112,0.0
u_50418,0.0003751919765049167,624,0.0,0.001,0.0
u_50419,0.0015888619152497245,624,0.0,0.003,0.0
u_50420,0.10965821654229897,624,0.0,0.273,0.0
u_50421,0.3971655548466037,624,0.0,0.78,0.0
u_50422,0.061435318279089254,624,0.0,0.122,0.0
u_50423,0.005216660307660066,624,0.0,0.009,0.0
u_50424,0.419604011323967,624,0.0,0.929,0.0
u_50425,0.01574309696577356,624,0.0,0.035,0.0
u_50426,0.03191965726488295,624,0.0,0.058,0.0
u_50427,0.15897412490135251,624,0.0,0.317,0.0
u_50428,0.11818327143538147,624,0.0,0.214,0.0
u_50429,0.4851846350730797,624,0.0,0.787,0.0
u_50430,0.480202252027193,624,0.0,0.787,0.0
u_50431,0.03992311874511914,230,0.0,0.1,0.0
u_50432,0.08067121838380185,230,0.0,0.201,0.0
u_50433,0.001514922078397076,230,0.0,0.003,0.0
u_50434,0.010932228264166342,230,0.0,0.022,0.0
u_50435,0.16916352642423224,230,0.0,0.37,0.0
u_50436,0.1521994479743197,230,0.0,0.335,0.0
u_50437,0.3983581368766979,230,0.0,0.983,0.0
u_50438,0.00279038077064999,230,0.0,0.006,0.0
u_50439,0.00288815648926902,230,0.0,0.006,0.0
u_50440,0.05381995800129708,230,0.0,0.119,0.0
u_50441,0.0003122986397735767,230,0.0,0.001,0.0
u_50442,0.2798221174327718,230,0.0,0.553,0.0
u_50443,0.3636836834529059,230,0.0,0.787,0.0
u_50444,0.4449749243580174,230,0.0,0.787,0.0
u_50445,0.005155862410229208,728,0.0,0.015,0.0
u_50446,0.01799852172043313,728,0.0,0.051,0.0
u_50447,0.0004822901635888988,728,0.0,0.001,0.0
u_50448,0.12088703619796218,728,0.0,0.339,0.0
u_50449,0.03394064734777515,728,0.0,0.113,0.0
u_50450,0.009746816221075181,728,0.0,0.032,0.0
u_50451,0.0005771450197396878,728,0.0,0.003,0.0
u_50452,0.0007958340892259308,728,0.0,0.003,0.0
u_50453,0.003544207729863858,728,0.0,0.01,0.0
u_50454,0.3689226408216375,728,0.0,0.787,0.0
u_50455,0.00577020512343307,226,0.0,0.014,0.0
u_50456,0.2538414547866319,226,0.0,0.499,0.0
u_50457,0.012331876039401547,226,0.0,0.025,0.0
u_50458,0.2606065793236619,226,0.0,0.472,0.0
u_50459,0.04811165822097568,226,0.0,0.096,0.0
u_50460,0.004193725244815737,226,0.0,0.01,0.0
u_50461,0.003030624832745556,226,0.0,0.007,0.0
u_50462,0.05087942273566848,226,0.0,0.101,0.0
u_50463,0.020958548945540823,226,0.0,0.042,0.0
u_50464,0.30400932212318504,226,0.0,0.431,0.0
u_50465,0.21586339534833776,226,0.0,0.538,0.0
u_50466,0.170747122902221,226,0.0,0.31,0.0
u_50467,0.33601944713983045,226,0.0,0.664,0.0
u_50468,0.1849793184030393,226,0.0,0.405,0.0
u_50469,0.00040490007082088884,226,0.0,0.001,0.0
u_50470,0.5661290279132034,226,0.0,0.787,0.0
u_50471,0.44284980719675143,226,0.0,0.787,0.0
u_50472,0.012317658978470683,130,0.0,0.041,0.0
u_50473,0.005396533640006672,130,0.0,0.015,0.0
u_50474,0.00366709495544103,130,0.0,0.012,0.0
u_50475,0.00047866650114850116,130,0.0,0.002,0.0
u_50476,0.014057306751805916,130,0.0,0.047,0.0
u_50477,0.0005262427843417663,130,0.0,0.001,0.0
u_50478,0.11711315225832451,130,0.0,0.388,0.0
u_50479,0.02760544015638631,130,0.0,0.092,0.0
u_50480,0.00033469587809460005,130,0.0,0.001,0.0
u_50481,0.29006692500068537,130,0.0,0.787,0.0
u_50482,0.2769580705840825,130,0.0,0.787,0.0
u_50483,0.0015733642689576561,2121,0.0,0.008,0.0
u_50484,0.0023932907259481247,2122,0.0,0.008,0.0
u_50485,0.0016082633456147141,2122,0.0,0.008,0.0
u_50486,0.0015989155018636754,2123,0.0,0.008,0.0
u_50487,0.00241183979283998,2123,0.0,0.008,0.0
u_50488,0.00159674110973172,2123,0.0,0.008,0.0
u_50489,0.0020115287093097956,2121,0.0,0.008,0.0
u_50490,0.0020128827626870772,2121,0.0,0.008,0.0
u_50491,0.0035551762259745526,2634,0.0,0.017,0.0
u_50492,0.00606358764447513,2634,0.0,0.017,0.0
u_50493,0.008610077130297317,2635,0.0,0.017,0.0
u_50494,0.005286222876886103,2635,0.0,0.017,0.0
u_50495,0.006904069408388226,2635,0.0,0.017,0.0
u_50496,0.005975376188903819,2634,0.0,0.017,0.0
u_50497,0.00597587470701585,2634,0.0,0.017,0.0
u_50498,0.006828519717907646,2634,0.0,0.017,0.0
u_50499,0.006017051463298507,2634,0.0,0.017,0.0
u_50500,0.015317384067092517,3281,0.0,0.051,0.0
u_50501,0.015318642998174035,3281,0.0,0.051,0.0
u_50502,0.018076012003608682,3281,0.0,0.051,0.0
u_50503,0.010644089186532413,3281,0.0,0.051,0.0
u_50504,0.01805773811321602,3281,0.0,0.051,0.0
u_50505,0.022962127219058596,3281,0.0,0.051,0.0
u_50506,0.01809352538405804,3281,0.0,0.051,0.0
u_50507,0.01067769525121765,3281,0.0,0.051,0.0
u_50508,0.018074783333876056,3281,0.0,0.051,0.0
u_50509,0.06313878106087696,4201,0.0,0.308,0.0
u_50510,0.03361253453230862,4201,0.0,0.308,0.0
u_50511,0.06301826485971793,4201,0.0,0.308,0.0
u_50512,0.06182628540247491,4201,0.0,0.308,0.0
u_50513,0.06183556581175005,4201,0.0,0.308,0.0
u_50514,0.22520639712679533,4611,0.0,0.742,0.0
u_50515,0.22738641477303223,4611,0.0,0.742,0.0
u_50516,0.22693856069384208,4611,0.0,0.742,0.0
u_50517,0.26412815797389666,4611,0.0,0.742,0.0
u_50518,0.22495041757188194,4611,0.0,0.742,0.0
u_50519,0.26296208160911394,4612,0.0,0.743,0.0
u_50520,0.19139243322337646,4612,0.0,0.743,0.0
u_50521,0.2626712346975884,4612,0.0,0.743,0.0
u_50522,0.01627603183969553,3868,0.0,0.148,0.0
u_50523,0.030597313099217906,3868,0.0,0.148,0.0
u_50524,0.029842116951117006,3868,0.0,0.149,0.0
u_50525,0.029871576702056816,3868,0.0,0.149,0.0
u_50526,0.030353598577124222,3868,0.0,0.149,0.0
u_50527,0.00830656639680297,579,0.0,0.055,0.0
u_50528,0.011366905574435626,3318,0.0,0.055,0.0
u_50529,0.01687301325480018,3318,0.0,0.055,0.0
u_50530,0.005541009767611421,3319,0.0,0.055,0.0
u_50531,0.011374077370671101,3319,0.0,0.055,0.0
u_50532,0.01412454853211081,3319,0.0,0.055,0.0
u_50533,0.1758992851107598,4437,0.0,0.501,0.0
u_50534,0.20288884165268947,4437,0.0,0.501,0.0
u_50535,0.12952261101609952,4437,0.0,0.501,0.0
u_50536,0.229496910949757,4437,0.0,0.501,0.0
u_50537,0.07711114365162286,4437,0.0,0.501,0.0
u_50538,0.0779973713709248,4438,0.0,0.501,0.0
u_50539,0.153328356727187,4438,0.0,0.501,0.0
u_50540,0.10069528260424626,4437,0.0,0.501,0.0
u_50541,0.0031295493779721273,2551,0.0,0.015,0.0
u_50542,0.006156120556737117,2551,0.0,0.015,0.0
u_50543,0.004550154729574667,2551,0.0,0.015,0.0
u_50544,0.006067773420725871,2551,0.0,0.015,0.0
u_50545,0.0053072847891952575,2551,0.0,0.015,0.0
u_50546,0.004551656963305977,2551,0.0,0.015,0.0
u_50547,0.004641636610992086,2552,0.0,0.015,0.0
u_50548,0.0031236212123411516,2552,0.0,0.015,0.0
u_50549,0.0009050810406314676,579,0.0,0.002,0.0
u_50550,0.0007410754847365647,579,0.0,0.002,0.0
u_50551,0.0008232876892266019,579,0.0,0.002,0.0
u_50552,0.0006593566025286489,579,0.0,0.002,0.0
u_50553,0.000659390478507402,579,0.0,0.002,0.0
u_50554,0.0007413002329279282,579,0.0,0.002,0.0
u_50555,0.0009055295465669589,579,0.0,0.002,0.0
u_50556,0.000659615710662607,579,0.0,0.002,0.0
u_50557,0.0007420205247789229,579,0.0,0.002,0.0
u_50558,0.009551965005738412,3102,0.0,0.037,0.0
u_50559,0.009552455375138188,3102,0.0,0.037,0.0
u_50560,0.0056184624944761495,3102,0.0,0.037,0.0
u_50561,0.009524845668170471,3102,0.0,0.037,0.0
u_50562,0.003925110412127812,3102,0.0,0.037,0.0
u_50563,0.004972713737483748,2846,0.0,0.024,0.0
u_50564,0.009656316431190684,2846,0.0,0.024,0.0
u_50565,0.0060463307135243385,2847,0.0,0.024,0.0
u_50566,0.0037536876896205975,2847,0.0,0.024,0.0
u_50567,0.0060398371920364615,2847,0.0,0.024,0.0
u_50568,0.00835335040554507,2846,0.0,0.024,0.0
u_50569,0.006030770603033457,2846,0.0,0.024,0.0
u_50570,0.051927390379211666,4029,0.0,0.202,0.0
u_50571,0.06210365741217667,4029,0.0,0.202,0.0
u_50572,0.05068040612319801,4029,0.0,0.202,0.0
u_50573,0.050717309294881746,4029,0.0,0.202,0.0
u_50574,0.05068606859939756,4029,0.0,0.202,0.0
u_50575,0.05193827209738161,4029,0.0,0.202,0.0
u_50576,0.0316910003535515,4029,0.0,0.202,0.0
u_50577,0.05064112046673343,4029,0.0,0.202,0.0
u_50578,0.0010033427762533836,1267,0.0,0.003,0.0
u_50579,0.0007536611933154,1267,0.0,0.003,0.0
u_50580,0.0008788112265645265,1267,0.0,0.003,0.0
u_50581,0.0011478127423742612,1267,0.0,0.003,0.0
u_50582,0.0003954784941928845,1267,0.0,0.003,0.0
u_50583,0.0002664654027813402,1267,0.0,0.003,0.0
u_50584,0.0011433015866464556,1267,0.0,0.003,0.0
u_50585,0.0010039074709599018,1267,0.0,0.003,0.0
u_50586,0.0019601022318044524,2262,0.0,0.01,0.0
u_50587,0.00339254791703724,2262,0.0,0.01,0.0
u_50588,0.0014849978076174027,2262,0.0,0.01,0.0
u_50589,0.0014576809816359516,2262,0.0,0.01,0.0
u_50590,0.0014539719992553292,2262,0.0,0.01,0.0
u_50591,0.24128526607934317,4717,0.0,0.944,0.0
u_50592,0.1471585025964148,4717,0.0,0.944,0.0
u_50593,0.09509634628960532,4718,0.0,0.944,0.0
u_50594,0.1943932085365267,4718,0.0,0.944,0.0
u_50595,0.1941209351933179,4718,0.0,0.944,0.0
u_50596,0.055980005650739344,4152,0.0,0.273,0.0
u_50597,0.05598498723376163,4152,0.0,0.273,0.0
u_50598,0.04199475149996043,4153,0.0,0.273,0.0
u_50599,0.08379437588789684,4153,0.0,0.274,0.0
u_50600,0.056315000268928474,4153,0.0,0.274,0.0
u_50601,0.041875151054603654,4153,0.0,0.274,0.0
u_50602,0.025209468304977452,3660,0.0,0.099,0.0
u_50603,0.03517610834843986,3661,0.0,0.099,0.0
u_50604,0.04543855354472204,3661,0.0,0.099,0.0
u_50605,0.04538481737889224,3661,0.0,0.099,0.0
u_50606,0.03514998458821864,3661,0.0,0.099,0.0
u_50607,0.03492096225130983,3661,0.0,0.099,0.0
u_50608,0.025384263599683158,3660,0.0,0.099,0.0
u_50609,0.02537554207182086,3660,0.0,0.099,0.0
u_50610,0.04018300963025314,3660,0.0,0.099,0.0
u_50611,0.030595363763790736,3660,0.0,0.1,0.0
u_50612,0.07583372833819736,4110,0.0,0.247,0.0
u_50613,0.0887170032413166,4110,0.0,0.247,0.0
u_50614,0.08764380394272876,4110,0.0,0.247,0.0
u_50615,0.07421763588843383,4110,0.0,0.247,0.0
u_50616,0.07530836960750463,4111,0.0,0.247,0.0
u_50617,0.07529102092319129,4111,0.0,0.247,0.0
u_50618,0.0627092110898792,4113,0.0,0.247,0.0
u_50619,0.08831749750838691,4113,0.0,0.247,0.0
u_50620,0.09970719407971682,4113,0.0,0.247,0.0
u_50621,0.074741646431529,4110,0.0,0.247,0.0
u_50622,0.0008073750211828406,1631,0.0,0.004,0.0
u_50623,0.0014111536186847279,1632,0.0,0.004,0.0
u_50624,0.0010144692765053159,1632,0.0,0.004,0.0
u_50625,0.0007976408491802997,1631,0.0,0.004,0.0
u_50626,0.0012097266691741466,1631,0.0,0.004,0.0
u_50627,0.0010227642931319564,1631,0.0,0.004,0.0
u_50628,0.0018155045564780222,1631,0.0,0.004,0.0
u_50629,0.0016151109485438508,1631,0.0,0.004,0.0
u_50630,0.0016155726951217499,1631,0.0,0.004,0.0
u_50631,0.00034110820561553395,951,0.0,0.002,0.0
u_50632,0.0004265078277937779,951,0.0,0.002,0.0
u_50633,0.00034850179758039656,951,0.0,0.002,0.0
u_50634,0.00035546357242243224,951,0.0,0.002,0.0
u_50635,0.0003478429161942103,951,0.0,0.002,0.0
u_50636,0.0009186241264046107,1103,0.0,0.002,0.0
u_50637,0.000612609140431649,1103,0.0,0.002,0.0
u_50638,0.0006126925025664143,1103,0.0,0.002,0.0
u_50639,0.0008260344486910142,1103,0.0,0.002,0.0
u_50640,0.00032570766331446716,1103,0.0,0.002,0.0
u_50641,0.0007231137324517078,1103,0.0,0.002,0.0
u_50642,0.0008253899488587695,1103,0.0,0.002,0.0
u_50643,0.00042646846573305997,1103,0.0,0.002,0.0
u_50644,0.0007227962879805798,1103,0.0,0.002,0.0
u_50645,0.02378361405455174,4099,0.0,0.236,0.0
u_50646,0.03681106155630238,4100,0.0,0.236,0.0
u_50647,0.03674435281461136,4100,0.0,0.236,0.0
u_50648,0.03685725703549822,4099,0.0,0.236,0.0
u_50649,0.04871654327893618,4099,0.0,0.236,0.0
u_50650,0.0006363434129645849,863,0.0,0.002,0.0
u_50651,0.0004868907067689373,863,0.0,0.002,0.0
u_50652,0.0005571473422202962,863,0.0,0.002,0.0
u_50653,0.0003936509420935782,863,0.0,0.002,0.0
u_50654,0.00039368625886049437,863,0.0,0.002,0.0
u_50655,0.0005602197326828023,864,0.0,0.002,0.0
u_50656,0.0004034297617919493,864,0.0,0.002,0.0
u_50657,0.00023659876917364315,864,0.0,0.002,0.0
u_50658,0.000323921317581033,864,0.0,0.002,0.0
u_50659,0.00048108765601741243,864,0.0,0.002,0.0
u_50660,0.019762420278368248,3428,0.0,0.064,0.0
u_50661,0.023054876070842945,3428,0.0,0.064,0.0
u_50662,0.010138410687813097,3428,0.0,0.064,0.0
u_50663,0.02277332864067003,3428,0.0,0.064,0.0
u_50664,0.012917734463200306,3428,0.0,0.064,0.0
u_50665,0.01613780777027958,3428,0.0,0.064,0.0
u_50666,0.01629072603422364,3428,0.0,0.064,0.0
u_50667,0.00029853713534715864,1038,0.0,0.002,0.0
u_50668,0.00047813238141539523,1038,0.0,0.002,0.0
u_50669,0.000281149620636094,1038,0.0,0.002,0.0
u_50670,0.0003744367739572075,1038,0.0,0.002,0.0
u_50671,0.00038134508581779656,1038,0.0,0.002,0.0
u_50672,0.03470466329794766,4220,0.0,0.324,0.0
u_50673,0.09967451118409328,4220,0.0,0.324,0.0
u_50674,0.08140551881353167,4221,0.0,0.324,0.0
u_50675,0.08137091200591372,4221,0.0,0.324,0.0
u_50676,0.08145064034087154,4221,0.0,0.324,0.0
u_50677,0.13207122232443297,4221,0.0,0.324,0.0
u_50678,0.05095626671214483,4221,0.0,0.324,0.0
u_50679,0.09525738191450363,4298,0.0,0.372,0.0
u_50680,0.058328892731125175,4298,0.0,0.373,0.0
u_50681,0.05711210488067464,4298,0.0,0.373,0.0
u_50682,0.07572074016079218,4298,0.0,0.373,0.0
u_50683,0.11382231962702494,4298,0.0,0.373,0.0
u_50684,0.00033480368522404667,893,0.0,0.002,0.0
u_50685,0.0005718877856019162,893,0.0,0.002,0.0
u_50686,0.0004034873725030767,893,0.0,0.002,0.0
u_50687,0.0004920937949452768,894,0.0,0.002,0.0
u_50688,0.00033123630496746507,894,0.0,0.002,0.0
u_50689,0.0002496052065063324,895,0.0,0.002,0.0
u_50690,0.0006523066425666662,895,0.0,0.002,0.0
u_50691,0.0006490528777257027,893,0.0,0.002,0.0
u_50692,0.34218163999661516,4726,0.0,0.958,0.0
u_50693,0.24822363081230683,4726,0.0,0.958,0.0
u_50694,0.33992353165977385,4726,0.0,0.958,0.0
u_50695,0.24030886499169302,4727,0.0,0.958,0.0
u_50696,0.28826846914494264,4727,0.0,0.958,0.0
u_50697,0.29166509774156124,4727,0.0,0.958,0.0
u_50698,0.24671931290631438,4727,0.0,0.958,0.0
u_50699,0.3901137200626095,4727,0.0,0.958,0.0
u_50700,0.2429744742898823,4727,0.0,0.959,0.0
u_50701,0.24206664198410036,4726,0.0,0.959,0.0
u_50702,0.0009987946288510486,2001,0.0,0.007,0.0
u_50703,0.0010172123646999753,2001,0.0,0.007,0.0
u_50704,0.0013384677538319763,2001,0.0,0.007,0.0
u_50705,0.001012631597778872,2001,0.0,0.007,0.0
u_50706,0.0013212820187850657,2001,0.0,0.007,0.0
u_50707,0.002084151461293563,2301,0.0,0.01,0.0
u_50708,0.0015774325158372212,2302,0.0,0.01,0.0
u_50709,0.0020876767652590216,2302,0.0,0.01,0.0
u_50710,0.0010214550416662788,2301,0.0,0.01,0.0
u_50711,0.001581050923177517,2301,0.0,0.01,0.0
u_50712,0.059540746429777386,4314,0.0,0.383,0.0
u_50713,0.13620227292313428,4314,0.0,0.383,0.0
u_50714,0.0960329971692319,4315,0.0,0.383,0.0
u_50715,0.1167039040546028,4315,0.0,0.383,0.0
u_50716,0.07989797898905372,4315,0.0,0.383,0.0
u_50717,0.1357179988663883,4315,0.0,0.383,0.0
u_50718,0.09605272243975198,4315,0.0,0.383,0.0
u_50719,0.11709047000784499,4315,0.0,0.383,0.0
u_50720,0.05956231777450209,4315,0.0,0.383,0.0
u_50721,0.05191030556770135,3725,0.0,0.114,0.0
u_50722,0.029693475894572184,3725,0.0,0.114,0.0
u_50723,0.05193763135478287,3725,0.0,0.114,0.0
u_50724,0.034287432289222736,3727,0.0,0.114,0.0
u_50725,0.028589449840028158,3727,0.0,0.114,0.0
u_50726,0.040434485797455934,3727,0.0,0.114,0.0
u_50727,0.023771469850207984,3727,0.0,0.114,0.0
u_50728,0.034702423258310466,3727,0.0,0.114,0.0
u_50729,0.023078435383542505,3724,0.0,0.114,0.0
u_50730,0.04021312101518129,3724,0.0,0.114,0.0
u_50731,0.023469950401898705,3724,0.0,0.114,0.0
u_50732,0.04046891959997539,3724,0.0,0.114,0.0
u_50733,0.02906599872237112,3724,0.0,0.114,0.0
u_50734,0.034741880861822685,3724,0.0,0.114,0.0
u_50735,0.04045843047220562,3724,0.0,0.114,0.0
u_50736,0.00018086233367798032,579,0.0,0.001,0.0
u_50737,0.0002477336573831176,580,0.0,0.001,0.0
u_50738,0.0001274253533284924,580,0.0,0.001,0.0
u_50739,0.00018862341000180712,579,0.0,0.001,0.0
u_50740,0.0002488741768826031,579,0.0,0.001,0.0
u_50741,0.000180963950114456,579,0.0,0.001,0.0
u_50742,0.04617267161950248,3872,0.0,0.149,0.0
u_50743,0.05323330287097945,3872,0.0,0.149,0.0
u_50744,0.044932979356037996,3873,0.0,0.149,0.0
u_50745,0.05240434686731685,3873,0.0,0.149,0.0
u_50746,0.044938577966662105,3873,0.0,0.149,0.0
u_50747,0.0679779686985841,3873,0.0,0.149,0.0
u_50748,0.031259291403676864,3873,0.0,0.149,0.0
u_50749,0.05300066798977035,3873,0.0,0.149,0.0
u_50750,0.060272457796186826,3872,0.0,0.149,0.0
u_50751,0.0002131289433737428,180,0.0,0.001,0.0
u_50752,0.029148061681609695,180,0.0,0.082,0.0
u_50753,0.001717378458716955,180,0.0,0.006,0.0
u_50754,0.0005611059841811329,180,0.0,0.002,0.0
u_50755,0.013049915283744065,180,0.0,0.052,0.0
u_50756,0.07754561608257612,180,0.0,0.219,0.0
u_50757,0.15822758753935967,180,0.0,0.313,0.0
u_50758,0.004155033306072232,180,0.0,0.012,0.0
u_50759,0.009516778092752302,180,0.0,0.027,0.0
u_50760,0.020829762693169225,180,0.0,0.082,0.0
u_50761,0.0014456431643882185,180,0.0,0.004,0.0
u_50762,0.36351338141529105,180,0.0,0.787,0.0
u_50763,0.3662415144101892,180,0.0,0.787,0.0
u_50764,0.39857542182713046,180,0.0,0.787,0.0
u_50765,0.015250343105871486,432,0.0,0.043,0.0
u_50766,0.0011320402276712076,432,0.0,0.003,0.0
u_50767,0.3326306826904749,432,0.0,0.663,0.0
u_50768,0.036293885220157585,432,0.0,0.103,0.0
u_50769,0.0005243313564360286,432,0.0,0.001,0.0
u_50770,0.07129604071912415,432,0.0,0.236,0.0
u_50771,0.03259989952123821,432,0.0,0.059,0.0
u_50772,0.08935134183600961,432,0.0,0.297,0.0
u_50773,0.006285755066972527,432,0.0,0.014,0.0
u_50774,0.023171555096061204,432,0.0,0.066,0.0
u_50775,0.0024024897956177963,432,0.0,0.01,0.0
u_50776,0.0032765942620343715,432,0.0,0.008,0.0
u_50777,0.0009138488698317783,432,0.0,0.003,0.0
u_50778,0.034619080282283436,432,0.0,0.085,0.0
u_50779,0.0040742581049457985,432,0.0,0.013,0.0
u_50780,0.48267356728143757,432,0.0,0.963,0.0
u_50781,0.0008873865434523143,432,0.0,0.003,0.0
u_50782,0.5249773166153847,432,0.0,0.787,0.0
u_50783,0.6483221351094635,432,0.0,0.787,0.0
u_50784,0.011404857557899821,355,0.0,0.032,0.0
u_50785,0.012010346743335475,355,0.0,0.027,0.0
u_50786,0.0002516893892591172,355,0.0,0.002,0.0
u_50787,0.044111395447530864,355,0.0,0.109,0.0
u_50788,0.05171034933288787,355,0.0,0.171,0.0
u_50789,0.2449934422405226,355,0.0,0.542,0.0
u_50790,0.0010621611635562055,355,0.0,0.003,0.0
u_50791,0.00046097286902081763,355,0.0,0.001,0.0
u_50792,0.002137773656407527,355,0.0,0.007,0.0
u_50793,0.0035092738385697304,355,0.0,0.01,0.0
u_50794,0.0055129090856183,355,0.0,0.022,0.0
u_50795,0.00029411959534247044,355,0.0,0.001,0.0
u_50796,0.4080287679452552,355,0.0,0.787,0.0
u_50797,0.36521136355339756,355,0.0,0.787,0.0
u_50798,0.002650618498297686,386,0.0,0.006,0.0
u_50799,0.002668462009226381,386,0.0,0.008,0.0
u_50800,0.0013233443372205242,386,0.0,0.002,0.0
u_50801,0.2927314697258052,386,0.0,0.823,0.0
u_50802,0.0012589613353228791,386,0.0,0.004,0.0
u_50803,0.05196011612231918,386,0.0,0.203,0.0
u_50804,0.036839053798531834,386,0.0,0.104,0.0
u_50805,0.002122056609407965,386,0.0,0.006,0.0
u_50806,0.5953518021227178,386,0.0,0.914,0.0
u_50807,0.0003539211671255541,386,0.0,0.001,0.0
u_50808,0.022580178385550646,386,0.0,0.041,0.0
u_50809,0.36060305851204305,386,0.0,0.799,0.0
u_50810,0.0019825571235231937,386,0.0,0.004,0.0
u_50811,0.060037356546717026,386,0.0,0.17,0.0
u_50812,0.015103517370880882,386,0.0,0.023,0.0
u_50813,0.0008175061843052817,386,0.0,0.003,0.0
u_50814,0.0031799571366313987,386,0.0,0.005,0.0
u_50815,0.0007356736186368191,386,0.0,0.001,0.0
u_50816,0.6808553446880171,386,0.0,0.787,0.0
u_50817,0.7250277702080942,386,0.724,0.787,1.0
u_50818,0.07917938435740202,247,0.0,0.196,0.0
u_50819,0.0011409187682918248,247,0.0,0.003,0.0
u_50820,0.02415393604104912,247,0.0,0.118,0.0
u_50821,0.12308457267030537,247,0.0,0.304,0.0
u_50822,0.003654516539457476,247,0.0,0.01,0.0
u_50823,0.018380456127726624,247,0.0,0.06,0.0
u_50824,0.009675666596516348,247,0.0,0.019,0.0
u_50825,0.0012635855059517096,247,0.0,0.005,0.0
u_50826,0.002833642572980351,247,0.0,0.006,0.0
u_50827,0.0013958740799639672,247,0.0,0.003,0.0
u_50828,0.08404298947614931,247,0.0,0.239,0.0
u_50829,0.0002711117041609694,247,0.0,0.001,0.0
u_50830,0.0006608799774742885,247,0.0,0.002,0.0
u_50831,0.4014202362643255,247,0.0,0.787,0.0
u_50832,0.5688436687429795,247,0.0,0.787,0.0
u_50833,0.0024941004082884403,279,0.0,0.01,0.0
u_50834,0.23964662951921106,279,0.0,0.529,0.0
u_50835,0.0008125132143450701,279,0.0,0.003,0.0
u_50836,0.06679517491399095,279,0.0,0.165,0.0
u_50837,0.1948307586557919,279,0.0,0.775,0.0
u_50838,0.05273044823376984,279,0.0,0.149,0.0
u_50839,0.012280588352007855,279,0.0,0.122,0.0
u_50840,0.16201590369995733,279,0.0,0.404,0.0
u_50841,0.1782563107254708,279,0.0,0.441,0.0
u_50842,0.09552544196904966,279,0.0,0.236,0.0
u_50843,0.36056322607297536,279,0.0,0.787,0.0
u_50844,0.2816049951681034,279,0.0,0.787,0.0
u_50845,0.24584962156655335,279,0.0,0.787,0.0
u_50846,0.08336862542703505,311,0.0,0.139,0.0
u_50847,0.23006507489527672,311,0.0,0.415,0.0
u_50848,0.00150026266532107,311,0.0,0.005,0.0
u_50849,0.24140466941869249,311,0.0,0.535,0.0
u_50850,0.0005268220708756006,311,0.0,0.001,0.0
u_50851,0.012854095343198165,311,0.0,0.037,0.0
u_50852,0.0007593186651457472,311,0.0,0.002,0.0
u_50853,0.00015342855384833495,311,0.0,0.001,0.0
u_50854,0.019774240700003037,311,0.0,0.03,0.0
u_50855,0.0032834652975543316,311,0.0,0.005,0.0
u_50856,0.030539732112611382,311,0.0,0.087,0.0
u_50857,0.004297899863692102,311,0.0,0.007,0.0
u_50858,0.0021651077679029095,311,0.0,0.011,0.0
u_50859,0.0873042448202905,311,0.0,0.158,0.0
u_50860,0.5155936794602958,311,0.0,0.787,0.0
u_50861,0.44477473428978165,311,0.0,0.787,0.0
u_50862,0.3667554120034543,311,0.0,0.787,0.0
u_50863,0.002636234928326564,508,0.0,0.005,0.0
u_50864,0.01576126011660609,508,0.0,0.035,0.0
u_50865,0.14466817375144828,508,0.0,0.475,0.0
u_50866,0.0016888483599764004,508,0.0,0.007,0.0
u_50867,0.1464950952567801,508,0.0,0.322,0.0
u_50868,0.192576081718893,508,0.0,0.427,0.0
u_50869,0.000514896643785754,508,0.0,0.002,0.0
u_50870,0.0008255355377703324,508,0.0,0.002,0.0
u_50871,0.0008359110246124767,508,0.0,0.003,0.0
u_50872,0.16809770869842658,508,0.0,0.478,0.0
u_50873,0.0019169871782329477,508,0.0,0.005,0.0
u_50874,0.01342767968494642,508,0.0,0.033,0.0
u_50875,0.13239486477564427,508,0.0,0.24,0.0
u_50876,0.0005603933780573525,508,0.0,0.001,0.0
u_50877,0.020692119667972228,508,0.0,0.041,0.0
u_50878,0.5221517258709805,508,0.0,0.787,0.0
u_50879,0.6087807897298692,508,0.0,0.787,0.0
u_50880,0.001373446603927816,609,0.0,0.002,0.0
u_50881,0.008653257065086361,609,0.0,0.019,0.0
u_50882,0.0006637322917341117,609,0.0,0.003,0.0
u_50883,0.0006889553988647373,609,0.0,0.004,0.0
u_50884,0.0050846283823499875,609,0.0,0.011,0.0
u_50885,0.43494754164287724,609,0.0,0.86,0.0
u_50886,0.2544294997209986,609,0.0,0.462,0.0
u_50887,0.00309447421133939,609,0.0,0.006,0.0
u_50888,0.00667174829910901,609,0.0,0.026,0.0
u_50889,0.002004758634918539,609,0.0,0.004,0.0
u_50890,0.17804029575467997,609,0.0,0.296,0.0
u_50891,0.24696592076133167,609,0.0,0.787,0.0
u_50892,0.43784719147266965,609,0.0,0.787,0.0
u_50893,0.5187147860217676,609,0.0,0.787,0.0
u_50894,0.07996323781077694,531,0.0,0.158,0.0
u_50895,0.0231852935085364,531,0.0,0.066,0.0
u_50896,0.0063452721882000665,531,0.0,0.014,0.0
u_50897,0.07967463656840211,531,0.0,0.158,0.0
u_50898,0.008447234381251409,531,0.0,0.017,0.0
u_50899,0.02919098514708794,531,0.0,0.048,0.0
u_50900,0.003072033343957016,531,0.0,0.012,0.0
u_50901,0.00261919958154809,531,0.0,0.006,0.0
u_50902,0.07119017382413594,531,0.0,0.142,0.0
u_50903,0.008740366732726702,531,0.0,0.017,0.0
u_50904,0.0017838437595927299,531,0.0,0.005,0.0
u_50905,0.4459948901943165,531,0.0,0.89,0.0
u_50906,0.0011116935877294304,531,0.0,0.002,0.0
u_50907,0.262593449273988,531,0.0,0.521,0.0
u_50908,0.0006315769474127931,531,0.0,0.001,0.0
u_50909,0.0031584817223547835,531,0.0,0.006,0.0
u_50910,0.24417765455082804,531,0.0,0.787,0.0
u_50911,0.6851864210518432,531,0.0,0.787,0.0
u_50912,0.5173272214744028,531,0.0,0.787,0.0
u_50913,0.011012520940716121,181,0.0,0.037,0.0
u_50914,0.001453544420905104,181,0.0,0.004,0.0
u_50915,0.002962956008688168,181,0.0,0.007,0.0
u_50916,0.017034030677467647,181,0.0,0.031,0.0
u_50917,0.0004761516168824157,181,0.0,0.001,0.0
u_50918,0.04383681331357751,181,0.0,0.097,0.0
u_50919,0.0021357864001115574,181,0.0,0.006,0.0
u_50920,0.0004291373433450849,181,0.0,0.001,0.0
u_50921,0.021343630865912473,181,0.0,0.061,0.0
u_50922,0.23406653308492828,181,0.0,0.515,0.0
u_50923,0.24702239611546653,181,0.0,0.542,0.0
u_50924,0.07779856876880542,181,0.0,0.259,0.0
u_50925,0.1455451709404785,181,0.0,0.29,0.0
u_50926,0.004729978855990845,181,0.0,0.013,0.0
u_50927,0.016987142416512318,181,0.0,0.028,0.0
u_50928,0.06886736750343302,181,0.0,0.171,0.0
u_50929,0.011522278010747533,181,0.0,0.026,0.0
u_50930,0.3677747901146018,181,0.0,0.908,0.0
u_50931,0.4505338325543062,181,0.0,0.787,0.0
u_50932,0.647142916509398,181,0.0,0.787,0.0
u_50933,0.04330431697966819,609,0.0,0.096,0.0
u_50934,0.03261860124408667,609,0.0,0.108,0.0
u_50935,0.0014085077648777781,609,0.0,0.004,0.0
u_50936,0.004763320467968281,609,0.0,0.016,0.0
u_50937,0.00030778465082174607,609,0.0,0.001,0.0
u_50938,0.007839201748030879,609,0.0,0.026,0.0
u_50939,0.18049261352822052,609,0.0,0.399,0.0
u_50940,0.04832428240334162,609,0.0,0.106,0.0
u_50941,0.0007439708871301729,609,0.0,0.002,0.0
u_50942,0.026562541285429196,609,0.0,0.106,0.0
u_50943,0.0063176668047837704,609,0.0,0.016,0.0
u_50944,0.15976389516829262,609,0.0,0.318,0.0
u_50945,0.3159562864866278,609,0.0,0.787,0.0
u_50946,0.4879460536776412,609,0.0,0.787,0.0
u_50947,0.24036755121372264,609,0.0,0.787,0.0
u_50948,0.042049186610727755,52,0.0,0.207,0.0
u_50949,0.08154296741462069,52,0.0,0.401,0.0
u_50950,0.40702604595364383,52,0.0,0.898,0.0
u_50951,0.09187616912249995,52,0.0,0.183,0.0
u_50952,0.0016147794004855631,52,0.0,0.003,0.0
u_50953,0.010484240776650694,52,0.0,0.021,0.0
u_50954,0.0031817731024467795,52,0.0,0.006,0.0
u_50955,0.009016984141083853,52,0.0,0.014,0.0
u_50956,0.0014688158744335785,52,0.0,0.002,0.0
u_50957,0.00034933055080658065,52,0.0,0.001,0.0
u_50958,0.05818882592852878,52,0.0,0.284,0.0
u_50959,0.24838620586061858,52,0.0,0.787,0.0
u_50960,0.44683648449666175,52,0.0,0.787,0.0
u_50961,0.00536530658978947,111,0.0,0.012,0.0
u_50962,0.011485943195521082,111,0.0,0.021,0.0
u_50963,0.001397278113308008,111,0.0,0.005,0.0
u_50964,0.0028859524942778164,111,0.0,0.008,0.0
u_50965,0.29631097104572723,111,0.0,0.656,0.0
u_50966,0.006271983071451946,111,0.0,0.012,0.0
u_50967,0.007052632759736695,111,0.0,0.013,0.0
u_50968,0.05076051674640713,111,0.0,0.145,0.0
u_50969,0.0002835865731385669,111,0.0,0.001,0.0
u_50970,0.0024454829330998054,111,0.0,0.004,0.0
u_50971,0.09427437789894207,111,0.0,0.264,0.0
u_50972,0.16682493322443195,111,0.0,0.37,0.0
u_50973,0.0021053002149698076,111,0.0,0.006,0.0
u_50974,0.02096018046409394,111,0.0,0.038,0.0
u_50975,0.0007303982823586147,111,0.0,0.001,0.0
u_50976,0.009008701738599757,111,0.0,0.013,0.0
u_50977,0.10450865939028153,111,0.0,0.189,0.0
u_50978,0.36350948650372616,111,0.0,0.787,0.0
u_50979,0.4850006144720968,111,0.0,0.787,0.0
u_50980,0.5238189178081076,111,0.0,0.787,0.0
u_50981,0.003763429059508071,817,0.0,0.007,0.0
u_50982,0.005125808249389894,817,0.0,0.009,0.0
u_50983,0.19970938136519945,817,0.0,0.396,0.0
u_50984,0.4809626320895751,817,0.0,0.952,0.0
u_50985,0.0006282037024944804,817,0.0,0.002,0.0
u_50986,0.13015900783371956,817,0.0,0.288,0.0
u_50987,0.039417963205312254,817,0.0,0.112,0.0
u_50988,0.1300689226030189,817,0.0,0.288,0.0
u_50989,0.0009025415007088241,817,0.0,0.001,0.0
u_50990,0.03283038284463807,817,0.0,0.073,0.0
u_50991,0.014117676006569551,817,0.0,0.028,0.0
u_50992,0.05499643388302527,817,0.0,0.137,0.0
u_50993,0.007283196566740659,817,0.0,0.018,0.0
u_50994,0.13237992190785516,817,0.0,0.264,0.0
u_50995,0.0011262092547257656,817,0.0,0.002,0.0
u_50996,0.016364969210115876,817,0.0,0.03,0.0
u_50997,0.09333006946107622,817,0.0,0.266,0.0
u_50998,0.0028360786723384828,817,0.0,0.006,0.0
u_50999,0.28290560526371844,817,0.0,0.705,0.0
u_51000,0.01168237393916901,817,0.0,0.021,0.0
u_51001,0.5238117911513643,817,0.0,0.787,0.0
u_51002,0.6119183786582918,817,0.0,0.787,0.0
u_51003,0.21330932682091686,120,0.0,0.85,0.0
u_51004,0.09654174062789549,120,0.0,0.12,0.0
u_51005,0.03132315393555982,120,0.0,0.044,0.0
u_51006,0.006496348318820976,120,0.0,0.008,0.0
u_51007,0.0008902126283298972,120,0.0,0.001,0.0
u_51008,0.0006781063455255544,120,0.0,0.002,0.0
u_51009,0.35304549556641474,120,0.0,0.466,0.0
u_51010,0.01597174292559394,120,0.0,0.023,0.0
u_51011,0.0006141512133278394,120,0.0,0.001,0.0
u_51012,0.0006157352471111443,120,0.0,0.002,0.0
u_51013,0.029349767019135907,120,0.0,0.097,0.0
u_51014,0.0002452683145945207,120,0.0,0.001,0.0
u_51015,0.00043641455610797796,120,0.0,0.002,0.0
u_51016,0.0013284666425790982,120,0.0,0.002,0.0
u_51017,0.03380205128189576,120,0.0,0.048,0.0
u_51018,0.008693595443201299,120,0.0,0.013,0.0
u_51019,0.019941710448804578,120,0.0,0.027,0.0
u_51020,0.44737734921350114,120,0.0,0.787,0.0
u_51021,0.6343874327357616,120,0.0,0.787,0.0
u_51022,0.36681091390837506,120,0.0,0.787,0.0
u_51023,0.011102964105858891,120,0.0,0.027,0.0
u_51024,0.0020516809410348175,120,0.0,0.005,0.0
u_51025,0.0015406119742773054,120,0.0,0.005,0.0
u_51026,0.020157927505372805,120,0.0,0.05,0.0
u_51027,0.0003323700117714453,120,0.0,0.001,0.0
u_51028,0.03295757588237748,120,0.0,0.072,0.0
u_51029,0.0001948004456492604,120,0.0,0.001,0.0
u_51030,0.002200803347502668,120,0.0,0.005,0.0
u_51031,0.00028364196327180006,120,0.0,0.001,0.0
u_51032,0.2217229886993511,120,0.0,0.631,0.0
u_51033,0.00046750086343204795,120,0.0,0.001,0.0
u_51034,0.2819107717822491,120,0.0,0.787,0.0
u_51035,0.31543846828383226,120,0.0,0.787,0.0
u_51036,0.48475355953868393,120,0.0,0.787,0.0
u_51037,0.0809594440986975,177,0.0,0.202,0.0
u_51038,0.0028159103059258485,177,0.0,0.007,0.0
u_51039,0.37312683069069447,177,0.0,0.617,0.0
u_51040,0.003451129876332499,177,0.0,0.011,0.0
u_51041,0.011395336160736754,339,0.0,0.057,0.0
u_51042,0.0006361248580547043,177,0.0,0.001,0.0
u_51043,0.004211877929437307,177,0.0,0.008,0.0
u_51044,0.00030017814560109494,177,0.0,0.001,0.0
u_51045,0.02537040646179314,177,0.0,0.084,0.0
u_51046,0.0014796383515831813,177,0.0,0.003,0.0
u_51047,0.0005165542639549731,177,0.0,0.001,0.0
u_51048,0.013489104791528045,177,0.0,0.045,0.0
u_51049,0.48533722654190015,177,0.0,0.787,0.0
u_51050,0.4011819189985148,177,0.0,0.787,0.0
u_51051,0.4000327066349726,177,0.0,0.787,0.0
u_51052,0.007309235977784188,339,0.0,0.024,0.0
u_51053,0.051950920685614965,339,0.0,0.172,0.0
u_51054,0.00879945646443797,339,0.0,0.035,0.0
u_51055,0.0007739830732347478,339,0.0,0.002,0.0
u_51056,0.0004876517979952931,339,0.0,0.001,0.0
u_51057,0.001443071619085558,339,0.0,0.007,0.0
u_51058,0.1201142537347879,339,0.0,0.218,0.0
u_51059,0.01015297809217155,339,0.0,0.033,0.0
u_51060,0.07086722150197264,339,0.0,0.232,0.0
u_51061,0.0020400580752574942,339,0.0,0.003,0.0
u_51062,0.0006160326917083303,339,0.0,0.002,0.0
u_51063,0.0015643737378452142,339,0.0,0.003,0.0
u_51064,0.0032290864645522907,339,0.0,0.007,0.0
u_51065,0.03772899423072711,339,0.0,0.083,0.0
u_51066,0.40584295352424,339,0.0,0.787,0.0
u_51067,0.3981719331664992,339,0.0,0.787,0.0
u_51068,0.5206521471225228,339,0.0,0.787,0.0
u_51069,0.4301882763448043,289,0.0,0.953,0.0
u_51070,0.1332356499629557,289,0.0,0.854,0.0
u_51071,0.1606729245152063,289,0.0,0.289,0.0
u_51072,0.038520236527537936,289,0.0,0.109,0.0
u_51073,0.1846276252367617,289,0.0,0.306,0.0
u_51074,0.0036433917585898925,289,0.0,0.006,0.0
u_51075,0.009065928820319752,289,0.0,0.016,0.0
u_51076,0.0011179864142917362,289,0.0,0.002,0.0
u_51077,0.015480030756560612,289,0.0,0.031,0.0
u_51078,0.21147171150563374,289,0.0,0.301,0.0
u_51079,0.0056438789436386114,289,0.0,0.013,0.0
u_51080,0.00023689729631813655,289,0.0,0.001,0.0
u_51081,0.0009266435784414285,289,0.0,0.002,0.0
u_51082,0.012741550033775195,289,0.0,0.025,0.0
u_51083,0.04265623965269102,289,0.0,0.076,0.0
u_51084,0.03999392074852107,289,0.0,0.073,0.0
u_51085,0.031777052451202284,289,0.0,0.106,0.0
u_51086,0.5598364125931764,289,0.0,0.787,0.0
u_51087,0.5281325495672177,289,0.0,0.787,0.0
u_51088,0.05542043233079244,1131,0.0,0.184,0.0
u_51089,0.000532628892882561,1131,0.0,0.002,0.0
u_51090,0.014637024398208829,1131,0.0,0.072,0.0
u_51091,0.001177542030987554,1131,0.0,0.003,0.0
u_51092,0.002376299560676904,1131,0.0,0.006,0.0
u_51093,0.013909764677230632,1131,0.0,0.046,0.0
u_51094,0.0012035454079276327,1131,0.0,0.003,0.0
u_51095,0.19313680240904435,1131,0.0,0.641,0.0
u_51096,0.01573260365949998,1131,0.0,0.045,0.0
u_51097,0.0025716975822521583,1131,0.0,0.006,0.0
u_51098,0.002627478561754111,1131,0.0,0.007,0.0
u_51099,0.010922730515078721,1131,0.0,0.031,0.0
u_51100,0.4407715056367627,1131,0.0,0.787,0.0
u_51101,0.32746354079855344,1131,0.0,0.787,0.0
u_51102,0.003159443814410464,394,0.0,0.006,0.0
u_51103,0.404811590832712,394,0.0,0.805,0.0
u_51104,0.003720555452650585,394,0.0,0.008,0.0
u_51105,0.08882240392979492,394,0.0,0.147,0.0
u_51106,0.039423167724732026,394,0.0,0.061,0.0
u_51107,0.10819634880161477,394,0.0,0.215,0.0
u_51108,0.003233073194880299,394,0.0,0.011,0.0
u_51109,0.02863738882167946,394,0.0,0.071,0.0
u_51110,0.019116840292054953,394,0.0,0.038,0.0
u_51111,0.005457092888280042,394,0.0,0.009,0.0
u_51112,0.00869755345448146,394,0.0,0.019,0.0
u_51113,0.05385096275292165,394,0.0,0.089,0.0
u_51114,0.03183430900508837,394,0.0,0.07,0.0
u_51115,0.07813478268581832,394,0.0,0.155,0.0
u_51116,0.22526351643047363,394,0.0,0.639,0.0
u_51117,0.000728511745254832,394,0.0,0.001,0.0
u_51118,0.04291217808611606,394,0.0,0.095,0.0
u_51119,0.0006037542312339869,394,0.0,0.001,0.0
u_51120,0.29225817327886844,394,0.0,0.526,0.0
u_51121,0.5669706984437552,394,0.0,0.787,0.0
u_51122,0.6886959953952849,394,0.0,0.787,0.0
u_51123,0.001228541559524349,597,0.0,0.004,0.0
u_51124,0.0003711063082494363,597,0.0,0.001,0.0
u_51125,0.1799533874307393,597,0.0,0.399,0.0
u_51126,0.08082843645342341,597,0.0,0.228,0.0
u_51127,0.36547789998952324,597,0.0,0.911,0.0
u_51128,0.13032193982358675,597,0.0,0.216,0.0
u_51129,0.01644250289936361,597,0.0,0.036,0.0
u_51130,0.0021931480421136175,597,0.0,0.005,0.0
u_51131,0.2138039532769419,597,0.0,0.326,0.0
u_51132,0.07958581261973201,597,0.0,0.159,0.0
u_51133,0.002212019198999022,597,0.0,0.004,0.0
u_51134,0.21289578139170293,597,0.0,0.423,0.0
u_51135,0.041205367827688806,597,0.0,0.137,0.0
u_51136,0.3405994301865578,597,0.0,0.971,0.0
u_51137,0.0034486657611010217,597,0.0,0.007,0.0
u_51138,0.1651539939643981,597,0.0,0.274,0.0
u_51139,0.20548336004376988,597,0.0,0.456,0.0
u_51140,0.6092901688797049,597,0.0,0.787,0.0
u_51141,0.4797132645546014,597,0.0,0.787,0.0
u_51142,0.43968004776926706,597,0.0,0.787,0.0
u_51143,0.32607089055918553,476,0.0,0.803,0.0
u_51144,0.004458192422665479,476,0.0,0.01,0.0
u_51145,0.19414192422980814,476,0.0,0.64,0.0
u_51146,0.00021723006876837227,476,0.0,0.001,0.0
u_51147,0.0008627518174937818,476,0.0,0.002,0.0
u_51148,0.023892370109774328,476,0.0,0.047,0.0
u_51149,0.2887238387759031,476,0.0,0.522,0.0
u_51150,0.03869499024579734,476,0.0,0.127,0.0
u_51151,0.0010713213941136303,476,0.0,0.003,0.0
u_51152,0.024797584995548943,476,0.0,0.099,0.0
u_51153,0.03051345056891924,476,0.0,0.061,0.0
u_51154,0.0016623345670958624,476,0.0,0.004,0.0
u_51155,0.2656756581933573,476,0.0,0.662,0.0
u_51156,0.30067362757879323,476,0.0,0.747,0.0
u_51157,0.03754705750813941,476,0.0,0.106,0.0
u_51158,0.562200243588496,476,0.0,0.787,0.0
u_51159,0.5696343335946448,476,0.0,0.787,0.0
u_51160,0.24299209092031468,228,0.0,0.691,0.0
u_51161,0.015622054276813513,228,0.0,0.044,0.0
u_51162,0.00040334143420035757,228,0.0,0.001,0.0
u_51163,0.03946610587060234,228,0.0,0.129,0.0
u_51164,0.42329502260920226,228,0.0,0.845,0.0
u_51165,0.006107366425978531,228,0.0,0.009,0.0
u_51166,0.004962450125495896,228,0.0,0.012,0.0
u_51167,0.004548448479255845,228,0.0,0.015,0.0
u_51168,0.0013941978391307749,228,0.0,0.003,0.0
u_51169,0.032593159076485925,228,0.0,0.05,0.0
u_51170,0.0008554704923749556,228,0.0,0.002,0.0
u_51171,0.006130646271533743,228,0.0,0.02,0.0
u_51172,0.34664145017520615,228,0.0,0.766,0.0
u_51173,0.014782958955503304,228,0.0,0.024,0.0
u_51174,0.018387526095027508,228,0.0,0.033,0.0
u_51175,0.04474709316022324,228,0.0,0.11,0.0
u_51176,0.2995415137903087,228,0.0,0.664,0.0
u_51177,0.05282108797387767,228,0.0,0.116,0.0
u_51178,0.000530900164683051,228,0.0,0.001,0.0
u_51179,0.6434769558603447,228,0.0,0.787,0.0
u_51180,0.6924337381641265,228,0.0,0.787,0.0
u_51181,0.008628085923385133,1662,0.0,0.034,0.0
u_51182,0.0027107932185711048,1662,0.0,0.007,0.0
u_51183,0.013284779556365908,1662,0.0,0.033,0.0
u_51184,0.003918602559788282,1662,0.0,0.009,0.0
u_51185,0.013445196442750298,1662,0.0,0.033,0.0
u_51186,0.010146855423477938,1662,0.0,0.033,0.0
u_51187,0.005880612188693233,1662,0.0,0.012,0.0
u_51188,0.17418192791418896,1662,0.0,0.694,0.0
u_51189,0.12011582834721193,1662,0.0,0.393,0.0
u_51190,0.1527155156864818,1662,0.0,0.276,0.0
u_51191,0.0031202112216520777,1662,0.0,0.01,0.0
u_51192,0.0016580954462548211,1662,0.0,0.004,0.0
u_51193,0.00625110692696767,1662,0.0,0.012,0.0
u_51194,0.48785720419733697,1662,0.0,0.787,0.0
u_51195,0.32348465888750466,1662,0.0,0.787,0.0
u_51196,0.0938340835075621,1231,0.0,0.234,0.0
u_51197,0.013946394533184551,1231,0.0,0.046,0.0
u_51198,0.06608077015610274,1231,0.0,0.259,0.0
u_51199,0.0749772881406788,1231,0.0,0.295,0.0
u_51200,0.002663365418070867,1231,0.0,0.005,0.0
u_51201,0.14376955282096132,1231,0.0,0.358,0.0
u_51202,0.0010829828732109833,1231,0.0,0.002,0.0
u_51203,0.005168784711372258,1231,0.0,0.009,0.0
u_51204,0.13152765262946176,1231,0.0,0.289,0.0
u_51205,0.1408037907948083,1231,0.0,0.463,0.0
u_51206,0.003083303562569611,1231,0.0,0.007,0.0
u_51207,0.1394630940506659,1231,0.0,0.306,0.0
u_51208,0.006605143243189053,1231,0.0,0.011,0.0
u_51209,0.07249351854681442,1231,0.0,0.206,0.0
u_51210,0.5216620535114344,1231,0.0,0.787,0.0
u_51211,0.643763375183846,1231,0.0,0.787,0.0
u_51212,0.0957346567840808,110,0.0,0.318,0.0
u_51213,0.07003700772448052,110,0.0,0.153,0.0
u_51214,0.363608214975325,110,0.0,0.605,0.0
u_51215,0.12286183439371286,110,0.0,0.244,0.0
u_51216,0.003009799538200625,110,0.0,0.009,0.0
u_51217,0.006958425800434762,110,0.0,0.027,0.0
u_51218,0.2090734239449109,110,0.0,0.593,0.0
u_51219,0.0701081238917696,110,0.0,0.199,0.0
u_51220,0.00024232921780442584,110,0.0,0.001,0.0
u_51221,0.021912889103079168,110,0.0,0.107,0.0
u_51222,0.0005380582643791476,110,0.0,0.002,0.0
u_51223,0.006888243138537547,110,0.0,0.02,0.0
u_51224,0.008413202389720346,110,0.0,0.019,0.0
u_51225,0.3662472329608411,110,0.0,0.787,0.0
u_51226,0.4448406180562561,110,0.0,0.787,0.0
u_51227,0.05570479923020685,323,0.0,0.092,0.0
u_51228,0.24267700705922968,323,0.0,0.402,0.0
u_51229,0.17025721962744744,323,0.0,0.282,0.0
u_51230,0.008674408893589745,323,0.0,0.016,0.0
u_51231,0.0013115900410806097,323,0.0,0.002,0.0
u_51232,0.07292600284666195,323,0.0,0.162,0.0
u_51233,0.02153912616039436,323,0.0,0.072,0.0
u_51234,0.0025582626606134107,323,0.0,0.004,0.0
u_51235,0.004041896609185224,323,0.0,0.006,0.0
u_51236,0.1338260751622743,323,0.0,0.334,0.0
u_51237,0.0012334509527286471,323,0.0,0.004,0.0
u_51238,0.022302807159679017,323,0.0,0.04,0.0
u_51239,0.0006247906425933203,323,0.0,0.001,0.0
u_51240,0.0044092702253277815,323,0.0,0.015,0.0
u_51241,0.002975639662203584,323,0.0,0.005,0.0
u_51242,0.0004623628285717147,323,0.0,0.001,0.0
u_51243,0.0007424006808516312,323,0.0,0.001,0.0
u_51244,0.0015121736811078415,323,0.0,0.006,0.0
u_51245,0.004040184750227812,323,0.0,0.009,0.0
u_51246,0.01029404211604769,323,0.0,0.017,0.0
u_51247,0.36372783919549156,323,0.0,0.787,0.0
u_51248,0.44296336054963265,323,0.0,0.787,0.0
u_51249,0.6086475666156358,323,0.0,0.787,0.0
u_51250,0.27765137040833243,3,0.0,0.688,0.0
u_51251,0.005279172901566498,3,0.0,0.012,0.0
u_51252,0.0015792239531872746,3,0.0,0.003,0.0
u_51253,0.0049756146759329075,3,0.0,0.049,0.0
u_51254,0.0004787203148162232,3,0.0,0.001,0.0
u_51255,0.0006529605723737672,3,0.0,0.001,0.0
u_51256,0.008641653653369481,3,0.0,0.021,0.0
u_51257,0.00033758821160308265,3,0.0,0.001,0.0
u_51258,0.0021956956846597795,3,0.0,0.005,0.0
u_51259,0.0005173727929042412,3,0.0,0.001,0.0
u_51260,0.0017525163967679496,3,0.0,0.003,0.0
u_51261,0.001232600635270028,3,0.0,0.003,0.0
u_51262,0.00151767998433268,3,0.0,0.002,0.0
u_51263,0.48343813097424027,3,0.0,0.787,0.0
u_51264,0.6466280974627359,3,0.0,0.787,0.0
u_51265,0.05093436035012474,1528,0.0,0.249,0.0
u_51266,0.005393662301745484,1528,0.0,0.015,0.0
u_51267,0.11428779373081425,1528,0.0,0.252,0.0
u_51268,0.01968236334282409,1528,0.0,0.043,0.0
u_51269,0.005054701983478771,1528,0.0,0.009,0.0
u_51270,0.03925372670756996,1528,0.0,0.112,0.0
u_51271,0.0016497356653617358,1528,0.0,0.004,0.0
u_51272,0.0534634917908829,1528,0.0,0.133,0.0
u_51273,0.012526095987364441,1528,0.0,0.023,0.0
u_51274,0.005309441977379081,1528,0.0,0.011,0.0
u_51275,0.003478767626164314,1528,0.0,0.01,0.0
u_51276,0.03548014427303669,1528,0.0,0.078,0.0
u_51277,0.16368085129750579,1528,0.0,0.406,0.0
u_51278,0.023806010401413773,1528,0.0,0.047,0.0
u_51279,0.0008611752321086742,1528,0.0,0.003,0.0
u_51280,0.41197812928869404,1528,0.0,0.787,0.0
u_51281,0.6021718228922585,1528,0.0,0.787,0.0
u_51282,0.05698352856513913,279,0.0,0.103,0.0
u_51283,0.0018140690467816569,279,0.0,0.004,0.0
u_51284,0.002469603932446945,279,0.0,0.008,0.0
u_51285,0.09970805650885825,279,0.0,0.484,0.0
u_51286,0.207619149281552,279,0.0,0.683,0.0
u_51287,0.0004634020816348932,279,0.0,0.001,0.0
u_51288,0.020987610853730083,279,0.0,0.047,0.0
u_51289,0.01487838579968408,279,0.0,0.037,0.0
u_51290,0.007953598361063453,279,0.0,0.018,0.0
u_51291,0.0005338680242327987,279,0.0,0.002,0.0
u_51292,0.44182657579976137,279,0.0,0.787,0.0
u_51293,0.35917878262677405,279,0.0,0.787,0.0
u_51294,0.3198355017170076,279,0.0,0.787,0.0
u_51295,0.14120238253618028,1464,0.0,0.4,0.0
u_51296,0.04581709059988846,1464,0.0,0.076,0.0
u_51297,0.001450819521185297,1464,0.0,0.003,0.0
u_51298,0.34299019603484915,1464,0.0,0.962,0.0
u_51299,0.1419672076546906,1464,0.0,0.401,0.0
u_51300,0.006972429957918499,1464,0.0,0.017,0.0
u_51301,0.06420115865282007,1464,0.0,0.16,0.0
u_51302,0.1193966832381293,1464,0.0,0.337,0.0
u_51303,0.005171095785622208,1464,0.0,0.011,0.0
u_51304,0.31173759768239173,311,0.0,0.889,0.0
u_51305,0.014813542036673014,1464,0.0,0.033,0.0
u_51306,0.015168918600352955,1464,0.0,0.043,0.0
u_51307,0.24206301057696383,1464,0.0,0.787,0.0
u_51308,0.4432998394455957,1464,0.0,0.787,0.0
u_51309,0.4067978762692372,1464,0.0,0.787,0.0
u_51310,0.10413910193704934,110,0.0,0.148,0.0
u_51311,0.022043799711454256,110,0.0,0.086,0.0
u_51312,0.1772632690696928,110,0.0,0.235,0.0
u_51313,0.01239541182932441,110,0.0,0.015,0.0
u_51314,0.004648471426946566,110,0.0,0.005,0.0
u_51315,0.14446722815343854,110,0.0,0.48,0.0
u_51316,0.0030986008480993602,110,0.0,0.004,0.0
u_51317,0.17791026076219563,110,0.0,0.237,0.0
u_51318,0.008182310332928317,110,0.0,0.053,0.0
u_51319,0.010939424801792693,110,0.0,0.022,0.0
u_51320,0.024925451757641603,110,0.0,0.029,0.0
u_51321,0.07897846405653626,110,0.0,0.113,0.0
u_51322,0.00047601935410939073,110,0.0,0.002,0.0
u_51323,0.08701405735938669,110,0.0,0.109,0.0
u_51324,0.05265058852532624,110,0.0,0.065,0.0
u_51325,0.009015159110226406,110,0.0,0.01,0.0
u_51326,0.053729534765977124,110,0.0,0.179,0.0
u_51327,0.0027184569876911435,110,0.0,0.003,0.0
u_51328,0.022539750949869007,110,0.0,0.028,0.0
u_51329,0.4917004451796801,110,0.0,0.787,0.0
u_51330,0.7184063350344361,110,0.718,0.787,1.0
u_51331,0.23168696074723044,1368,0.0,0.761,0.0
u_51332,0.029784411235189354,1368,0.0,0.099,0.0
u_51333,0.018462389775344572,1368,0.0,0.06,0.0
u_51334,0.006456933776324728,1368,0.0,0.026,0.0
u_51335,0.016612280661807696,1368,0.0,0.033,0.0
u_51336,0.011952535512441052,1368,0.0,0.026,0.0
u_51337,0.002495435601841066,1368,0.0,0.006,0.0
u_51338,0.0011438117906242486,1368,0.0,0.003,0.0
u_51339,0.0019486707938311356,1368,0.0,0.006,0.0
u_51340,0.18949693581472027,1368,0.0,0.42,0.0
u_51341,0.004218212487055614,1368,0.0,0.017,0.0
u_51342,0.0015722746169411041,432,0.0,0.005,0.0
u_51343,0.40120913912940587,1368,0.0,0.787,0.0
u_51344,0.3637271364793073,1368,0.0,0.787,0.0
u_51345,0.2431769377452499,1368,0.0,0.787,0.0
u_51346,0.00181844707561115,121,0.0,0.005,0.0
u_51347,0.43418620475775627,121,0.0,0.788,0.0
u_51348,0.0005927884924147855,121,0.0,0.004,0.0
u_51349,0.008386713854275652,121,0.0,0.019,0.0
u_51350,0.2421318997492757,121,0.0,0.537,0.0
u_51351,0.0004901658532916434,121,0.0,0.001,0.0
u_51352,0.041308813156512185,121,0.0,0.201,0.0
u_51353,0.388181414345525,121,0.0,0.592,0.0
u_51354,0.26474569886640464,121,0.0,0.528,0.0
u_51355,0.011984708639166784,121,0.0,0.021,0.0
u_51356,0.011304033482063483,121,0.0,0.056,0.0
u_51357,0.02409240532754002,121,0.0,0.12,0.0
u_51358,0.0006676215902812485,121,0.0,0.001,0.0
u_51359,0.5581128200860908,121,0.0,0.787,0.0
u_51360,0.408203672190254,121,0.0,0.787,0.0
u_51361,0.00032613156259059126,121,0.0,0.001,0.0
u_51362,0.0008454923162685187,121,0.0,0.001,0.0
u_51363,0.0038990869293269908,121,0.0,0.011,0.0
u_51364,0.0004497700091596745,121,0.0,0.001,0.0
u_51365,0.11649271163167481,121,0.0,0.386,0.0
u_51366,0.29964413672685813,121,0.0,0.747,0.0
u_51367,0.05358009764726773,121,0.0,0.107,0.0
u_51368,0.10726995178324876,121,0.0,0.195,0.0
u_51369,0.09944025444405995,121,0.0,0.324,0.0
u_51370,0.4925943285234276,121,0.0,0.811,0.0
u_51371,0.02349405249564623,121,0.0,0.042,0.0
u_51372,0.0002939156847582789,121,0.0,0.001,0.0
u_51373,0.3153588217438576,121,0.0,0.572,0.0
u_51374,0.05026552370722814,121,0.0,0.111,0.0
u_51375,0.06308021639185943,121,0.0,0.105,0.0
u_51376,0.0032626436733521245,121,0.0,0.011,0.0
u_51377,0.44108602595878904,121,0.0,0.787,0.0
u_51378,0.4841118212935749,121,0.0,0.787,0.0
u_51379,0.5609999631705944,121,0.0,0.787,0.0
